ctd/tests/data/CTD/g01l04s03m.ros
* Sea-Bird SBE 9 Data File:
* FileName = D:\CTD DATA\2013\PE13-01 DiMarco\G01L04S03M.hex
* Software Version Seasave V 7.21g
* Temperature SN = 4515
* Conductivity SN = 3079
* Number of Bytes Per Scan = 40
* Number of Voltage Words = 5
* Number of Scans Averaged by the Deck Unit = 1
* NMEA Latitude = 28 29.20 N
* NMEA Longitude = 088 30.11 W
* NMEA UTC (Time) = Jul 06 2012  23:35:45
* NMEA baud rate = 4800
# nquan = 31
# nvalues = 588                                   
# units = specified
# name 0 = altM: Altimeter [m]
# name 1 = bat: Beam Attenuation, Chelsea/Seatech [1/m]
# name 2 = bpos: Bottle Position in Carousel
# name 3 = c0S/m: Conductivity [S/m]
# name 4 = dz/dtM: Descent Rate [m/s]
# name 5 = wetCDOM: Fluorescence, WET Labs CDOM [mg/m^3]
# name 6 = latitude: Latitude [deg]
# name 7 = longitude: Longitude [deg]
# name 8 = sbeox0Mm/Kg: Oxygen, SBE 43 [umol/kg]
# name 9 = sbeox1Mm/Kg: Oxygen, SBE 43, 2 [umol/kg]
# name 10 = oxsolMm/Kg: Oxygen Saturation, Garcia & Gordon [umol/kg]
# name 11 = oxsatMm/Kg: Oxygen Saturation, Weiss [umol/kg]
# name 12 = par: PAR/Irradiance, Biospherical/Licor
# name 13 = pla: Plume Anomaly
# name 14 = prDM: Pressure, Digiquartz [db]
# name 15 = pumps: Pump Status
# name 16 = scan: Scan Count
# name 17 = sva: Specific Volume Anomaly [10^-8 * m^3/kg]
# name 18 = t090C: Temperature [ITS-90, deg C]
# name 19 = t190C: Temperature, 2 [ITS-90, deg C]
# name 20 = tsa: Thermosteric Anomaly [10^-8 * m^3/kg]
# name 21 = timeS: Time, Elapsed [seconds]
# name 22 = v0: Voltage 0
# name 23 = v1: Voltage 1
# name 24 = v2: Voltage 2
# name 25 = v3: Voltage 3
# name 26 = v4: Voltage 4
# name 27 = v5: Voltage 5
# name 28 = sbeox0V: Oxygen raw, SBE 43 [V]
# name 29 = nbf: Bottles Fired
# name 30 = flag:  0.000e+00
# interval = seconds: 0.0416667
# start_time = Jul 06 2012 23:35:45 [NMEA time, header]
# bad_flag = -9.990e-29
*END*
       6.50     0.0548          1   3.347054     -1.737     3.4198   28.48296  -88.51346    218.087    184.704  312.73663  313.52014 1.2766e-01 4.1540e+00   1569.036          1      74110     51.080     4.2828     4.2824     35.613   3087.875     1.8291     1.7253     0.3248     4.6044     0.0317     0.2088     1.8291          1  0.000e+00
       6.52     0.0548          1   3.347067      1.739     3.4198   28.48296  -88.51346    218.089    184.706  312.73685  313.52038 1.2766e-01 4.1539e+00   1569.108          1      74111     51.064     4.2828     4.2824     35.596   3087.917     1.8291     1.7253     0.3260     4.6044     0.0317     0.2088     1.8291          1  0.000e+00
       6.52     0.0548          1   3.347073     -1.216     3.4198   28.48296  -88.51346    218.087    184.704  312.73613  313.51965 1.2766e-01 4.1540e+00   1569.058          1      74112     51.065     4.2828     4.2826     35.597   3087.958     1.8291     1.7253     0.3260     4.6044     0.0317     0.2088     1.8291          1  0.000e+00
       6.52     0.0537          1   3.347073      0.870     3.4198   28.48296  -88.51346    218.089    184.706  312.73714  313.52070 1.2802e-01 4.1538e+00   1569.094          1      74113     51.049     4.2827     4.2822     35.581   3088.000     1.8291     1.7253     0.3260     4.6056     0.0330     0.2088     1.8291          1  0.000e+00
       6.50     0.0548          1   3.347073      0.349     3.4198   28.48296  -88.51346    217.888    184.520  312.73740  313.52097 1.2766e-01 4.1537e+00   1569.108          1      74114     51.045     4.2826     4.2824     35.577   3088.042     1.8278     1.7241     0.3248     4.6044     0.0317     0.2088     1.8278          1  0.000e+00
       6.52     0.0537          1   3.347073     -0.347     3.4198   28.48296  -88.51346    218.089    184.519  312.73714  313.52070 1.2766e-01 4.1538e+00   1569.094          1      74115     51.049     4.2827     4.2824     35.581   3088.083     1.8291     1.7241     0.3260     4.6056     0.0317     0.2088     1.8291          1  0.000e+00
       6.52     0.0548          1   3.347054      0.348     3.3893   28.48296  -88.51346    218.088    184.706  312.73598  313.51947 1.2766e-01 4.1541e+00   1569.108          1      74116     51.096     4.2830     4.2823     35.628   3088.125     1.8291     1.7253     0.3260     4.6044     0.0317     0.2076     1.8291          1  0.000e+00
       6.47     0.0548          1   3.347067      0.001     3.4198   28.48296  -88.51346    218.089    184.519  312.73758  313.52114 1.2766e-01 4.1537e+00   1569.108          1      74117     51.051     4.2826     4.2826     35.583   3088.167     1.8291     1.7241     0.3236     4.6044     0.0317     0.2088     1.8291          1  0.000e+00
       6.47     0.0548          1   3.347073      0.870     3.4198   28.48296  -88.51346    218.089    184.706  312.73550  313.51900 1.2766e-01 4.1541e+00   1569.145          1      74118     51.082     4.2830     4.2824     35.613   3088.208     1.8291     1.7253     0.3236     4.6044     0.0317     0.2088     1.8291          1  0.000e+00
       6.47     0.0537          1   3.347073     -0.868     3.3587   28.48296  -88.51346    218.088    184.706  312.73594  313.51946 1.2766e-01 4.1540e+00   1569.108          1      74119     51.071     4.2829     4.2823     35.603   3088.250     1.8291     1.7253     0.3236     4.6056     0.0317     0.2063     1.8291          1  0.000e+00
       6.47     0.0537          1   3.347073      0.001     3.3282   28.48296  -88.51346    218.088    184.705  312.73619  313.51971 1.2802e-01 4.1540e+00   1569.109          1      74120     51.067     4.2828     4.2826     35.599   3088.292     1.8291     1.7253     0.3236     4.6056     0.0330     0.2051     1.8291          1  0.000e+00
       6.45     0.0548          1   3.347073      0.870     3.2977   28.48296  -88.51346    218.089    184.706  312.73623  313.51975 1.2766e-01 4.1540e+00   1569.145          1      74121     51.069     4.2828     4.2824     35.600   3088.333     1.8291     1.7253     0.3223     4.6044     0.0317     0.2039     1.8291          1  0.000e+00
       6.42     0.0548          1   3.347073     -0.868     3.3282   28.48296  -88.51346    218.089    184.705  312.73667  313.52021 1.2802e-01 4.1539e+00   1569.109          1      74122     51.058     4.2828     4.2826     35.590   3088.375     1.8291     1.7253     0.3211     4.6044     0.0330     0.2051     1.8291          1  0.000e+00
       6.42     0.0537          1   3.347073      0.870     3.3282   28.48296  -88.51346    218.089    184.707  312.73550  313.51900 1.2766e-01 4.1541e+00   1569.145          1      74123     51.082     4.2830     4.2823     35.613   3088.417     1.8291     1.7253     0.3211     4.6056     0.0317     0.2051     1.8291          1  0.000e+00
       6.42     0.0537          1   3.347073     -0.868     3.3282   28.48296  -88.51346    218.089    184.705  312.73667  313.52021 1.2766e-01 4.1539e+00   1569.109          1      74124     51.058     4.2828     4.2826     35.590   3088.458     1.8291     1.7253     0.3211     4.6056     0.0317     0.2051     1.8291          1  0.000e+00
       6.40     0.0548          1   3.347099      1.391     3.3282   28.48296  -88.51346    218.090    184.706  312.73556  313.51909 1.2766e-01 4.1540e+00   1569.167          1      74125     51.048     4.2828     4.2824     35.579   3088.500     1.8291     1.7253     0.3199     4.6044     0.0317     0.2051     1.8291          1  0.000e+00
       6.40     0.0548          1   3.347061     -0.521     3.3282   28.48296  -88.51346    217.888    184.705  312.73658  313.52009 1.2766e-01 4.1540e+00   1569.145          1      74126     51.079     4.2828     4.2827     35.611   3088.542     1.8278     1.7253     0.3199     4.6044     0.0317     0.2051     1.8278          1  0.000e+00
       6.37     0.0548          1   3.347067     -0.868     3.3282   28.48296  -88.51346    218.088    184.704  312.73612  313.51963 1.2766e-01 4.1540e+00   1569.109          1      74127     51.077     4.2829     4.2826     35.609   3088.583     1.8291     1.7253     0.3187     4.6044     0.0317     0.2051     1.8291          1  0.000e+00
       6.37     0.0548          1   3.347073      0.001     3.3282   28.48296  -88.51346    218.088    184.705  312.73619  313.51971 1.2694e-01 4.1540e+00   1569.109          1      74128     51.067     4.2828     4.2826     35.599   3088.625     1.8291     1.7253     0.3187     4.6044     0.0293     0.2051     1.8291          1  0.000e+00
       6.37     0.0548          1   3.347073      2.260     3.3282   28.48296  -88.51346    218.091    184.707  312.73629  313.51982 1.2766e-01 4.1540e+00   1569.203          1      74129     51.071     4.2828     4.2826     35.602   3088.667     1.8291     1.7253     0.3187     4.6044     0.0317     0.2051     1.8291          1  0.000e+00
       6.40     0.0537          1   3.347099     -2.259     3.2977   28.48296  -88.51346    218.088    184.519  312.73598  313.51953 1.2766e-01 4.1539e+00   1569.109          1      74130     51.037     4.2828     4.2824     35.568   3088.708     1.8291     1.7241     0.3199     4.6056     0.0317     0.2039     1.8291          1  0.000e+00
       6.37     0.0537          1   3.347061      0.870     3.3282   28.48296  -88.51346    218.090    184.706  312.73755  313.52110 1.2766e-01 4.1538e+00   1569.145          1      74131     51.062     4.2827     4.2826     35.594   3088.750     1.8291     1.7253     0.3187     4.6056     0.0317     0.2051     1.8291          1  0.000e+00
       6.37     0.0548          1   3.347067      0.522     3.3282   28.48296  -88.51346    217.889    184.707  312.73691  313.52045 1.2766e-01 4.1539e+00   1569.167          1      74132     51.066     4.2828     4.2824     35.598   3088.792     1.8278     1.7253     0.3187     4.6044     0.0317     0.2051     1.8278          1  0.000e+00
       6.35     0.0537          1   3.347054      0.001     3.3282   28.48296  -88.51346    217.890    184.707  312.73775  313.52129 1.2766e-01 4.1538e+00   1569.167          1      74133     51.068     4.2827     4.2826     35.600   3088.833     1.8278     1.7253     0.3175     4.6056     0.0317     0.2051     1.8278          1  0.000e+00
       6.37     0.0537          1   3.347067     -0.521     3.3282   28.48296  -88.51346    218.090    184.705  312.73640  313.51992 1.2802e-01 4.1540e+00   1569.145          1      74134     51.074     4.2828     4.2826     35.606   3088.875     1.8291     1.7253     0.3187     4.6056     0.0330     0.2051     1.8291          1  0.000e+00
       6.37     0.0537          1   3.347054     -0.868     3.3282   28.48296  -88.51346    218.090    184.705  312.73792  313.52148 1.2766e-01 4.1537e+00   1569.109          1      74135     51.062     4.2826     4.2824     35.594   3088.917     1.8291     1.7253     0.3187     4.6056     0.0317     0.2051     1.8291          1  0.000e+00
       6.37     0.0548          1   3.347067      0.870     3.3282   28.48296  -88.51346    218.090    184.706  312.73640  313.51992 1.2766e-01 4.1540e+00   1569.145          1      74136     51.074     4.2828     4.2824     35.606   3088.958     1.8291     1.7253     0.3187     4.6044     0.0317     0.2051     1.8291          1  0.000e+00
       6.35     0.0537          1   3.347073      0.522     3.3282   28.48296  -88.51346    218.091    184.707  312.73795  313.52153 1.2766e-01 4.1536e+00   1569.167          1      74137     51.039     4.2825     4.2824     35.571   3089.000     1.8291     1.7253     0.3175     4.6056     0.0317     0.2051     1.8291          1  0.000e+00
       6.35     0.0537          1   3.347073     -1.390     3.3282   28.48296  -88.51346    218.089    184.706  312.73740  313.52097 1.2802e-01 4.1537e+00   1569.109          1      74138     51.045     4.2826     4.2824     35.577   3089.042     1.8291     1.7253     0.3175     4.6056     0.0330     0.2051     1.8291          1  0.000e+00
       6.37     0.0537          1   3.347054      0.870     3.3282   28.48296  -88.51346    218.090    184.706  312.73675  313.52027 1.2766e-01 4.1540e+00   1569.145          1      74139     51.085     4.2828     4.2826     35.617   3089.083     1.8291     1.7253     0.3187     4.6056     0.0317     0.2051     1.8291          1  0.000e+00
       6.37     0.0537          1   3.347067      0.522     3.3282   28.48296  -88.51346    218.091    184.707  312.73691  313.52045 1.2766e-01 4.1539e+00   1569.167          1      74140     51.066     4.2828     4.2824     35.598   3089.125     1.8291     1.7253     0.3187     4.6056     0.0317     0.2051     1.8291          1  0.000e+00
       6.32     0.0548          1   3.347054     -1.390     3.3282   28.48296  -88.51346    217.887    184.705  312.73671  313.52023 1.2766e-01 4.1540e+00   1569.109          1      74141     51.083     4.2828     4.2826     35.616   3089.167     1.8278     1.7253     0.3162     4.6044     0.0317     0.2051     1.8278          1  0.000e+00
       6.32     0.0537          1   3.347067      0.870     3.3282   28.48296  -88.51346    218.090    184.706  312.73737  313.52093 1.2766e-01 4.1538e+00   1569.145          1      74142     51.057     4.2827     4.2824     35.589   3089.208     1.8291     1.7253     0.3162     4.6056     0.0317     0.2051     1.8291          1  0.000e+00
       6.30     0.0537          1   3.347054     -0.868     3.3282   28.48296  -88.51346    218.089    184.704  312.73719  313.52073 1.2766e-01 4.1539e+00   1569.109          1      74143     51.075     4.2828     4.2827     35.607   3089.250     1.8291     1.7253     0.3150     4.6056     0.0317     0.2051     1.8291          1  0.000e+00
       6.30     0.0537          1   3.347048      0.870     3.3282   28.48296  -88.51346    218.090    184.707  312.73692  313.52044 1.2766e-01 4.1540e+00   1569.146          1      74144     51.090     4.2828     4.2824     35.622   3089.292     1.8291     1.7253     0.3150     4.6056     0.0317     0.2051     1.8291          1  0.000e+00
       6.32     0.0537          1   3.347048     -0.868     3.3282   28.48296  -88.51346    218.089    184.706  312.73737  313.52090 1.2766e-01 4.1539e+00   1569.109          1      74145     51.080     4.2828     4.2824     35.613   3089.333     1.8291     1.7253     0.3162     4.6056     0.0317     0.2051     1.8291          1  0.000e+00
       6.32     0.0548          1   3.347086      0.001     3.3587   28.48296  -88.51346    217.888    184.705  312.73754  313.52113 1.2766e-01 4.1536e+00   1569.109          1      74146     51.026     4.2825     4.2824     35.558   3089.375     1.8278     1.7253     0.3162     4.6044     0.0317     0.2063     1.8278          1  0.000e+00
       6.30     0.0548          1   3.347080     -0.347     3.3893   28.48296  -88.51346    217.887    184.705  312.73697  313.52053 1.2766e-01 4.1538e+00   1569.095          1      74147     51.044     4.2827     4.2826     35.576   3089.417     1.8278     1.7253     0.3150     4.6044     0.0317     0.2076     1.8278          1  0.000e+00
       6.32     0.0548          1   3.347073      0.348     3.3893   28.48296  -88.51346    217.888    184.705  312.73740  313.52097 1.2766e-01 4.1537e+00   1569.109          1      74148     51.045     4.2826     4.2826     35.577   3089.458     1.8278     1.7253     0.3162     4.6044     0.0317     0.2076     1.8278          1  0.000e+00
       6.32     0.0537          1   3.347073     -0.347     3.3893   28.48296  -88.51346    218.088    184.520  312.73617  313.51970 1.2766e-01 4.1540e+00   1569.095          1      74149     51.066     4.2828     4.2824     35.598   3089.500     1.8291     1.7241     0.3162     4.6056     0.0317     0.2076     1.8291          1  0.000e+00
       6.30     0.0537          1   3.347054      0.348     3.3893   28.48296  -88.51346    218.090    184.707  312.73768  313.52123 1.2839e-01 4.1538e+00   1569.109          1      74150     51.066     4.2827     4.2823     35.598   3089.542     1.8291     1.7253     0.3150     4.6056     0.0342     0.2076     1.8291          1  0.000e+00
       6.30     0.0537          1   3.347086      0.001     3.3587   28.48296  -88.51346    218.088    184.706  312.73560  313.51912 1.2802e-01 4.1540e+00   1569.110          1      74151     51.061     4.2829     4.2823     35.592   3089.583     1.8291     1.7253     0.3150     4.6056     0.0330     0.2063     1.8291          1  0.000e+00
       6.30     0.0527          1   3.347080     -1.737     3.3893   28.48296  -88.51346    218.086    184.704  312.73593  313.51946 1.2766e-01 4.1540e+00   1569.037          1      74152     51.058     4.2828     4.2824     35.591   3089.625     1.8291     1.7253     0.3150     4.6068     0.0317     0.2076     1.8291          1  0.000e+00
       6.28     0.0548          1   3.347073      1.739     3.3893   28.48296  -88.51346    218.089    184.707  312.73667  313.52021 1.2766e-01 4.1539e+00   1569.110          1      74153     51.058     4.2828     4.2823     35.590   3089.667     1.8291     1.7253     0.3138     4.6044     0.0317     0.2076     1.8291          1  0.000e+00
       6.28     0.0537          1   3.347073     -1.216     3.3893   28.48296  -88.51346    218.087    184.705  312.73613  313.51966 1.2766e-01 4.1540e+00   1569.059          1      74154     51.065     4.2828     4.2823     35.597   3089.708     1.8291     1.7253     0.3138     4.6056     0.0317     0.2076     1.8291          1  0.000e+00
       6.30     0.0537          1   3.347099      0.870     3.3893   28.48296  -88.51346    218.087    184.706  312.73475  313.51826 1.2766e-01 4.1541e+00   1569.095          1      74155     51.058     4.2830     4.2824     35.589   3089.750     1.8291     1.7253     0.3150     4.6056     0.0317     0.2076     1.8291          1  0.000e+00
