ctd/tests/data/CTD/g01l04s04.ros
* Sea-Bird SBE 9 Data File:
* FileName = D:\CTD DATA\2013\PE13-01 DiMarco\G01L04S04.hex
* Software Version Seasave V 7.21g
* Temperature SN = 4515
* Conductivity SN = 3079
* Number of Bytes Per Scan = 40
* Number of Voltage Words = 5
* Number of Scans Averaged by the Deck Unit = 1
* NMEA Latitude = 28 15.07 N
* NMEA Longitude = 088 29.89 W
* NMEA UTC (Time) = Jul 07 2012  20:27:41
* NMEA baud rate = 4800
# nquan = 31
# nvalues = 588                                   
# units = specified
# name 0 = altM: Altimeter [m]
# name 1 = bat: Beam Attenuation, Chelsea/Seatech [1/m]
# name 2 = bpos: Bottle Position in Carousel
# name 3 = c0S/m: Conductivity [S/m]
# name 4 = dz/dtM: Descent Rate [m/s]
# name 5 = wetCDOM: Fluorescence, WET Labs CDOM [mg/m^3]
# name 6 = latitude: Latitude [deg]
# name 7 = longitude: Longitude [deg]
# name 8 = sbeox0Mm/Kg: Oxygen, SBE 43 [umol/kg]
# name 9 = sbeox1Mm/Kg: Oxygen, SBE 43, 2 [umol/kg]
# name 10 = oxsolMm/Kg: Oxygen Saturation, Garcia & Gordon [umol/kg]
# name 11 = oxsatMm/Kg: Oxygen Saturation, Weiss [umol/kg]
# name 12 = par: PAR/Irradiance, Biospherical/Licor
# name 13 = pla: Plume Anomaly
# name 14 = prDM: Pressure, Digiquartz [db]
# name 15 = pumps: Pump Status
# name 16 = scan: Scan Count
# name 17 = sva: Specific Volume Anomaly [10^-8 * m^3/kg]
# name 18 = t090C: Temperature [ITS-90, deg C]
# name 19 = t190C: Temperature, 2 [ITS-90, deg C]
# name 20 = tsa: Thermosteric Anomaly [10^-8 * m^3/kg]
# name 21 = timeS: Time, Elapsed [seconds]
# name 22 = v0: Voltage 0
# name 23 = v1: Voltage 1
# name 24 = v2: Voltage 2
# name 25 = v3: Voltage 3
# name 26 = v4: Voltage 4
# name 27 = v5: Voltage 5
# name 28 = sbeox0V: Oxygen raw, SBE 43 [V]
# name 29 = nbf: Bottles Fired
# name 30 = flag:  0.000e+00
# interval = seconds: 0.0416667
# start_time = Jul 07 2012 20:27:41 [NMEA time, header]
# bad_flag = -9.990e-29
*END*
[from data line 422]
      98.68     0.0442          9   4.271947      0.170     2.7482   28.26564  -88.48072    133.189    113.982  252.30159  252.17471 1.2514e-01 1.3781e+01    306.699          1     120050    130.692    13.8219    13.8219    122.255   5002.042     1.6972     1.6142     4.9341     4.6166     0.0232     0.1819     1.6972          9  0.000e+00
      98.68     0.0431          9   4.271947     -0.169     2.7482   28.26564  -88.48072    133.188    114.109  252.30044  252.17354 1.2514e-01 1.3781e+01    306.692          1     120051    130.722    13.8222    13.8214    122.284   5002.083     1.6972     1.6154     4.9341     4.6178     0.0232     0.1819     1.6972          9  0.000e+00
      98.68     0.0431          9   4.271877      1.189     2.7482   28.26564  -88.48072    133.190    113.985  252.30220  252.17530 1.2514e-01 1.3781e+01    306.742          1     120052    130.757    13.8220    13.8208    122.319   5002.125     1.6972     1.6142     4.9341     4.6178     0.0232     0.1819     1.6972          9  0.000e+00
      98.66     0.0442          9   4.271801      0.170     2.7482   28.26564  -88.48072    133.055    113.985  252.30575  252.17890 1.2514e-01 1.3780e+01    306.749          1     120053    130.751    13.8214    13.8208    122.313   5002.167     1.6960     1.6142     4.9328     4.6166     0.0232     0.1819     1.6960          9  0.000e+00
      98.66     0.0442          9   4.271759     -1.357     2.7482   28.26564  -88.48072    133.056    113.984  252.30826  252.18144 1.2550e-01 1.3780e+01    306.692          1     120054    130.729    13.8208    13.8206    122.292   5002.208     1.6960     1.6142     4.9328     4.6166     0.0244     0.1819     1.6960          9  0.000e+00
      98.66     0.0431          9   4.271752      2.547     2.8093   28.26564  -88.48072    133.195    114.113  252.30959  252.18279 1.2514e-01 1.3779e+01    306.799          1     120055    130.710    13.8205    13.8202    122.271   5002.250     1.6972     1.6154     4.9328     4.6178     0.0232     0.1844     1.6972          9  0.000e+00
      98.68     0.0431          9   4.271752     -1.357     2.9009   28.26564  -88.48072    133.193    113.987  252.30841  252.18159 1.2550e-01 1.3780e+01    306.742          1     120056    130.736    13.8208    13.8199    122.299   5002.292     1.6972     1.6142     4.9341     4.6178     0.0244     0.1880     1.6972          9  0.000e+00
      98.68     0.0431          9   4.271752      1.189     2.9009   28.26564  -88.48072    133.195    113.989  252.30959  252.18279 1.2514e-01 1.3779e+01    306.792          1     120057    130.710    13.8205    13.8197    122.271   5002.333     1.6972     1.6142     4.9341     4.6178     0.0232     0.1880     1.6972          9  0.000e+00
      98.66     0.0431          9   4.271640     -1.018     2.9314   28.26564  -88.48072    133.196    113.988  252.31425  252.18750 1.2514e-01 1.3779e+01    306.749          1     120058    130.710    13.8197    13.8192    122.273   5002.375     1.6972     1.6142     4.9328     4.6178     0.0232     0.1893     1.6972          9  0.000e+00
      98.68     0.0431          9   4.271605      1.019     2.9009   28.26564  -88.48072    133.199    113.988  252.31714  252.19043 1.2514e-01 1.3778e+01    306.792          1     120059    130.677    13.8190    13.8193    122.239   5002.417     1.6972     1.6142     4.9341     4.6178     0.0232     0.1880     1.6972          9  0.000e+00
      98.68     0.0431          9   4.271626      0.170     2.9009   28.26564  -88.48072    133.198    114.115  252.31566  252.18893 1.2514e-01 1.3778e+01    306.799          1     120060    130.693    13.8193    13.8192    122.254   5002.458     1.6972     1.6154     4.9341     4.6178     0.0232     0.1880     1.6972          9  0.000e+00
      98.66     0.0442          9   4.271668     -0.169     2.9009   28.26564  -88.48072    133.061    114.116  252.31439  252.18766 1.2514e-01 1.3778e+01    306.792          1     120061    130.679    13.8195    13.8188    122.240   5002.500     1.6960     1.6154     4.9328     4.6166     0.0232     0.1880     1.6960          9  0.000e+00
      98.66     0.0442          9   4.271682      0.001     2.9009   28.26564  -88.48072    133.060    114.118  252.31359  252.18685 1.2514e-01 1.3779e+01    306.792          1     120062    130.684    13.8197    13.8183    122.245   5002.542     1.6960     1.6154     4.9328     4.6166     0.0232     0.1880     1.6960          9  0.000e+00
      98.66     0.0431          9   4.271647      0.170     2.9009   28.26564  -88.48072    133.061    113.993  252.31417  252.18742 1.2514e-01 1.3779e+01    306.799          1     120063    130.708    13.8197    13.8178    122.269   5002.583     1.6960     1.6142     4.9328     4.6178     0.0232     0.1880     1.6960          9  0.000e+00
      98.68     0.0431          9   4.271528      1.189     2.9009   28.26564  -88.48072    133.201    113.994  252.31959  252.19290 1.2514e-01 1.3778e+01    306.848          1     120064    130.704    13.8187    13.8175    122.264   5002.625     1.6972     1.6142     4.9341     4.6178     0.0232     0.1880     1.6972          9  0.000e+00
      98.66     0.0431          9   4.271382      0.001     2.9009   28.26564  -88.48072    133.204    113.994  252.32557  252.19895 1.2514e-01 1.3776e+01    306.848          1     120065    130.712    13.8176    13.8173    122.273   5002.667     1.6972     1.6142     4.9328     4.6178     0.0232     0.1880     1.6972          9  0.000e+00
      98.68     0.0431          9   4.271312      0.170     2.9009   28.26564  -88.48072    133.206    113.994  252.32901  252.20243 1.2514e-01 1.3776e+01    306.855          1     120066    130.701    13.8170    13.8173    122.262   5002.708     1.6972     1.6142     4.9341     4.6178     0.0232     0.1880     1.6972          9  0.000e+00
      98.68     0.0431          9   4.271333      1.019     2.9009   28.26564  -88.48072    133.207    113.997  252.32870  252.20211 1.2550e-01 1.3776e+01    306.898          1     120067    130.689    13.8170    13.8167    122.249   5002.750     1.6972     1.6142     4.9341     4.6178     0.0244     0.1880     1.6972          9  0.000e+00
      98.68     0.0431          9   4.271312     -2.376     2.9009   28.26564  -88.48072    133.205    113.997  252.32840  252.20180 1.2514e-01 1.3776e+01    306.799          1     120068    130.712    13.8171    13.8158    122.275   5002.792     1.6972     1.6142     4.9341     4.6178     0.0232     0.1880     1.6972          9  0.000e+00
      98.61     0.0410         10   4.695729      1.356     2.5346   28.26600  -88.48018    163.090    140.425  234.47884  234.16474 2.4572e-01 1.7352e+01    202.690          1     124181    160.886    17.3822    17.3824    154.319   5174.167     2.0977     1.9878     4.9304     4.6203     0.3138     0.1734     2.0977         10  0.000e+00
      98.58     0.0410         10   4.695685     -1.355     2.5346   28.26600  -88.48018    163.088    140.424  234.47776  234.16363 2.4572e-01 1.7353e+01    202.634          1     124182    160.959    17.3828    17.3824    154.394   5174.208     2.0977     1.9878     4.9292     4.6203     0.3138     0.1734     2.0977         10  0.000e+00
      98.61     0.0400         10   4.695685      2.542     2.5040   28.26600  -88.48018    163.090    140.425  234.47735  234.16321 2.4852e-01 1.7353e+01    202.740          1     124183    160.979    17.3829    17.3827    154.411   5174.250     2.0977     1.9878     4.9304     4.6215     0.3187     0.1722     2.0977         10  0.000e+00
      98.61     0.0410         10   4.695787     -2.202     2.5040   28.26600  -88.48018    163.087    140.424  234.47542  234.16128 2.5134e-01 1.7353e+01    202.648          1     124184    160.924    17.3831    17.3826    154.358   5174.292     2.0977     1.9878     4.9304     4.6203     0.3236     0.1722     2.0977         10  0.000e+00
      98.61     0.0400         10   4.695845      2.203     2.5346   28.26600  -88.48018    163.088    140.425  234.47408  234.15993 2.5277e-01 1.7353e+01    202.740          1     124185    160.910    17.3833    17.3828    154.342   5174.333     2.0977     1.9878     4.9304     4.6215     0.3260     0.1734     2.0977         10  0.000e+00
      98.61     0.0400         10   4.695794     -1.185     2.5346   28.26600  -88.48018    163.088    140.307  234.47475  234.16060 2.4992e-01 1.7353e+01    202.691          1     124186    160.939    17.3833    17.3827    154.373   5174.375     2.0977     1.9866     4.9304     4.6215     0.3211     0.1734     2.0977         10  0.000e+00
      98.61     0.0400         10   4.695779      0.001     2.5040   28.26600  -88.48018    163.088    140.307  234.47495  234.16080 2.4642e-01 1.7353e+01    202.691          1     124187    160.948    17.3833    17.3829    154.382   5174.417     2.0977     1.9866     4.9304     4.6215     0.3150     0.1722     2.0977         10  0.000e+00
      98.61     0.0410         10   4.695830      1.186     2.5040   28.26600  -88.48018    163.088    140.424  234.47333  234.15917 2.4572e-01 1.7353e+01    202.740          1     124188    160.948    17.3836    17.3829    154.379   5174.458     2.0977     1.9878     4.9304     4.6203     0.3138     0.1722     2.0977         10  0.000e+00
      98.61     0.0400         10   4.695794     -0.846     2.5040   28.26600  -88.48018    163.088    140.423  234.47476  234.16061 2.4572e-01 1.7353e+01    202.705          1     124189    160.940    17.3833    17.3829    154.373   5174.500     2.0977     1.9878     4.9304     4.6215     0.3138     0.1722     2.0977         10  0.000e+00
      98.61     0.0400         10   4.695714     -0.338     2.5346   28.26600  -88.48018    163.089    140.423  234.47692  234.16278 2.4572e-01 1.7353e+01    202.691          1     124190    160.958    17.3829    17.3829    154.392   5174.542     2.0977     1.9878     4.9304     4.6215     0.3138     0.1734     2.0977         10  0.000e+00
      98.61     0.0400         10   4.695598      1.187     2.5346   28.26600  -88.48018    163.093    140.425  234.48056  234.16645 2.4572e-01 1.7352e+01    202.740          1     124191    160.975    17.3823    17.3829    154.407   5174.583     2.0977     1.9878     4.9304     4.6215     0.3138     0.1734     2.0977         10  0.000e+00
      98.61     0.0400         10   4.695482      1.187     2.5346   28.26600  -88.48018    163.096    140.426  234.48433  234.17025 2.4296e-01 1.7351e+01    202.790          1     124192    160.988    17.3815    17.3828    154.418   5174.625     2.0977     1.9878     4.9304     4.6215     0.3089     0.1734     2.0977         10  0.000e+00
      98.61     0.0400         10   4.695395     -2.033     2.5040   28.26600  -88.48018    163.097    140.424  234.48855  234.17452 2.3685e-01 1.7350e+01    202.705          1     124193    160.946    17.3805    17.3826    154.380   5174.667     2.0977     1.9878     4.9304     4.6215     0.2979     0.1722     2.0977         10  0.000e+00
      98.61     0.0400         10   4.695337      2.034     2.5346   28.26600  -88.48018    163.102    140.542  234.49248  234.17849 2.3419e-01 1.7349e+01    202.790          1     124194    160.896    17.3795    17.3825    154.328   5174.708     2.0977     1.9890     4.9304     4.6215     0.2930     0.1734     2.0977         10  0.000e+00
      98.61     0.0410         10   4.695185     -1.185     2.5040   28.26600  -88.48018    162.979    140.541  234.49763  234.18369 2.3419e-01 1.7348e+01    202.740          1     124195    160.898    17.3785    17.3826    154.331   5174.750     2.0965     1.9890     4.9304     4.6203     0.2930     0.1722     2.0965         10  0.000e+00
      98.61     0.0400         10   4.695054      0.001     2.5346   28.26600  -88.48018    162.983    140.541  234.50251  234.18861 2.3286e-01 1.7347e+01    202.740          1     124196    160.889    17.3774    17.3826    154.323   5174.792     2.0965     1.9890     4.9304     4.6215     0.2906     0.1734     2.0965         10  0.000e+00
      98.61     0.0400         10   4.694931      1.186     2.5346   28.26600  -88.48018    163.113    140.426  234.50791  234.19407 2.3155e-01 1.7346e+01    202.790          1     124197    160.861    17.3762    17.3827    154.293   5174.833     2.0977     1.9878     4.9304     4.6215     0.2882     0.1734     2.0977         10  0.000e+00
      98.61     0.0400         10   4.694771     -0.846     2.5040   28.26600  -88.48018    163.116    140.425  234.51376  234.19998 2.3221e-01 1.7345e+01    202.754          1     124198    160.851    17.3750    17.3826    154.284   5174.875     2.0977     1.9878     4.9304     4.6215     0.2894     0.1722     2.0977         10  0.000e+00
      98.61     0.0400         10   4.694525      0.848     2.5346   28.26600  -88.48018    163.123    140.425  234.52228  234.20857 2.3685e-01 1.7343e+01    202.790          1     124199    160.858    17.3733    17.3828    154.290   5174.917     2.0977     1.9878     4.9304     4.6215     0.2979     0.1734     2.0977         10  0.000e+00
      98.61     0.0400         10   4.694307      0.000     2.5040   28.26600  -88.48018    163.129    140.426  234.53097  234.21734 2.3954e-01 1.7341e+01    202.790          1     124200    160.826    17.3713    17.3825    154.260   5174.958     2.0977     1.9878     4.9304     4.6215     0.3028     0.1722     2.0977         10  0.000e+00
      98.61     0.0400         10   4.694249      0.001     2.5346   28.26600  -88.48018    163.131    140.425  234.53437  234.22078 2.4090e-01 1.7340e+01    202.790          1     124201    160.785    17.3705    17.3829    154.219   5175.000     2.0977     1.9878     4.9304     4.6215     0.3053     0.1734     2.0977         10  0.000e+00
      98.61     0.0389         10   4.694314      0.000     2.5346   28.26600  -88.48018    163.129    140.426  234.53087  234.21724 2.4503e-01 1.7341e+01    202.790          1     124202    160.822    17.3713    17.3827    154.255   5175.042     2.0977     1.9878     4.9304     4.6227     0.3126     0.1734     2.0977         10  0.000e+00
      98.61     0.0400         10   4.694430      0.339     2.5346   28.26600  -88.48018    163.126    140.425  234.52667  234.21300 2.4922e-01 1.7342e+01    202.804          1     124203    160.827    17.3722    17.3828    154.259   5175.083     2.0977     1.9878     4.9304     4.6215     0.3199     0.1734     2.0977         10  0.000e+00
      98.61     0.0389         10   4.694445     -0.338     2.5040   28.26600  -88.48018    163.126    140.425  234.52646  234.21279 2.4922e-01 1.7342e+01    202.790          1     124204    160.817    17.3722    17.3829    154.250   5175.125     2.0977     1.9878     4.9304     4.6227     0.3199     0.1722     2.0977         10  0.000e+00
      98.61     0.0400         10   4.694336      1.356     2.5040   28.26600  -88.48018    163.129    140.426  234.53013  234.21649 2.4503e-01 1.7341e+01    202.846          1     124205    160.825    17.3715    17.3827    154.257   5175.167     2.0977     1.9878     4.9304     4.6215     0.3126     0.1722     2.0977         10  0.000e+00
      98.61     0.0400         10   4.694271     -1.355     2.5346   28.26600  -88.48018    163.130    140.425  234.53301  234.21940 2.4090e-01 1.7341e+01    202.790          1     124206    160.803    17.3708    17.3828    154.237   5175.208     2.0977     1.9878     4.9304     4.6215     0.3053     0.1734     2.0977         10  0.000e+00
