ctd/tests/data/CTD/g01l04s02.ros
* Sea-Bird SBE 9 Data File:
* FileName = D:\CTD DATA\2013\PE13-01 DiMarco\G01L04S02.hex
* Software Version Seasave V 7.21g
* Temperature SN = 4515
* Conductivity SN = 3079
* Number of Bytes Per Scan = 40
* Number of Voltage Words = 5
* Number of Scans Averaged by the Deck Unit = 1
* NMEA Latitude = 28 44.92 N
* NMEA Longitude = 088 30.00 W
* NMEA UTC (Time) = Jul 06 2012  02:18:00
* NMEA baud rate = 4800
# nquan = 31
# nvalues = 588                                   
# units = specified
# name 0 = altM: Altimeter [m]
# name 1 = bat: Beam Attenuation, Chelsea/Seatech [1/m]
# name 2 = bpos: Bottle Position in Carousel
# name 3 = c0S/m: Conductivity [S/m]
# name 4 = dz/dtM: Descent Rate [m/s]
# name 5 = wetCDOM: Fluorescence, WET Labs CDOM [mg/m^3]
# name 6 = latitude: Latitude [deg]
# name 7 = longitude: Longitude [deg]
# name 8 = sbeox0Mm/Kg: Oxygen, SBE 43 [umol/kg]
# name 9 = sbeox1Mm/Kg: Oxygen, SBE 43, 2 [umol/kg]
# name 10 = oxsolMm/Kg: Oxygen Saturation, Garcia & Gordon [umol/kg]
# name 11 = oxsatMm/Kg: Oxygen Saturation, Weiss [umol/kg]
# name 12 = par: PAR/Irradiance, Biospherical/Licor
# name 13 = pla: Plume Anomaly
# name 14 = prDM: Pressure, Digiquartz [db]
# name 15 = pumps: Pump Status
# name 16 = scan: Scan Count
# name 17 = sva: Specific Volume Anomaly [10^-8 * m^3/kg]
# name 18 = t090C: Temperature [ITS-90, deg C]
# name 19 = t190C: Temperature, 2 [ITS-90, deg C]
# name 20 = tsa: Thermosteric Anomaly [10^-8 * m^3/kg]
# name 21 = timeS: Time, Elapsed [seconds]
# name 22 = v0: Voltage 0
# name 23 = v1: Voltage 1
# name 24 = v2: Voltage 2
# name 25 = v3: Voltage 3
# name 26 = v4: Voltage 4
# name 27 = v5: Voltage 5
# name 28 = sbeox0V: Oxygen raw, SBE 43 [V]
# name 29 = nbf: Bottles Fired
# name 30 = flag:  0.000e+00
# interval = seconds: 0.0416667
# start_time = Jul 06 2012 02:18:00 [NMEA time, header]
# bad_flag = -9.990e-29
*END*
[from data line 468]
      98.66     0.0326         10   4.475428      0.339     3.1756   28.74130  -88.50136    140.901    120.954  243.20584  242.97827 1.2268e-01 1.5555e+01    201.271          1     117357    143.552    15.5830    15.5801    137.535   4889.833     1.8315     1.7399     4.9328     4.6300     0.0147     0.1990     1.8315         10  0.000e+00
      98.66     0.0326         10   4.475442     -0.338     3.1756   28.74130  -88.50136    140.901    120.953  243.20562  242.97805 1.2233e-01 1.5555e+01    201.257          1     117358    143.541    15.5830    15.5801    137.525   4889.875     1.8315     1.7399     4.9328     4.6300     0.0134     0.1990     1.8315         10  0.000e+00
      98.63     0.0336         10   4.475442      0.001     3.1756   28.74130  -88.50136    140.900    120.953  243.20497  242.97739 1.2233e-01 1.5555e+01    201.257          1     117359    143.559    15.5832    15.5802    137.543   4889.917     1.8315     1.7399     4.9316     4.6288     0.0134     0.1990     1.8315         10  0.000e+00
      98.66     0.0326         10   4.475435      1.186     3.1756   28.74130  -88.50136    140.901    120.834  243.20511  242.97753 1.2268e-01 1.5555e+01    201.307          1     117360    143.567    15.5832    15.5803    137.549   4889.958     1.8315     1.7387     4.9328     4.6300     0.0147     0.1990     1.8315         10  0.000e+00
      98.66     0.0326         10   4.475435     -1.185     3.2061   28.74130  -88.50136    140.901    120.833  243.20573  242.97816 1.2268e-01 1.5555e+01    201.257          1     117361    143.546    15.5830    15.5802    137.530   4890.000     1.8315     1.7387     4.9328     4.6300     0.0147     0.2002     1.8315         10  0.000e+00
      98.66     0.0336         10   4.475406      1.525     3.1756   28.74130  -88.50136    140.903    120.955  243.20672  242.97916 1.2233e-01 1.5555e+01    201.321          1     117362    143.554    15.5828    15.5801    137.536   4890.042     1.8315     1.7399     4.9328     4.6288     0.0134     0.1990     1.8315         10  0.000e+00
      98.66     0.0336         10   4.475364     -0.338     3.1756   28.74130  -88.50136    140.903    120.955  243.20787  242.98032 1.2233e-01 1.5555e+01    201.307          1     117363    143.567    15.5826    15.5800    137.550   4890.083     1.8315     1.7399     4.9328     4.6288     0.0134     0.1990     1.8315         10  0.000e+00
      98.66     0.0326         10   4.475328      0.001     3.1756   28.74130  -88.50136    140.904    120.955  243.20945  242.98191 1.2268e-01 1.5554e+01    201.307          1     117364    143.562    15.5823    15.5801    137.544   4890.125     1.8315     1.7399     4.9328     4.6300     0.0147     0.1990     1.8315         10  0.000e+00
      98.66     0.0336         10   4.475236      1.187     3.1451   28.74130  -88.50136    140.907    120.836  243.21309  242.98558 1.2233e-01 1.5554e+01    201.356          1     117365    143.564    15.5816    15.5798    137.546   4890.167     1.8315     1.7387     4.9328     4.6288     0.0134     0.1978     1.8315         10  0.000e+00
      98.66     0.0326         10   4.475143     -1.185     3.1756   28.74130  -88.50136    140.908    120.956  243.21562  242.98813 1.2268e-01 1.5553e+01    201.307          1     117366    143.590    15.5813    15.5798    137.573   4890.208     1.8315     1.7399     4.9328     4.6300     0.0147     0.1990     1.8315         10  0.000e+00
      98.66     0.0336         10   4.475122      0.340     3.1756   28.74130  -88.50136    140.779    120.836  243.21751  242.99005 1.2268e-01 1.5553e+01    201.321          1     117367    143.561    15.5808    15.5793    137.544   4890.250     1.8303     1.7387     4.9328     4.6288     0.0147     0.1990     1.8303         10  0.000e+00
      98.66     0.0336         10   4.475158      2.203     3.1756   28.74130  -88.50136    140.910    120.959  243.21703  242.98958 1.2268e-01 1.5553e+01    201.413          1     117368    143.544    15.5808    15.5789    137.523   4890.292     1.8315     1.7399     4.9328     4.6288     0.0147     0.1990     1.8315         10  0.000e+00
      98.66     0.0326         10   4.475136     -1.355     3.1756   28.74130  -88.50136    140.910    120.958  243.21797  242.99052 1.2268e-01 1.5553e+01    201.356          1     117369    143.536    15.5806    15.5789    137.518   4890.333     1.8315     1.7399     4.9328     4.6300     0.0147     0.1990     1.8315         10  0.000e+00
      98.66     0.0336         10   4.475122     -1.185     3.1756   28.74130  -88.50136    140.909    120.957  243.21815  242.99070 1.2268e-01 1.5553e+01    201.307          1     117370    143.543    15.5806    15.5790    137.526   4890.375     1.8315     1.7399     4.9328     4.6288     0.0147     0.1990     1.8315         10  0.000e+00
      98.66     0.0336         10   4.475122      2.542     3.1756   28.74130  -88.50136    140.911    120.959  243.21822  242.99077 1.2268e-01 1.5553e+01    201.413          1     117371    143.549    15.5806    15.5789    137.529   4890.417     1.8315     1.7399     4.9328     4.6288     0.0147     0.1990     1.8315         10  0.000e+00
      98.66     0.0336         10   4.475129     -2.202     3.1756   28.74130  -88.50136    140.909    120.838  243.21740  242.98994 1.2233e-01 1.5553e+01    201.321          1     117372    143.557    15.5808    15.5788    137.539   4890.458     1.8315     1.7387     4.9328     4.6288     0.0134     0.1990     1.8315         10  0.000e+00
      98.66     0.0326         10   4.475150      2.203     3.1756   28.74130  -88.50136    140.910    120.840  243.21662  242.98915 1.2268e-01 1.5553e+01    201.413          1     117373    143.563    15.5809    15.5786    137.542   4890.500     1.8315     1.7387     4.9328     4.6300     0.0147     0.1990     1.8315         10  0.000e+00
      98.66     0.0336         10   4.475136     -1.355     3.1756   28.74130  -88.50136    140.909    120.839  243.21732  242.98986 1.2268e-01 1.5553e+01    201.357          1     117374    143.554    15.5808    15.5786    137.536   4890.542     1.8315     1.7387     4.9328     4.6288     0.0147     0.1990     1.8315         10  0.000e+00
      98.66     0.0326         10   4.475158      1.356     3.2366   28.74130  -88.50136    140.911    120.840  243.21768  242.99024 1.2233e-01 1.5553e+01    201.413          1     117375    143.526    15.5806    15.5786    137.505   4890.583     1.8315     1.7387     4.9328     4.6300     0.0134     0.2015     1.8315         10  0.000e+00
      98.66     0.0336         10   4.475072      0.001     3.3282   28.74130  -88.50136    140.911    120.840  243.21897  242.99152 1.2233e-01 1.5553e+01    201.413          1     117376    143.582    15.5806    15.5786    137.562   4890.625     1.8315     1.7387     4.9328     4.6288     0.0134     0.2051     1.8315         10  0.000e+00
      98.66     0.0336         10   4.475108     -0.846     3.3282   28.74130  -88.50136    140.911    120.840  243.21893  242.99149 1.2233e-01 1.5553e+01    201.378          1     117377    143.542    15.5804    15.5783    137.523   4890.667     1.8315     1.7387     4.9328     4.6288     0.0134     0.2051     1.8315         10  0.000e+00
      98.66     0.0336         10   4.475072      0.848     3.3587   28.74130  -88.50136    140.912    120.839  243.22001  242.99258 1.2268e-01 1.5552e+01    201.413          1     117378    143.553    15.5802    15.5786    137.533   4890.708     1.8315     1.7387     4.9328     4.6288     0.0147     0.2063     1.8315         10  0.000e+00
      98.61     0.0495         11   5.050197      0.001     3.1756   28.74108  -88.50140    161.643    140.114  220.65544  220.22183 1.2479e-01 2.0639e+01    100.565          1     121719    227.482    20.6533    20.6583    223.967   5071.583     2.2039     2.0904     4.9304     4.6105     0.0220     0.1990     2.2039         11  0.000e+00
      98.58     0.0506         11   5.050159      1.184     3.1756   28.74108  -88.50140    161.645    140.116  220.65682  220.22322 1.2479e-01 2.0639e+01    100.614          1     121720    227.477    20.6530    20.6580    223.960   5071.625     2.2039     2.0904     4.9292     4.6093     0.0220     0.1990     2.2039         11  0.000e+00
      98.61     0.0506         11   5.050137     -2.367     3.1756   28.74108  -88.50140    161.643    140.114  220.65704  220.22344 1.2479e-01 2.0639e+01    100.516          1     121721    227.484    20.6530    20.6578    223.971   5071.667     2.2039     2.0904     4.9304     4.6093     0.0220     0.1990     2.2039         11  0.000e+00
      98.58     0.0506         11   5.050182      2.368     3.1756   28.74108  -88.50140    161.645    140.115  220.65706  220.22347 1.2479e-01 2.0639e+01    100.614          1     121722    227.447    20.6528    20.6583    223.930   5071.708     2.2039     2.0904     4.9292     4.6093     0.0220     0.1990     2.2039         11  0.000e+00
      98.58     0.0506         11   5.050182     -2.367     3.1756   28.74108  -88.50140    161.642    140.111  220.65650  220.22291 1.2443e-01 2.0639e+01    100.516          1     121723    227.458    20.6530    20.6590    223.945   5071.750     2.2039     2.0904     4.9292     4.6093     0.0208     0.1990     2.2039         11  0.000e+00
      98.61     0.0506         11   5.050159      1.522     3.1756   28.74108  -88.50140    161.644    140.111  220.65680  220.22320 1.2479e-01 2.0639e+01    100.579          1     121724    227.475    20.6530    20.6597    223.960   5071.792     2.2039     2.0904     4.9304     4.6093     0.0220     0.1990     2.2039         11  0.000e+00
      98.61     0.0495         11   5.050174     -0.338     3.1756   28.74108  -88.50140    161.643    140.001  220.65662  220.22302 1.2443e-01 2.0639e+01    100.565          1     121725    227.465    20.6530    20.6601    223.950   5071.833     2.2039     2.0891     4.9304     4.6105     0.0208     0.1990     2.2039         11  0.000e+00
      98.58     0.0506         11   5.050129      0.001     3.1756   28.74108  -88.50140    161.528    140.110  220.65766  220.22406 1.2443e-01 2.0639e+01    100.565          1     121726    227.475    20.6528    20.6599    223.960   5071.875     2.2027     2.0904     4.9292     4.6093     0.0208     0.1990     2.2027         11  0.000e+00
      98.61     0.0495         11   5.050129      0.001     3.1756   28.74108  -88.50140    161.528    140.111  220.65816  220.22458 1.2443e-01 2.0638e+01    100.565          1     121727    227.458    20.6526    20.6597    223.943   5071.917     2.2027     2.0904     4.9304     4.6105     0.0208     0.1990     2.2027         11  0.000e+00
      98.61     0.0506         11   5.050114      0.001     3.1756   28.74108  -88.50140    161.528    140.003  220.65834  220.22475 1.2479e-01 2.0638e+01    100.565          1     121728    227.467    20.6526    20.6594    223.952   5071.958     2.2027     2.0891     4.9304     4.6093     0.0220     0.1990     2.2027         11  0.000e+00
      98.58     0.0506         11   5.050092     -1.183     3.1756   28.74108  -88.50140    161.643    140.002  220.65808  220.22448 1.2443e-01 2.0639e+01    100.516          1     121729    227.494    20.6528    20.6592    223.981   5072.000     2.2039     2.0891     4.9292     4.6093     0.0208     0.1990     2.2039         11  0.000e+00
      98.58     0.0506         11   5.050137      1.184     3.1756   28.74108  -88.50140    161.644    140.002  220.65757  220.22397 1.2443e-01 2.0639e+01    100.565          1     121730    227.471    20.6528    20.6596    223.956   5072.042     2.2039     2.0891     4.9292     4.6093     0.0208     0.1990     2.2039         11  0.000e+00
      98.61     0.0495         11   5.050234     -0.845     3.2061   28.74108  -88.50140    161.642    140.002  220.65498  220.22137 1.2443e-01 2.0639e+01    100.530          1     121731    227.458    20.6533    20.6592    223.944   5072.083     2.2039     2.0891     4.9304     4.6105     0.0208     0.2002     2.2039         11  0.000e+00
      98.58     0.0506         11   5.050324      0.846     3.1756   28.74108  -88.50140    161.525    140.111  220.65301  220.21940 1.2479e-01 2.0639e+01    100.565          1     121732    227.437    20.6537    20.6592    223.922   5072.125     2.2027     2.0904     4.9292     4.6093     0.0220     0.1990     2.2027         11  0.000e+00
      98.61     0.0506         11   5.050331      0.001     3.1756   28.74108  -88.50140    161.524    140.111  220.65191  220.21829 1.2443e-01 2.0640e+01    100.565          1     121733    227.466    20.6541    20.6590    223.951   5072.167     2.2027     2.0904     4.9304     4.6093     0.0208     0.1990     2.2027         11  0.000e+00
      98.61     0.0495         11   5.050339     -1.183     3.1756   28.74108  -88.50140    161.638    140.110  220.64998  220.21633 1.2443e-01 2.0641e+01    100.516          1     121734    227.519    20.6547    20.6597    224.006   5072.208     2.2039     2.0904     4.9304     4.6105     0.0208     0.1990     2.2039         11  0.000e+00
      98.61     0.0495         11   5.050331      1.184     3.1756   28.74108  -88.50140    161.637    140.002  220.64817  220.21450 1.2479e-01 2.0641e+01    100.565          1     121735    227.590    20.6555    20.6599    224.075   5072.250     2.2039     2.0891     4.9304     4.6105     0.0220     0.1990     2.2039         11  0.000e+00
      98.61     0.0495         11   5.050376      0.001     3.1756   28.74108  -88.50140    161.637    140.002  220.64764  220.21397 1.2443e-01 2.0641e+01    100.565          1     121736    227.564    20.6555    20.6601    224.049   5072.292     2.2039     2.0891     4.9304     4.6105     0.0208     0.1990     2.2039         11  0.000e+00
      98.61     0.0506         11   5.050406      0.001     3.1756   28.74108  -88.50140    161.520    140.110  220.64688  220.21321 1.2443e-01 2.0641e+01    100.565          1     121737    227.560    20.6556    20.6603    224.044   5072.333     2.2027     2.0904     4.9304     4.6093     0.0208     0.1990     2.2027         11  0.000e+00
      98.58     0.0537         11   5.050428     -1.183     3.2061   28.74108  -88.50140    161.518    140.109  220.64558  220.21189 1.2443e-01 2.0642e+01    100.516          1     121738    227.577    20.6560    20.6601    224.063   5072.375     2.2027     2.0904     4.9292     4.6056     0.0208     0.2002     2.2027         11  0.000e+00
      98.58     0.0548         11   5.050481      1.522     3.1756   28.74108  -88.50140    161.518    140.110  220.64357  220.20987 1.2479e-01 2.0642e+01    100.579          1     121739    227.597    20.6565    20.6599    224.081   5072.417     2.2027     2.0904     4.9292     4.6044     0.0220     0.1990     2.2027         11  0.000e+00
      98.61     0.0548         11   5.050511     -1.521     3.1756   28.74108  -88.50140    161.516    140.108  220.64227  220.20856 1.2443e-01 2.0643e+01    100.516          1     121740    227.605    20.6569    20.6603    224.092   5072.458     2.2027     2.0904     4.9304     4.6044     0.0208     0.1990     2.2027         11  0.000e+00
      98.58     0.0548         11   5.050533      1.184     3.1756   28.74108  -88.50140    161.514    140.107  220.63920  220.20545 1.2443e-01 2.0644e+01    100.565          1     121741    227.689    20.6579    20.6610    224.173   5072.500     2.2027     2.0904     4.9292     4.6044     0.0208     0.1990     2.2027         11  0.000e+00
      98.61     0.0548         11   5.050555      0.000     3.1756   28.74108  -88.50140    161.514    140.106  220.63893  220.20519 1.2479e-01 2.0644e+01    100.565          1     121742    227.675    20.6579    20.6617    224.160   5072.542     2.2027     2.0904     4.9304     4.6044     0.0220     0.1990     2.2027         11  0.000e+00
