ctd/tests/data/CTD/g01l04s03m.ros
* Sea-Bird SBE 9 Data File:
* FileName = D:\CTD DATA\2013\PE13-01 DiMarco\G01L04S03M.hex
* Software Version Seasave V 7.21g
* Temperature SN = 4515
* Conductivity SN = 3079
* Number of Bytes Per Scan = 40
* Number of Voltage Words = 5
* Number of Scans Averaged by the Deck Unit = 1
* NMEA Latitude = 28 29.20 N
* NMEA Longitude = 088 30.11 W
* NMEA UTC (Time) = Jul 06 2012  23:35:45
* NMEA baud rate = 4800
# nquan = 31
# nvalues = 588                                   
# units = specified
# name 0 = altM: Altimeter [m]
# name 1 = bat: Beam Attenuation, Chelsea/Seatech [1/m]
# name 2 = bpos: Bottle Position in Carousel
# name 3 = c0S/m: Conductivity [S/m]
# name 4 = dz/dtM: Descent Rate [m/s]
# name 5 = wetCDOM: Fluorescence, WET Labs CDOM [mg/m^3]
# name 6 = latitude: Latitude [deg]
# name 7 = longitude: Longitude [deg]
# name 8 = sbeox0Mm/Kg: Oxygen, SBE 43 [umol/kg]
# name 9 = sbeox1Mm/Kg: Oxygen, SBE 43, 2 [umol/kg]
# name 10 = oxsolMm/Kg: Oxygen Saturation, Garcia & Gordon [umol/kg]
# name 11 = oxsatMm/Kg: Oxygen Saturation, Weiss [umol/kg]
# name 12 = par: PAR/Irradiance, Biospherical/Licor
# name 13 = pla: Plume Anomaly
# name 14 = prDM: Pressure, Digiquartz [db]
# name 15 = pumps: Pump Status
# name 16 = scan: Scan Count
# name 17 = sva: Specific Volume Anomaly [10^-8 * m^3/kg]
# name 18 = t090C: Temperature [ITS-90, deg C]
# name 19 = t190C: Temperature, 2 [ITS-90, deg C]
# name 20 = tsa: Thermosteric Anomaly [10^-8 * m^3/kg]
# name 21 = timeS: Time, Elapsed [seconds]
# name 22 = v0: Voltage 0
# name 23 = v1: Voltage 1
# name 24 = v2: Voltage 2
# name 25 = v3: Voltage 3
# name 26 = v4: Voltage 4
# name 27 = v5: Voltage 5
# name 28 = sbeox0V: Oxygen raw, SBE 43 [V]
# name 29 = nbf: Bottles Fired
# name 30 = flag:  0.000e+00
# interval = seconds: 0.0416667
# start_time = Jul 06 2012 23:35:45 [NMEA time, header]
# bad_flag = -9.990e-29
*END*
[from data line 422]
      98.61     0.0506          9   4.576902     -3.387     2.5956   28.48306  -88.52244    152.033    130.545  239.09492  238.82538 1.2766e-01 1.6386e+01    202.272          1     139387    151.069    16.4148    16.4410    144.781   5807.750     1.9609     1.8596     4.9304     4.6093     0.0317     0.1758     1.9609          9  0.000e+00
      98.63     0.0506          9   4.576902      3.389     2.5956   28.48306  -88.52244    152.036    130.548  239.09526  238.82572 1.2802e-01 1.6386e+01    202.413          1     139388    151.070    16.4147    16.4407    144.778   5807.792     1.9609     1.8596     4.9316     4.6093     0.0330     0.1758     1.9609          9  0.000e+00
      98.63     0.0495          9   4.576959     -1.185     2.6261   28.48306  -88.52244    152.161    130.548  239.09390  238.82436 1.2766e-01 1.6386e+01    202.364          1     139389    151.044    16.4148    16.4407    144.754   5807.833     1.9621     1.8596     4.9316     4.6105     0.0317     0.1770     1.9621          9  0.000e+00
      98.63     0.0506          9   4.577010      1.187     2.5956   28.48306  -88.52244    152.033    130.549  239.09072  238.82113 1.2766e-01 1.6387e+01    202.414          1     139390    151.086    16.4157    16.4402    144.794   5807.875     1.9609     1.8596     4.9316     4.6093     0.0317     0.1758     1.9609          9  0.000e+00
      98.63     0.0495          9   4.576902     -0.846     2.6261   28.48306  -88.52244    152.035    130.549  239.09524  238.82570 1.2766e-01 1.6386e+01    202.378          1     139391    151.068    16.4147    16.4400    144.777   5807.917     1.9609     1.8596     4.9316     4.6105     0.0317     0.1770     1.9609          9  0.000e+00
      98.61     0.0516          9   4.576773     -0.338     2.5956   28.48306  -88.52244    152.037    130.548  239.09872  238.82920 1.2802e-01 1.6385e+01    202.364          1     139392    151.104    16.4142    16.4400    144.814   5807.958     1.9609     1.8596     4.9304     4.6081     0.0330     0.1758     1.9609          9  0.000e+00
      98.63     0.0506          9   4.576773      2.373     2.6261   28.48306  -88.52244    152.039    130.432  239.09853  238.82901 1.2802e-01 1.6385e+01    202.463          1     139393    151.117    16.4142    16.4398    144.824   5808.000     1.9609     1.8584     4.9316     4.6093     0.0330     0.1770     1.9609          9  0.000e+00
      98.61     0.0506          9   4.576873     -2.371     2.5956   28.48306  -88.52244    152.035    130.431  239.09515  238.82560 1.2802e-01 1.6386e+01    202.364          1     139394    151.100    16.4148    16.4396    144.810   5808.042     1.9609     1.8584     4.9304     4.6093     0.0330     0.1758     1.9609          9  0.000e+00
      98.63     0.0506          9   4.577074      1.187     2.6261   28.48306  -88.52244    152.032    130.434  239.08966  238.82007 1.2802e-01 1.6387e+01    202.414          1     139395    151.048    16.4157    16.4389    144.756   5808.083     1.9609     1.8584     4.9316     4.6093     0.0330     0.1770     1.9609          9  0.000e+00
      98.61     0.0506          9   4.577132     -0.846     2.6261   28.48306  -88.52244    152.030    130.434  239.08744  238.81783 1.2802e-01 1.6387e+01    202.378          1     139396    151.048    16.4161    16.4388    144.757   5808.125     1.9609     1.8584     4.9304     4.6093     0.0330     0.1770     1.9609          9  0.000e+00
      98.63     0.0495          9   4.577017      0.848     2.6567   28.48306  -88.52244    152.032    130.435  239.08937  238.81976 1.2802e-01 1.6387e+01    202.414          1     139397    151.117    16.4161    16.4387    144.825   5808.167     1.9609     1.8584     4.9316     4.6105     0.0330     0.1783     1.9609          9  0.000e+00
      98.63     0.0516          9   4.576802      0.001     2.6261   28.48306  -88.52244    152.037    130.436  239.09734  238.82781 1.2802e-01 1.6386e+01    202.414          1     139398    151.117    16.4145    16.4379    144.826   5808.208     1.9609     1.8584     4.9316     4.6081     0.0330     0.1770     1.9609          9  0.000e+00
      98.63     0.0506          9   4.576744      0.001     2.6261   28.48306  -88.52244    152.040    130.319  239.10153  238.83205 1.2802e-01 1.6384e+01    202.414          1     139399    151.058    16.4134    16.4374    144.767   5808.250     1.9609     1.8571     4.9316     4.6093     0.0330     0.1770     1.9609          9  0.000e+00
      98.61     0.0506          9   4.576715      0.340     2.6261   28.48306  -88.52244    152.041    130.438  239.10282  238.83336 1.2766e-01 1.6384e+01    202.428          1     139400    151.052    16.4131    16.4372    144.761   5808.292     1.9609     1.8584     4.9304     4.6093     0.0317     0.1770     1.9609          9  0.000e+00
      98.61     0.0506          9   4.576644     -0.338     2.6261   28.48306  -88.52244    152.042    130.437  239.10547  238.83603 1.2802e-01 1.6384e+01    202.414          1     139401    151.052    16.4126    16.4372    144.760   5808.333     1.9609     1.8584     4.9304     4.6093     0.0330     0.1770     1.9609          9  0.000e+00
      98.63     0.0506          9   4.576687      0.001     2.6567   28.48306  -88.52244    152.041    130.438  239.10336  238.83389 1.2766e-01 1.6384e+01    202.414          1     139402    151.067    16.4131    16.4371    144.775   5808.375     1.9609     1.8584     4.9316     4.6093     0.0317     0.1783     1.9609          9  0.000e+00
      98.63     0.0506          9   4.576794      1.187     2.6261   28.48306  -88.52244    152.040    130.440  239.10009  238.83060 1.2802e-01 1.6385e+01    202.463          1     139403    151.050    16.4136    16.4367    144.757   5808.417     1.9609     1.8584     4.9316     4.6093     0.0330     0.1770     1.9609          9  0.000e+00
      98.61     0.0516          9   4.576909     -1.185     2.6567   28.48306  -88.52244    151.908    130.440  239.09578  238.82625 1.2766e-01 1.6386e+01    202.414          1     139404    151.048    16.4145    16.4365    144.756   5808.458     1.9597     1.8584     4.9304     4.6081     0.0317     0.1783     1.9597          9  0.000e+00
      98.63     0.0495          9   4.576909      0.339     2.6261   28.48306  -88.52244    152.035    130.443  239.09430  238.82474 1.2802e-01 1.6386e+01    202.428          1     139405    151.091    16.4150    16.4359    144.799   5808.500     1.9609     1.8584     4.9316     4.6105     0.0330     0.1770     1.9609          9  0.000e+00
      98.58     0.0654         10   5.066960      0.000     2.9314   28.48336  -88.52364    186.037    161.358  219.89789  219.45807 1.2514e-01 2.0849e+01    102.466          1     146807    236.308    20.8639    20.8622    232.709   6116.917     2.4664     2.3346     4.9292     4.5922     0.0232     0.1893     2.4664         10  0.000e+00
      98.58     0.0654         10   5.066937      1.184     2.9009   28.48336  -88.52364    185.922    161.359  219.89768  219.45786 1.2514e-01 2.0849e+01    102.515          1     146808    236.341    20.8641    20.8621    232.740   6116.958     2.4652     2.3346     4.9292     4.5922     0.0232     0.1880     2.4652         10  0.000e+00
      98.58     0.0654         10   5.066960     -2.367     2.9009   28.48336  -88.52364    186.035    161.357  219.89737  219.45754 1.2550e-01 2.0849e+01    102.417          1     146809    236.322    20.8641    20.8622    232.724   6117.000     2.4664     2.3346     4.9292     4.5922     0.0244     0.1880     2.4664         10  0.000e+00
      98.58     0.0654         10   5.066908      2.368     2.8398   28.48336  -88.52364    186.038    161.466  219.89854  219.45872 1.2514e-01 2.0849e+01    102.515          1     146810    236.342    20.8639    20.8627    232.741   6117.042     2.4664     2.3358     4.9292     4.5922     0.0232     0.1856     2.4664         10  0.000e+00
      98.56     0.0665         10   5.066855     -2.367     2.8093   28.48336  -88.52364    186.038    161.354  219.90051  219.46070 1.2514e-01 2.0849e+01    102.417          1     146811    236.320    20.8633    20.8631    232.722   6117.083     2.4664     2.3346     4.9280     4.5910     0.0232     0.1844     2.4664         10  0.000e+00
      98.56     0.0654         10   5.066848      1.184     2.8093   28.48336  -88.52364    186.039    161.354  219.90112  219.46132 1.2514e-01 2.0849e+01    102.466          1     146812    236.311    20.8632    20.8637    232.711   6117.125     2.4664     2.3346     4.9280     4.5922     0.0232     0.1844     2.4664         10  0.000e+00
      98.58     0.0654         10   5.066870      0.001     2.8093   28.48336  -88.52364    186.039    161.353  219.90116  219.46136 1.2514e-01 2.0848e+01    102.466          1     146813    236.287    20.8630    20.8639    232.688   6117.167     2.4664     2.3346     4.9292     4.5922     0.0232     0.1844     2.4664         10  0.000e+00
      98.58     0.0654         10   5.066885      0.001     2.8398   28.48336  -88.52364    185.923    161.462  219.90018  219.46038 1.2479e-01 2.0849e+01    102.466          1     146814    236.305    20.8633    20.8639    232.706   6117.208     2.4652     2.3358     4.9292     4.5922     0.0220     0.1856     2.4652         10  0.000e+00
      98.58     0.0654         10   5.066915      0.001     2.8093   28.48336  -88.52364    185.922    161.462  219.89892  219.45911 1.2514e-01 2.0849e+01    102.466          1     146815    236.318    20.8637    20.8637    232.719   6117.250     2.4652     2.3358     4.9292     4.5922     0.0232     0.1844     2.4652         10  0.000e+00
      98.58     0.0665         10   5.066960     -0.845     2.8093   28.48336  -88.52364    185.804    161.461  219.89737  219.45755 1.2550e-01 2.0849e+01    102.431          1     146816    236.322    20.8641    20.8639    232.725   6117.292     2.4640     2.3358     4.9292     4.5910     0.0244     0.1844     2.4640         10  0.000e+00
      98.58     0.0654         10   5.066937      0.846     2.8093   28.48336  -88.52364    185.805    161.353  219.89766  219.45783 1.2514e-01 2.0849e+01    102.466          1     146817    236.338    20.8641    20.8643    232.739   6117.333     2.4640     2.3346     4.9292     4.5922     0.0232     0.1844     2.4640         10  0.000e+00
      98.58     0.0654         10   5.066997     -1.183     2.8093   28.48336  -88.52364    185.803    161.351  219.89693  219.45710 1.2514e-01 2.0849e+01    102.417          1     146818    236.300    20.8641    20.8646    232.702   6117.375     2.4640     2.3346     4.9292     4.5922     0.0232     0.1844     2.4640         10  0.000e+00
      98.58     0.0654         10   5.067042      1.184     2.8093   28.48336  -88.52364    185.803    161.350  219.89552  219.45569 1.2479e-01 2.0850e+01    102.466          1     146819    236.306    20.8644    20.8654    232.707   6117.417     2.4640     2.3346     4.9292     4.5922     0.0220     0.1844     2.4640         10  0.000e+00
      98.58     0.0665         10   5.067027     -1.183     2.8093   28.48336  -88.52364    185.685    161.456  219.89477  219.45492 1.2514e-01 2.0850e+01    102.417          1     146820    236.342    20.8647    20.8657    232.745   6117.458     2.4628     2.3358     4.9292     4.5910     0.0232     0.1844     2.4628         10  0.000e+00
      98.56     0.0665         10   5.067042      0.001     2.8398   28.48336  -88.52364    185.801    161.453  219.89459  219.45475 1.2514e-01 2.0850e+01    102.417          1     146821    236.333    20.8647    20.8664    232.736   6117.500     2.4640     2.3358     4.9280     4.5910     0.0232     0.1856     2.4640         10  0.000e+00
      98.58     0.0654         10   5.066990     -1.352     2.8093   28.48336  -88.52364    185.800    161.450  219.89518  219.45534 1.2514e-01 2.0850e+01    102.361          1     146822    236.360    20.8647    20.8675    232.765   6117.542     2.4640     2.3358     4.9292     4.5922     0.0232     0.1844     2.4640         10  0.000e+00
      98.56     0.0654         10   5.066997      1.353     2.8398   28.48336  -88.52364    185.802    161.450  219.89552  219.45568 1.2550e-01 2.0850e+01    102.417          1     146823    236.346    20.8646    20.8680    232.749   6117.583     2.4640     2.3358     4.9280     4.5922     0.0244     0.1856     2.4640         10  0.000e+00
      98.58     0.0654         10   5.067012      0.001     2.8093   28.48336  -88.52364    185.802    161.449  219.89615  219.45632 1.2514e-01 2.0850e+01    102.417          1     146824    236.311    20.8643    20.8682    232.713   6117.625     2.4640     2.3358     4.9292     4.5922     0.0232     0.1844     2.4640         10  0.000e+00
      98.58     0.0644         10   5.066952     -1.352     2.8093   28.48336  -88.52364    185.686    161.448  219.89743  219.45760 1.2550e-01 2.0849e+01    102.361          1     146825    236.322    20.8641    20.8683    232.727   6117.667     2.4628     2.3358     4.9292     4.5934     0.0244     0.1844     2.4628         10  0.000e+00
      98.58     0.0665         10   5.066960      0.001     2.8093   28.48336  -88.52364    185.570    161.448  219.89734  219.45751 1.2514e-01 2.0849e+01    102.361          1     146826    236.318    20.8641    20.8686    232.723   6117.708     2.4615     2.3358     4.9292     4.5910     0.0232     0.1844     2.4615         10  0.000e+00
      98.58     0.0654         10   5.066975      1.691     2.8093   28.48336  -88.52364    185.687    161.452  219.89630  219.45646 1.2550e-01 2.0850e+01    102.431          1     146827    236.344    20.8644    20.8675    232.746   6117.750     2.4628     2.3358     4.9292     4.5922     0.0244     0.1844     2.4628         10  0.000e+00
      98.58     0.0654         10   5.067065     -2.874     2.8093   28.48336  -88.52364    185.681    161.559  219.89287  219.45301 1.2514e-01 2.0851e+01    102.312          1     146828    236.360    20.8653    20.8671    232.766   6117.792     2.4628     2.3370     4.9292     4.5922     0.0232     0.1844     2.4628         10  0.000e+00
      98.58     0.0654         10   5.067162      1.184     2.8093   28.48336  -88.52364    185.680    161.451  219.89034  219.45047 1.2550e-01 2.0851e+01    102.361          1     146829    236.353    20.8658    20.8671    232.757   6117.833     2.4628     2.3358     4.9292     4.5922     0.0244     0.1844     2.4628         10  0.000e+00
      98.58     0.0665         10   5.067252     -1.183     2.8093   28.48336  -88.52364    185.677    161.449  219.88775  219.44787 1.2514e-01 2.0852e+01    102.312          1     146830    236.347    20.8664    20.8675    232.753   6117.875     2.4628     2.3358     4.9292     4.5910     0.0232     0.1844     2.4628         10  0.000e+00
      98.58     0.0654         10   5.067237      1.184     2.8093   28.48336  -88.52364    185.677    161.447  219.88655  219.44665 1.2550e-01 2.0852e+01    102.361          1     146831    236.405    20.8669    20.8685    232.810   6117.917     2.4628     2.3358     4.9292     4.5922     0.0244     0.1844     2.4628         10  0.000e+00
      98.58     0.0665         10   5.067319      0.001     2.8093   28.48336  -88.52364    185.675    161.554  219.88418  219.44426 1.2514e-01 2.0853e+01    102.361          1     146832    236.404    20.8674    20.8691    232.808   6117.958     2.4628     2.3370     4.9292     4.5910     0.0232     0.1844     2.4628         10  0.000e+00
