ctd/tests/data/CTD/g01l02s01.ros
* Sea-Bird SBE 9 Data File:
* FileName = D:\CTD DATA\2013\PE13-01 DiMarco\g01l02s01.hex
* Software Version Seasave V 7.21g
* Temperature SN = 4515
* Conductivity SN = 3079
* Number of Bytes Per Scan = 40
* Number of Voltage Words = 5
* Number of Scans Averaged by the Deck Unit = 1
* NMEA Latitude = 28 44.95 N
* NMEA Longitude = 088 59.96 W
* NMEA UTC (Time) = Jul 05 2012  17:39:14
* NMEA baud rate = 4800
# nquan = 31
# nvalues = 588                                   
# units = specified
# name 0 = altM: Altimeter [m]
# name 1 = bat: Beam Attenuation, Chelsea/Seatech [1/m]
# name 2 = bpos: Bottle Position in Carousel
# name 3 = c0S/m: Conductivity [S/m]
# name 4 = dz/dtM: Descent Rate [m/s]
# name 5 = wetCDOM: Fluorescence, WET Labs CDOM [mg/m^3]
# name 6 = latitude: Latitude [deg]
# name 7 = longitude: Longitude [deg]
# name 8 = sbeox0Mm/Kg: Oxygen, SBE 43 [umol/kg]
# name 9 = sbeox1Mm/Kg: Oxygen, SBE 43, 2 [umol/kg]
# name 10 = oxsolMm/Kg: Oxygen Saturation, Garcia & Gordon [umol/kg]
# name 11 = oxsatMm/Kg: Oxygen Saturation, Weiss [umol/kg]
# name 12 = par: PAR/Irradiance, Biospherical/Licor
# name 13 = pla: Plume Anomaly
# name 14 = prDM: Pressure, Digiquartz [db]
# name 15 = pumps: Pump Status
# name 16 = scan: Scan Count
# name 17 = sva: Specific Volume Anomaly [10^-8 * m^3/kg]
# name 18 = t090C: Temperature [ITS-90, deg C]
# name 19 = t190C: Temperature, 2 [ITS-90, deg C]
# name 20 = tsa: Thermosteric Anomaly [10^-8 * m^3/kg]
# name 21 = timeS: Time, Elapsed [seconds]
# name 22 = v0: Voltage 0
# name 23 = v1: Voltage 1
# name 24 = v2: Voltage 2
# name 25 = v3: Voltage 3
# name 26 = v4: Voltage 4
# name 27 = v5: Voltage 5
# name 28 = sbeox0V: Oxygen raw, SBE 43 [V]
# name 29 = nbf: Bottles Fired
# name 30 = flag:  0.000e+00
# interval = seconds: 0.0416667
# start_time = Jul 05 2012 17:39:14 [NMEA time, header]
# bad_flag = -9.990e-29
*END*
[from data line 375]
      98.66     0.1876          8   4.448858      0.000     3.4503   28.75232  -88.99146    132.820    113.983  244.31283  244.09692 1.2198e-01 1.5336e+01    201.510          1      51483    141.669    15.3633    15.3637    135.710   2145.083     1.7497     1.6642     4.9328     4.4542     0.0122     0.2100     1.7497          8  0.000e+00
      98.66     0.1887          8   4.448851      0.509     3.4503   28.75232  -88.99146    132.820    114.104  244.31295  244.09704 1.2198e-01 1.5336e+01    201.532          1      51484    141.675    15.3633    15.3635    135.716   2145.125     1.7497     1.6654     4.9328     4.4530     0.0122     0.2100     1.7497          8  0.000e+00
      98.66     0.1887          8   4.448907     -0.508     3.4503   28.75232  -88.99146    132.819    114.104  244.31207  244.09617 1.2198e-01 1.5336e+01    201.511          1      51485    141.637    15.3633    15.3633    135.677   2145.167     1.7497     1.6654     4.9328     4.4530     0.0122     0.2100     1.7497          8  0.000e+00
      98.66     0.1897          8   4.448900      0.000     3.4503   28.75232  -88.99146    132.819    114.104  244.31165  244.09574 1.2198e-01 1.5336e+01    201.511          1      51486    141.656    15.3635    15.3634    135.696   2145.208     1.7497     1.6654     4.9328     4.4518     0.0122     0.2100     1.7497          8  0.000e+00
      98.68     0.1897          8   4.448893      0.000     3.4503   28.75232  -88.99146    132.818    113.984  244.31071  244.09477 1.2198e-01 1.5336e+01    201.511          1      51487    141.689    15.3638    15.3635    135.730   2145.250     1.7497     1.6642     4.9341     4.4518     0.0122     0.2100     1.7497          8  0.000e+00
      98.66     0.1897          8   4.448915     -0.846     3.4503   28.75232  -88.99146    132.687    113.983  244.31089  244.09496 1.2198e-01 1.5336e+01    201.475          1      51488    141.659    15.3636    15.3635    135.700   2145.292     1.7485     1.6642     4.9328     4.4518     0.0122     0.2100     1.7485          8  0.000e+00
      98.66     0.1897          8   4.448929      0.847     3.4503   28.75232  -88.99146    132.818    114.104  244.31017  244.09424 1.2198e-01 1.5336e+01    201.511          1      51489    141.666    15.3638    15.3635    135.706   2145.333     1.7497     1.6654     4.9328     4.4518     0.0122     0.2100     1.7497          8  0.000e+00
      98.66     0.1897          8   4.448929      0.000     3.4503   28.75232  -88.99146    132.818    113.983  244.31017  244.09424 1.2198e-01 1.5336e+01    201.511          1      51490    141.666    15.3638    15.3637    135.706   2145.375     1.7497     1.6642     4.9328     4.4518     0.0122     0.2100     1.7497          8  0.000e+00
      98.66     0.1897          8   4.448900      0.000     3.4503   28.75232  -88.99146    132.688    113.983  244.31139  244.09547 1.2198e-01 1.5336e+01    201.511          1      51491    141.663    15.3635    15.3637    135.704   2145.417     1.7485     1.6642     4.9328     4.4518     0.0122     0.2100     1.7485          8  0.000e+00
      98.66     0.1897          8   4.448893      0.509     3.4503   28.75232  -88.99146    132.819    114.104  244.31178  244.09586 1.2164e-01 1.5336e+01    201.532          1      51492    141.662    15.3635    15.3635    135.702   2145.458     1.7497     1.6654     4.9328     4.4518     0.0110     0.2100     1.7497          8  0.000e+00
      98.66     0.1887          8   4.448893     -1.693     3.4503   28.75232  -88.99146    132.818    113.982  244.31173  244.09581 1.2198e-01 1.5336e+01    201.461          1      51493    141.657    15.3635    15.3635    135.700   2145.500     1.7497     1.6642     4.9328     4.4530     0.0122     0.2100     1.7497          8  0.000e+00
      98.68     0.1897          8   4.448893      1.186     3.4503   28.75232  -88.99146    132.819    113.861  244.31176  244.09585 1.2198e-01 1.5336e+01    201.511          1      51494    141.660    15.3635    15.3639    135.701   2145.542     1.7497     1.6630     4.9341     4.4518     0.0122     0.2100     1.7497          8  0.000e+00
      98.66     0.1897          8   4.448858      0.000     3.4503   28.75232  -88.99146    132.689    113.983  244.31230  244.09638 1.2198e-01 1.5336e+01    201.511          1      51495    141.684    15.3635    15.3637    135.725   2145.583     1.7485     1.6642     4.9328     4.4518     0.0122     0.2100     1.7485          8  0.000e+00
      98.66     0.1897          8   4.448879     -0.846     3.4503   28.75232  -88.99146    132.689    114.103  244.31301  244.09711 1.2198e-01 1.5336e+01    201.475          1      51496    141.639    15.3631    15.3639    135.681   2145.625     1.7485     1.6654     4.9328     4.4518     0.0122     0.2100     1.7485          8  0.000e+00
      98.66     0.1897          8   4.448915      0.847     3.4503   28.75232  -88.99146    132.819    113.982  244.31196  244.09606 1.2198e-01 1.5336e+01    201.511          1      51497    141.632    15.3633    15.3639    135.673   2145.667     1.7497     1.6642     4.9328     4.4518     0.0122     0.2100     1.7497          8  0.000e+00
      98.66     0.1897          8   4.448900     -1.185     3.4503   28.75232  -88.99146    132.818    114.102  244.31215  244.09624 1.2198e-01 1.5336e+01    201.461          1      51498    141.638    15.3633    15.3639    135.680   2145.708     1.7497     1.6654     4.9328     4.4518     0.0122     0.2100     1.7497          8  0.000e+00
      98.66     0.1897          8   4.448858      1.186     3.4503   28.75232  -88.99146    132.820    113.982  244.31335  244.09746 1.2198e-01 1.5336e+01    201.511          1      51499    141.655    15.3631    15.3641    135.696   2145.750     1.7497     1.6642     4.9328     4.4518     0.0122     0.2100     1.7497          8  0.000e+00
      98.66     0.1255          9   4.698621     -2.369     3.3282   28.75236  -88.99096    136.101    117.171  234.08562  233.76629 1.2198e-01 1.7469e+01    151.761          1      54449    165.518    17.4906    17.4908    160.636   2268.667     1.8449     1.7534     4.9328     4.5238     0.0122     0.2051     1.8449          9  0.000e+00
      98.66     0.1244          9   4.698665      3.723     3.3282   28.75236  -88.99096    136.103    117.172  234.08394  233.76459 1.2198e-01 1.7469e+01    151.916          1      54450    165.535    17.4910    17.4910    160.648   2268.708     1.8449     1.7534     4.9328     4.5250     0.0122     0.2051     1.8449          9  0.000e+00
      98.66     0.1255          9   4.698643     -1.353     3.3587   28.75236  -88.99096    136.102    117.287  234.08432  233.76498 1.2198e-01 1.7469e+01    151.859          1      54451    165.542    17.4910    17.4911    160.657   2268.750     1.8449     1.7546     4.9328     4.5238     0.0122     0.2063     1.8449          9  0.000e+00
      98.63     0.1244          9   4.698664     -1.184     3.3282   28.75236  -88.99096    136.225    117.285  234.08458  233.76525 1.2198e-01 1.7469e+01    151.810          1      54452    165.507    17.4908    17.4915    160.624   2268.792     1.8462     1.7546     4.9316     4.5250     0.0122     0.2051     1.8462          9  0.000e+00
      98.63     0.1255          9   4.698701      1.185     3.3282   28.75236  -88.99096    136.101    117.286  234.08246  233.76311 1.2198e-01 1.7470e+01    151.859          1      54453    165.537    17.4913    17.4914    160.652   2268.833     1.8449     1.7546     4.9316     4.5238     0.0122     0.2051     1.8449          9  0.000e+00
      98.66     0.1276          9   4.698744     -2.369     3.3282   28.75236  -88.99096    136.098    117.284  234.08121  233.76185 1.2198e-01 1.7470e+01    151.761          1      54454    165.521    17.4915    17.4915    160.639   2268.875     1.8449     1.7546     4.9328     4.5214     0.0122     0.2051     1.8449          9  0.000e+00
      98.66     0.1276          9   4.698722      0.000     3.3282   28.75236  -88.99096    136.098    117.282  234.08116  233.76179 1.2198e-01 1.7470e+01    151.761          1      54455    165.545    17.4916    17.4929    160.663   2268.917     1.8449     1.7546     4.9328     4.5214     0.0122     0.2051     1.8449          9  0.000e+00
      98.63     0.1276          9   4.698773      3.723     3.3282   28.75236  -88.99096    136.224    117.168  234.07997  233.76059 1.2198e-01 1.7470e+01    151.916          1      54456    165.540    17.4918    17.4932    160.653   2268.958     1.8462     1.7534     4.9316     4.5214     0.0122     0.2051     1.8462          9  0.000e+00
      98.63     0.1276          9   4.698824     -3.723     3.3282   28.75236  -88.99096    136.097    117.282  234.07905  233.75968 1.2198e-01 1.7470e+01    151.761          1      54457    165.502    17.4919    17.4929    160.620   2269.000     1.8449     1.7546     4.9316     4.5214     0.0122     0.2051     1.8449          9  0.000e+00
      98.66     0.1266          9   4.698839      2.370     3.3282   28.75236  -88.99096    136.098    117.284  234.07750  233.75810 1.2198e-01 1.7471e+01    151.860          1      54458    165.541    17.4924    17.4924    160.656   2269.042     1.8449     1.7546     4.9328     4.5226     0.0122     0.2051     1.8449          9  0.000e+00
      98.66     0.1276          9   4.698839     -1.184     3.3282   28.75236  -88.99096    136.096    117.284  234.07653  233.75712 1.2198e-01 1.7471e+01    151.810          1      54459    165.566    17.4927    17.4922    160.682   2269.083     1.8449     1.7546     4.9328     4.5214     0.0122     0.2051     1.8449          9  0.000e+00
      98.66     0.1276          9   4.698926      0.000     3.3282   28.75236  -88.99096    135.971    117.283  234.07474  233.75532 1.2198e-01 1.7471e+01    151.810          1      54460    165.529    17.4929    17.4924    160.645   2269.125     1.8437     1.7546     4.9328     4.5214     0.0122     0.2051     1.8437          9  0.000e+00
      98.66     0.1266          9   4.698955      1.185     3.3282   28.75236  -88.99096    136.095    117.169  234.07320  233.75376 1.2198e-01 1.7472e+01    151.860          1      54461    165.548    17.4933    17.4924    160.663   2269.167     1.8449     1.7534     4.9328     4.5226     0.0122     0.2051     1.8449          9  0.000e+00
      98.66     0.1276          9   4.698984     -1.184     3.3282   28.75236  -88.99096    136.093    117.168  234.07136  233.75190 1.2198e-01 1.7472e+01    151.810          1      54462    165.569    17.4937    17.4924    160.685   2269.208     1.8449     1.7534     4.9328     4.5214     0.0122     0.2051     1.8449          9  0.000e+00
      98.66     0.1266          9   4.698998      0.000     3.3282   28.75236  -88.99096    136.094    117.168  234.07174  233.75230 1.2198e-01 1.7472e+01    151.810          1      54463    165.542    17.4936    17.4925    160.659   2269.250     1.8449     1.7534     4.9328     4.5226     0.0122     0.2051     1.8449          9  0.000e+00
      98.66     0.1266          9   4.699027     -1.184     3.3282   28.75236  -88.99096    136.092    117.167  234.07061  233.75115 1.2198e-01 1.7472e+01    151.761          1      54464    165.542    17.4938    17.4924    160.660   2269.292     1.8449     1.7534     4.9328     4.5226     0.0122     0.2051     1.8449          9  0.000e+00
      98.66     0.1266          9   4.699064      2.370     3.3282   28.75236  -88.99096    136.093    117.284  234.06982  233.75035 1.2198e-01 1.7472e+01    151.860          1      54465    165.536    17.4939    17.4924    160.650   2269.333     1.8449     1.7546     4.9328     4.5226     0.0122     0.2051     1.8449          9  0.000e+00
      98.66     0.1276          9   4.699078     -2.369     3.3282   28.75236  -88.99096    136.091    117.282  234.06850  233.74902 1.2198e-01 1.7473e+01    151.761          1      54466    165.552    17.4943    17.4925    160.670   2269.375     1.8449     1.7546     4.9328     4.5214     0.0122     0.2051     1.8449          9  0.000e+00
      98.66     0.1276          9   4.699100      2.370     3.2672   28.75236  -88.99096    136.092    117.284  234.06732  233.74782 1.2198e-01 1.7473e+01    151.860          1      54467    165.573    17.4946    17.4924    160.687   2269.417     1.8449     1.7546     4.9328     4.5214     0.0122     0.2027     1.8449          9  0.000e+00
      98.66     0.1266          9   4.699143     -2.369     3.2366   28.75236  -88.99096    136.089    117.167  234.06595  233.74645 1.2198e-01 1.7473e+01    151.761          1      54468    165.560    17.4948    17.4925    160.678   2269.458     1.8449     1.7534     4.9328     4.5226     0.0122     0.2015     1.8449          9  0.000e+00
      98.66     0.1276          9   4.699122      1.185     3.2366   28.75236  -88.99096    136.090    117.281  234.06640  233.74689 1.2198e-01 1.7473e+01    151.810          1      54469    165.573    17.4948    17.4930    160.689   2269.500     1.8449     1.7546     4.9328     4.5214     0.0122     0.2015     1.8449          9  0.000e+00
      98.63     0.1276          9   4.699172      0.000     3.2366   28.75236  -88.99096    135.966    117.279  234.06523  233.74572 1.2198e-01 1.7473e+01    151.810          1      54470    165.555    17.4949    17.4946    160.671   2269.542     1.8437     1.7546     4.9316     4.5214     0.0122     0.2015     1.8437          9  0.000e+00
      98.63     0.1276          9   4.699129      0.000     3.2366   28.75236  -88.99096    136.091    117.277  234.06689  233.74739 1.2198e-01 1.7473e+01    151.810          1      54471    165.551    17.4946    17.4948    160.667   2269.583     1.8449     1.7546     4.9316     4.5214     0.0122     0.2015     1.8449          9  0.000e+00
      98.63     0.1276          9   4.699085     -1.184     3.2366   28.75236  -88.99096    136.090    117.274  234.06781  233.74832 1.2198e-01 1.7473e+01    151.761          1      54472    165.565    17.4945    17.4956    160.683   2269.625     1.8449     1.7546     4.9316     4.5214     0.0122     0.2015     1.8449          9  0.000e+00
      98.66     0.1266          9   4.699107      1.185     3.2366   28.75236  -88.99096    136.091    117.273  234.06660  233.74709 1.2198e-01 1.7473e+01    151.810          1      54473    165.583    17.4948    17.4962    160.699   2269.667     1.8449     1.7546     4.9328     4.5226     0.0122     0.2015     1.8449          9  0.000e+00
      98.63     0.1276          9   4.699056      0.000     3.2366   28.75236  -88.99096    136.091    117.266  234.06789  233.74839 1.2198e-01 1.7473e+01    151.810          1      54474    165.597    17.4946    17.4994    160.713   2269.708     1.8449     1.7546     4.9316     4.5214     0.0122     0.2015     1.8449          9  0.000e+00
      98.66     0.1266          9   4.699151     -1.184     3.2366   28.75236  -88.99096    136.090    117.259  234.06656  233.74706 1.2198e-01 1.7473e+01    151.761          1      54475    165.534    17.4946    17.5027    160.652   2269.750     1.8449     1.7546     4.9328     4.5226     0.0122     0.2015     1.8449          9  0.000e+00
      98.66     0.1266          9   4.699129      1.185     3.2366   28.75236  -88.99096    136.214    117.258  234.06559  233.74608 1.2198e-01 1.7473e+01    151.810          1      54476    165.590    17.4950    17.5037    160.706   2269.792     1.8462     1.7546     4.9328     4.5226     0.0122     0.2015     1.8462          9  0.000e+00
      98.63     0.1276          9   4.699180      0.000     3.2366   28.75236  -88.99096    136.089    117.256  234.06454  233.74502 1.2198e-01 1.7474e+01    151.810          1      54477    165.568    17.4951    17.5046    160.684   2269.833     1.8449     1.7546     4.9316     4.5214     0.0122     0.2015     1.8449          9  0.000e+00
