ctd/tests/data/CTD/g01l04s03m.ros
* Sea-Bird SBE 9 Data File:
* FileName = D:\CTD DATA\2013\PE13-01 DiMarco\G01L04S03M.hex
* Software Version Seasave V 7.21g
* Temperature SN = 4515
* Conductivity SN = 3079
* Number of Bytes Per Scan = 40
* Number of Voltage Words = 5
* Number of Scans Averaged by the Deck Unit = 1
* NMEA Latitude = 28 29.20 N
* NMEA Longitude = 088 30.11 W
* NMEA UTC (Time) = Jul 06 2012  23:35:45
* NMEA baud rate = 4800
# nquan = 31
# nvalues = 588                                   
# units = specified
# name 0 = altM: Altimeter [m]
# name 1 = bat: Beam Attenuation, Chelsea/Seatech [1/m]
# name 2 = bpos: Bottle Position in Carousel
# name 3 = c0S/m: Conductivity [S/m]
# name 4 = dz/dtM: Descent Rate [m/s]
# name 5 = wetCDOM: Fluorescence, WET Labs CDOM [mg/m^3]
# name 6 = latitude: Latitude [deg]
# name 7 = longitude: Longitude [deg]
# name 8 = sbeox0Mm/Kg: Oxygen, SBE 43 [umol/kg]
# name 9 = sbeox1Mm/Kg: Oxygen, SBE 43, 2 [umol/kg]
# name 10 = oxsolMm/Kg: Oxygen Saturation, Garcia & Gordon [umol/kg]
# name 11 = oxsatMm/Kg: Oxygen Saturation, Weiss [umol/kg]
# name 12 = par: PAR/Irradiance, Biospherical/Licor
# name 13 = pla: Plume Anomaly
# name 14 = prDM: Pressure, Digiquartz [db]
# name 15 = pumps: Pump Status
# name 16 = scan: Scan Count
# name 17 = sva: Specific Volume Anomaly [10^-8 * m^3/kg]
# name 18 = t090C: Temperature [ITS-90, deg C]
# name 19 = t190C: Temperature, 2 [ITS-90, deg C]
# name 20 = tsa: Thermosteric Anomaly [10^-8 * m^3/kg]
# name 21 = timeS: Time, Elapsed [seconds]
# name 22 = v0: Voltage 0
# name 23 = v1: Voltage 1
# name 24 = v2: Voltage 2
# name 25 = v3: Voltage 3
# name 26 = v4: Voltage 4
# name 27 = v5: Voltage 5
# name 28 = sbeox0V: Oxygen raw, SBE 43 [V]
# name 29 = nbf: Bottles Fired
# name 30 = flag:  0.000e+00
# interval = seconds: 0.0416667
# start_time = Jul 06 2012 23:35:45 [NMEA time, header]
# bad_flag = -9.990e-29
*END*
[from data line 94]
      98.66     0.0516          2   3.346072      1.214     3.3282   28.48294  -88.51462    214.223    181.668  312.26810  313.04257 1.2802e-01 4.2314e+00   1415.514          1      82930     50.724     4.3467     4.3461     36.538   3455.375     1.8339     1.7314     4.9328     4.6081     0.0330     0.2051     1.8339          2  0.000e+00
      98.66     0.0506          2   3.346053     -1.212     3.3587   28.48294  -88.51462    214.418    181.666  312.26784  313.04228 1.2802e-01 4.2316e+00   1415.464          1      82931     50.750     4.3468     4.3461     36.566   3455.417     1.8352     1.7314     4.9328     4.6093     0.0330     0.2063     1.8352          2  0.000e+00
      98.63     0.0506          2   3.346072      0.001     3.3587   28.48294  -88.51462    214.417    181.666  312.26635  313.04076 1.2802e-01 4.2318e+00   1415.464          1      82932     50.752     4.3470     4.3461     36.566   3455.458     1.8352     1.7314     4.9316     4.6093     0.0330     0.2063     1.8352          2  0.000e+00
      98.66     0.0506          2   3.346053      1.214     3.3587   28.48294  -88.51462    214.419    181.667  312.26789  313.04233 1.2766e-01 4.2316e+00   1415.514          1      82933     50.753     4.3468     4.3461     36.568   3455.500     1.8352     1.7314     4.9328     4.6093     0.0317     0.2063     1.8352          2  0.000e+00
      98.66     0.0580          3   3.345912     -1.210     3.4503   28.48288  -88.51538    211.333    178.867  311.90913  312.67665 1.2839e-01 4.2895e+00   1313.431          1      88504     50.613     4.3958     4.3952     37.292   3687.625     1.8352     1.7302     4.9328     4.6007     0.0342     0.2100     1.8352          3  0.000e+00
      98.66     0.0580          3   3.345969     -1.383     3.4503   28.48288  -88.51538    211.331    178.866  311.90750  312.67505 1.2839e-01 4.2895e+00   1313.374          1      88505     50.562     4.3958     4.3952     37.240   3687.667     1.8352     1.7302     4.9328     4.6007     0.0342     0.2100     1.8352          3  0.000e+00
      98.66     0.0569          3   3.345931      2.769     3.4503   28.48288  -88.51538    211.140    178.869  311.90867  312.67620 1.2839e-01 4.2895e+00   1313.489          1      88506     50.600     4.3958     4.3950     37.278   3687.708     1.8339     1.7302     4.9328     4.6020     0.0342     0.2100     1.8339          3  0.000e+00
      98.66     0.0580          3   3.345918     -1.383     3.4503   28.48288  -88.51538    211.140    178.867  311.90992  312.67747 1.2839e-01 4.2893e+00   1313.431          1      88507     50.590     4.3956     4.3952     37.270   3687.750     1.8339     1.7302     4.9328     4.6007     0.0342     0.2100     1.8339          3  0.000e+00
      98.66     0.0580          3   3.345943     -1.383     3.4503   28.48288  -88.51540    211.137    178.866  311.90820  312.67573 1.2839e-01 4.2895e+00   1313.374          1      88508     50.583     4.3958     4.3950     37.262   3687.792     1.8339     1.7302     4.9328     4.6007     0.0342     0.2100     1.8339          3  0.000e+00
      98.66     0.0580          3   3.345924      1.385     3.4503   28.48288  -88.51540    211.139    178.867  311.90878  312.67631 1.2839e-01 4.2895e+00   1313.432          1      88509     50.602     4.3958     4.3952     37.281   3687.833     1.8339     1.7302     4.9328     4.6007     0.0342     0.2100     1.8339          3  0.000e+00
      98.66     0.0569          3   3.345937     -1.383     3.4503   28.48288  -88.51540    211.137    178.866  311.90837  312.67590 1.2839e-01 4.2895e+00   1313.374          1      88510     50.589     4.3958     4.3952     37.268   3687.875     1.8339     1.7302     4.9328     4.6020     0.0342     0.2100     1.8339          3  0.000e+00
      98.66     0.0580          3   3.345886      1.385     3.4503   28.48288  -88.51540    211.140    178.867  311.90982  312.67733 1.2839e-01 4.2895e+00   1313.432          1      88511     50.635     4.3958     4.3950     37.315   3687.917     1.8339     1.7302     4.9328     4.6007     0.0342     0.2100     1.8339          3  0.000e+00
      98.66     0.0580          3   3.345950      0.001     3.4503   28.48288  -88.51540    211.139    179.046  311.90905  312.67662 1.2839e-01 4.2893e+00   1313.432          1      88512     50.563     4.3956     4.3952     37.242   3687.958     1.8339     1.7314     4.9328     4.6007     0.0342     0.2100     1.8339          3  0.000e+00
      98.66     0.0580          3   3.345962     -1.383     3.4503   28.48288  -88.51540    211.137    179.044  311.90864  312.67622 1.2839e-01 4.2893e+00   1313.374          1      88513     50.550     4.3956     4.3952     37.229   3688.000     1.8339     1.7314     4.9328     4.6007     0.0342     0.2100     1.8339          3  0.000e+00
      98.66     0.0580          3   3.345950      1.385     3.4503   28.48288  -88.51540    211.138    179.046  311.90809  312.67562 1.2875e-01 4.2895e+00   1313.432          1      88514     50.581     4.3958     4.3951     37.259   3688.042     1.8339     1.7314     4.9328     4.6007     0.0354     0.2100     1.8339          3  0.000e+00
      98.66     0.0580          3   3.345924      0.001     3.4503   28.48288  -88.51540    210.945    178.867  311.90974  312.67730 1.2839e-01 4.2893e+00   1313.432          1      88515     50.585     4.3956     4.3952     37.264   3688.083     1.8327     1.7302     4.9328     4.6007     0.0342     0.2100     1.8327          3  0.000e+00
      98.66     0.0580          3   3.345918      0.001     3.4503   28.48288  -88.51540    211.139    178.867  311.90895  312.67648 1.2839e-01 4.2895e+00   1313.432          1      88516     50.608     4.3958     4.3952     37.287   3688.125     1.8339     1.7302     4.9328     4.6007     0.0342     0.2100     1.8339          3  0.000e+00
      98.66     0.0580          3   3.345943      0.001     3.4808   28.48288  -88.51540    211.139    178.867  311.90826  312.67579 1.2839e-01 4.2895e+00   1313.432          1      88517     50.586     4.3958     4.3950     37.265   3688.167     1.8339     1.7302     4.9328     4.6007     0.0342     0.2112     1.8339          3  0.000e+00
      98.66     0.0580          3   3.345924     -1.383     3.5114   28.48288  -88.51540    211.138    178.865  311.90968  312.67724 1.2839e-01 4.2893e+00   1313.374          1      88518     50.582     4.3956     4.3953     37.262   3688.208     1.8339     1.7302     4.9328     4.6007     0.0342     0.2125     1.8339          3  0.000e+00
      98.66     0.0580          3   3.345918      1.385     3.5114   28.48288  -88.51540    211.139    178.687  311.90895  312.67648 1.2875e-01 4.2895e+00   1313.432          1      88519     50.608     4.3958     4.3952     37.287   3688.250     1.8339     1.7289     4.9328     4.6007     0.0354     0.2125     1.8339          3  0.000e+00
      98.66     0.0580          3   3.345943      0.001     3.5114   28.48288  -88.51540    211.139    178.688  311.90826  312.67579 1.2839e-01 4.2895e+00   1313.432          1      88520     50.586     4.3958     4.3950     37.265   3688.292     1.8339     1.7289     4.9328     4.6007     0.0342     0.2125     1.8339          3  0.000e+00
      98.66     0.0580          3   3.345950     -1.383     3.5114   28.48288  -88.51540    211.137    178.865  311.90802  312.67556 1.2839e-01 4.2895e+00   1313.374          1      88521     50.578     4.3958     4.3952     37.257   3688.333     1.8339     1.7302     4.9328     4.6007     0.0342     0.2125     1.8339          3  0.000e+00
      98.66     0.0580          3   3.345950      1.385     3.5114   28.48288  -88.51540    211.139    178.866  311.90905  312.67662 1.2839e-01 4.2893e+00   1313.432          1      88522     50.563     4.3956     4.3953     37.242   3688.375     1.8339     1.7302     4.9328     4.6007     0.0342     0.2125     1.8339          3  0.000e+00
      98.66     0.0580          3   3.345969      1.212     3.4808   28.48288  -88.51540    211.334    178.868  311.90763  312.67517 1.2839e-01 4.2895e+00   1313.483          1      88523     50.567     4.3958     4.3951     37.244   3688.417     1.8352     1.7302     4.9328     4.6007     0.0342     0.2112     1.8352          3  0.000e+00
      98.66     0.0580          3   3.345962     -2.421     3.5114   28.48288  -88.51540    211.138    178.865  311.90865  312.67622 1.2839e-01 4.2893e+00   1313.382          1      88524     50.550     4.3956     4.3952     37.229   3688.458     1.8339     1.7302     4.9328     4.6007     0.0342     0.2125     1.8339          3  0.000e+00
      98.66     0.0580          3   3.345899      0.001     3.5114   28.48288  -88.51540    211.138    178.865  311.90941  312.67693 1.2949e-01 4.2895e+00   1313.382          1      88525     50.622     4.3958     4.3952     37.302   3688.500     1.8339     1.7302     4.9328     4.6007     0.0379     0.2125     1.8339          3  0.000e+00
      98.66     0.0569          3   3.345931      1.212     3.4808   28.48288  -88.51540    211.334    178.867  311.90957  312.67713 1.3097e-01 4.2893e+00   1313.432          1      88526     50.580     4.3956     4.3951     37.259   3688.542     1.8352     1.7302     4.9328     4.6020     0.0427     0.2112     1.8352          3  0.000e+00
      98.63     0.0580          3   3.345931     -1.210     3.5114   28.48288  -88.51540    211.137    178.865  311.90855  312.67608 1.3172e-01 4.2895e+00   1313.382          1      88527     50.595     4.3958     4.3952     37.274   3688.583     1.8339     1.7302     4.9316     4.6007     0.0452     0.2125     1.8339          3  0.000e+00
      98.66     0.0580          3   3.345943      2.423     3.5114   28.48288  -88.51540    211.140    178.867  311.90832  312.67585 1.3097e-01 4.2895e+00   1313.483          1      88528     50.588     4.3958     4.3953     37.266   3688.625     1.8339     1.7302     4.9328     4.6007     0.0427     0.2125     1.8339          3  0.000e+00
      98.66     0.0580          3   3.345924     -2.421     3.5114   28.48288  -88.51540    211.137    179.046  311.90872  312.67625 1.2875e-01 4.2895e+00   1313.382          1      88529     50.600     4.3958     4.3950     37.279   3688.667     1.8339     1.7314     4.9328     4.6007     0.0354     0.2125     1.8339          3  0.000e+00
      98.63     0.0569          3   3.345943      0.001     3.5114   28.48288  -88.51540    211.136    178.865  311.90676  312.67424 1.2802e-01 4.2898e+00   1313.382          1      88530     50.610     4.3961     4.3952     37.288   3688.708     1.8339     1.7302     4.9316     4.6020     0.0330     0.2125     1.8339          3  0.000e+00
      98.66     0.0569          3   3.345950      1.212     3.5114   28.48288  -88.51540    211.139    179.045  311.90881  312.67637 1.2839e-01 4.2893e+00   1313.432          1      88531     50.568     4.3957     4.3953     37.246   3688.750     1.8339     1.7314     4.9328     4.6020     0.0342     0.2125     1.8339          3  0.000e+00
      98.66     0.0569          3   3.345975     -1.210     3.5114   28.48288  -88.51540    211.330    179.044  311.90590  312.67339 1.2839e-01 4.2898e+00   1313.382          1      88532     50.583     4.3961     4.3954     37.261   3688.792     1.8352     1.7314     4.9328     4.6020     0.0342     0.2125     1.8352          3  0.000e+00
      98.66     0.0569          3   3.345956      1.212     3.5114   28.48288  -88.51540    211.332    179.047  311.90792  312.67545 1.2839e-01 4.2895e+00   1313.432          1      88533     50.575     4.3958     4.3950     37.253   3688.833     1.8352     1.7314     4.9328     4.6020     0.0342     0.2125     1.8352          3  0.000e+00
      98.66     0.0569          3   3.345969      0.001     3.5114   28.48288  -88.51540    211.139    178.866  311.90854  312.67611 1.2839e-01 4.2893e+00   1313.432          1      88534     50.547     4.3956     4.3953     37.225   3688.875     1.8339     1.7302     4.9328     4.6020     0.0342     0.2125     1.8339          3  0.000e+00
      98.66     0.0569          3   3.345962     -1.210     3.5114   28.48288  -88.51540    211.331    178.866  311.90769  312.67523 1.2839e-01 4.2895e+00   1313.382          1      88535     50.568     4.3958     4.3951     37.246   3688.917     1.8352     1.7302     4.9328     4.6020     0.0342     0.2125     1.8352          3  0.000e+00
      98.66     0.0580          3   3.345950     -0.172     3.4808   28.48288  -88.51540    211.136    178.866  311.90730  312.67481 1.2839e-01 4.2896e+00   1313.375          1      88536     50.591     4.3960     4.3952     37.270   3688.958     1.8339     1.7302     4.9328     4.6007     0.0342     0.2112     1.8339          3  0.000e+00
      98.66     0.0569          3   3.345950      1.385     3.5114   28.48288  -88.51540    211.138    178.866  311.90809  312.67562 1.2839e-01 4.2895e+00   1313.433          1      88537     50.581     4.3958     4.3953     37.259   3689.000     1.8339     1.7302     4.9328     4.6020     0.0342     0.2125     1.8339          3  0.000e+00
      98.66     0.0580          3   3.345975     -1.210     3.4808   28.48288  -88.51540    211.136    178.867  311.90662  312.67414 1.2839e-01 4.2896e+00   1313.382          1      88538     50.570     4.3960     4.3950     37.248   3689.042     1.8339     1.7302     4.9328     4.6007     0.0342     0.2112     1.8339          3  0.000e+00
      98.66     0.0569          3   3.345956      1.212     3.5114   28.48288  -88.51540    211.138    179.046  311.90792  312.67545 1.2839e-01 4.2895e+00   1313.433          1      88539     50.575     4.3958     4.3953     37.253   3689.083     1.8339     1.7314     4.9328     4.6020     0.0342     0.2125     1.8339          3  0.000e+00
      98.63     0.0569          3   3.345950     -1.210     3.5114   28.48288  -88.51540    211.331    179.045  311.90803  312.67557 1.2839e-01 4.2895e+00   1313.382          1      88540     50.578     4.3958     4.3953     37.257   3689.125     1.8352     1.7314     4.9316     4.6020     0.0342     0.2125     1.8352          3  0.000e+00
      98.66     0.0569          3   3.345950      1.212     3.5114   28.48288  -88.51540    211.138    179.045  311.90809  312.67563 1.2839e-01 4.2895e+00   1313.433          1      88541     50.581     4.3958     4.3954     37.259   3689.167     1.8339     1.7314     4.9328     4.6020     0.0342     0.2125     1.8339          3  0.000e+00
      98.66     0.0569          3   3.345969     -1.210     3.5114   28.48288  -88.51540    211.136    179.046  311.90679  312.67431 1.2839e-01 4.2896e+00   1313.382          1      88542     50.575     4.3960     4.3950     37.253   3689.208     1.8339     1.7314     4.9328     4.6020     0.0342     0.2125     1.8339          3  0.000e+00
      98.66     0.0559          3   3.345937      0.001     3.5114   28.48288  -88.51540    211.332    178.864  311.90934  312.67691 1.2839e-01 4.2893e+00   1313.382          1      88543     50.572     4.3956     4.3954     37.251   3689.250     1.8352     1.7302     4.9328     4.6032     0.0342     0.2125     1.8352          3  0.000e+00
      98.63     0.0580          3   3.345943      1.212     3.4808   28.48288  -88.51540    211.139    178.867  311.90826  312.67580 1.2839e-01 4.2895e+00   1313.433          1      88544     50.586     4.3958     4.3951     37.265   3689.292     1.8339     1.7302     4.9316     4.6007     0.0342     0.2112     1.8339          3  0.000e+00
      98.66     0.0569          3   3.345924     -1.210     3.4808   28.48288  -88.51540    211.137    178.865  311.90800  312.67550 1.2839e-01 4.2896e+00   1313.382          1      88545     50.613     4.3960     4.3953     37.292   3689.333     1.8339     1.7302     4.9328     4.6020     0.0342     0.2112     1.8339          3  0.000e+00
