ctd/tests/data/CTD/g01l02s01.ros
* Sea-Bird SBE 9 Data File:
* FileName = D:\CTD DATA\2013\PE13-01 DiMarco\g01l02s01.hex
* Software Version Seasave V 7.21g
* Temperature SN = 4515
* Conductivity SN = 3079
* Number of Bytes Per Scan = 40
* Number of Voltage Words = 5
* Number of Scans Averaged by the Deck Unit = 1
* NMEA Latitude = 28 44.95 N
* NMEA Longitude = 088 59.96 W
* NMEA UTC (Time) = Jul 05 2012  17:39:14
* NMEA baud rate = 4800
# nquan = 31
# nvalues = 588                                   
# units = specified
# name 0 = altM: Altimeter [m]
# name 1 = bat: Beam Attenuation, Chelsea/Seatech [1/m]
# name 2 = bpos: Bottle Position in Carousel
# name 3 = c0S/m: Conductivity [S/m]
# name 4 = dz/dtM: Descent Rate [m/s]
# name 5 = wetCDOM: Fluorescence, WET Labs CDOM [mg/m^3]
# name 6 = latitude: Latitude [deg]
# name 7 = longitude: Longitude [deg]
# name 8 = sbeox0Mm/Kg: Oxygen, SBE 43 [umol/kg]
# name 9 = sbeox1Mm/Kg: Oxygen, SBE 43, 2 [umol/kg]
# name 10 = oxsolMm/Kg: Oxygen Saturation, Garcia & Gordon [umol/kg]
# name 11 = oxsatMm/Kg: Oxygen Saturation, Weiss [umol/kg]
# name 12 = par: PAR/Irradiance, Biospherical/Licor
# name 13 = pla: Plume Anomaly
# name 14 = prDM: Pressure, Digiquartz [db]
# name 15 = pumps: Pump Status
# name 16 = scan: Scan Count
# name 17 = sva: Specific Volume Anomaly [10^-8 * m^3/kg]
# name 18 = t090C: Temperature [ITS-90, deg C]
# name 19 = t190C: Temperature, 2 [ITS-90, deg C]
# name 20 = tsa: Thermosteric Anomaly [10^-8 * m^3/kg]
# name 21 = timeS: Time, Elapsed [seconds]
# name 22 = v0: Voltage 0
# name 23 = v1: Voltage 1
# name 24 = v2: Voltage 2
# name 25 = v3: Voltage 3
# name 26 = v4: Voltage 4
# name 27 = v5: Voltage 5
# name 28 = sbeox0V: Oxygen raw, SBE 43 [V]
# name 29 = nbf: Bottles Fired
# name 30 = flag:  0.000e+00
# interval = seconds: 0.0416667
# start_time = Jul 05 2012 17:39:14 [NMEA time, header]
# bad_flag = -9.990e-29
*END*
[from data line 94]
      14.31     0.0665          2   3.712063      0.000     3.5419   28.75132  -88.99432    123.607    104.996  282.48013  282.74953 1.2198e-01 8.6364e+00    504.358          1      32267     95.456     8.6890     8.6878     86.023   1344.417     1.4652     1.3956     0.7155     4.5910     0.0122     0.2137     1.4652          2  0.000e+00
      14.29     0.0654          2   3.712010      1.193     3.5419   28.75132  -88.99432    123.609    104.996  282.48245  282.75187 1.2198e-01 8.6361e+00    504.407          1      32268     95.476     8.6887     8.6880     86.043   1344.458     1.4652     1.3956     0.7143     4.5922     0.0122     0.2137     1.4652          2  0.000e+00
      14.29     0.0665          2   3.711937      0.000     3.5419   28.75132  -88.99432    123.610    104.996  282.48535  282.75478 1.2198e-01 8.6358e+00    504.407          1      32269     95.504     8.6884     8.6881     86.071   1344.500     1.4652     1.3956     0.7143     4.5910     0.0122     0.2137     1.4652          2  0.000e+00
      14.29     0.0654          2   3.711964     -1.192     3.5419   28.75132  -88.99432    123.609    105.139  282.48473  282.75417 1.2198e-01 8.6358e+00    504.358          1      32270     95.481     8.6884     8.6886     86.049   1344.542     1.4652     1.3968     0.7143     4.5922     0.0122     0.2137     1.4652          2  0.000e+00
      98.71     0.0686          3   3.751650     -4.936     3.6029   28.75152  -88.99382    123.785    105.171  279.90579  280.13756 1.2198e-01 9.0441e+00    452.385          1      35690     97.800     9.0922     9.0916     89.001   1487.042     1.4823     1.4115     4.9353     4.5885     0.0122     0.2161     1.4823          3  0.000e+00
      98.71     0.0697          3   3.751630      4.936     3.6029   28.75152  -88.99382    123.789    105.316  279.90640  280.13817 1.2198e-01 9.0441e+00    452.591          1      35691     97.826     9.0922     9.0917     89.024   1487.083     1.4823     1.4127     4.9353     4.5873     0.0122     0.2161     1.4823          3  0.000e+00
      98.71     0.0697          3   3.751690     -1.191     3.6029   28.75152  -88.99382    123.788    105.316  279.90639  280.13821 1.2198e-01 9.0438e+00    452.541          1      35692     97.750     9.0919     9.0916     88.948   1487.125     1.4823     1.4127     4.9353     4.5873     0.0122     0.2161     1.4823          3  0.000e+00
      98.73     0.0697          3   3.751663      1.192     3.6029   28.75152  -88.99382    123.789    105.315  279.90718  280.13900 1.2198e-01 9.0437e+00    452.591          1      35693     97.769     9.0918     9.0923     88.966   1487.167     1.4823     1.4127     4.9365     4.5873     0.0122     0.2161     1.4823          3  0.000e+00
      98.71     0.0708          3   3.751630     -1.191     3.6335   28.75152  -88.99382    123.789    105.316  279.90783  280.13964 1.2198e-01 9.0437e+00    452.541          1      35694     97.791     9.0918     9.0918     88.990   1487.208     1.4823     1.4127     4.9353     4.5861     0.0122     0.2173     1.4823          3  0.000e+00
      98.71     0.0697          3   3.751643      0.000     3.6029   28.75152  -88.99382    123.789    105.172  279.90811  280.13994 1.2198e-01 9.0436e+00    452.541          1      35695     97.769     9.0917     9.0921     88.968   1487.250     1.4823     1.4115     4.9353     4.5873     0.0122     0.2161     1.4823          3  0.000e+00
      98.73     0.0697          3   3.751656      0.000     3.6029   28.75152  -88.99382    123.788    105.173  279.90653  280.13833 1.2198e-01 9.0439e+00    452.541          1      35696     97.787     9.0920     9.0918     88.986   1487.292     1.4823     1.4115     4.9365     4.5873     0.0122     0.2161     1.4823          3  0.000e+00
      98.71     0.0697          3   3.751650     -1.361     3.6029   28.75152  -88.99382    123.787    105.172  279.90662  280.13841 1.2198e-01 9.0439e+00    452.484          1      35697     97.789     9.0920     9.0918     88.989   1487.333     1.4823     1.4115     4.9353     4.5873     0.0122     0.2161     1.4823          3  0.000e+00
      98.71     0.0708          3   3.751683      1.362     3.6029   28.75152  -88.99382    123.787    105.172  279.90523  280.13701 1.2198e-01 9.0441e+00    452.541          1      35698     97.782     9.0922     9.0919     88.981   1487.375     1.4823     1.4115     4.9353     4.5861     0.0122     0.2161     1.4823          3  0.000e+00
      98.71     0.0708          3   3.751683      0.000     3.6029   28.75152  -88.99382    123.633    105.172  279.90523  280.13701 1.2198e-01 9.0441e+00    452.541          1      35699     97.782     9.0922     9.0921     88.981   1487.417     1.4811     1.4115     4.9353     4.5861     0.0122     0.2161     1.4811          3  0.000e+00
      98.71     0.0708          3   3.751643      0.000     3.5724   28.75152  -88.99382    123.788    105.314  279.90607  280.13784 1.2198e-01 9.0441e+00    452.541          1      35700     97.813     9.0922     9.0923     89.012   1487.458     1.4823     1.4127     4.9353     4.5861     0.0122     0.2149     1.4823          3  0.000e+00
      98.71     0.0697          3   3.751690     -1.361     3.5419   28.75152  -88.99382    123.786    105.313  279.90374  280.13549 1.2198e-01 9.0444e+00    452.485          1      35701     97.802     9.0925     9.0923     89.002   1487.500     1.4823     1.4127     4.9353     4.5873     0.0122     0.2137     1.4823          3  0.000e+00
      98.71     0.0708          3   3.751716      0.000     3.5419   28.75152  -88.99382    123.786    105.313  279.90393  280.13570 1.2198e-01 9.0442e+00    452.485          1      35702     97.766     9.0923     9.0924     88.965   1487.542     1.4823     1.4127     4.9353     4.5861     0.0122     0.2137     1.4823          3  0.000e+00
      98.71     0.0708          3   3.751696      0.000     3.5419   28.75152  -88.99382    123.786    105.171  279.90434  280.13611 1.2198e-01 9.0442e+00    452.485          1      35703     97.781     9.0923     9.0921     88.981   1487.583     1.4823     1.4115     4.9353     4.5861     0.0122     0.2137     1.4823          3  0.000e+00
      98.71     0.0697          3   3.751683      0.000     3.5419   28.75152  -88.99382    123.786    105.171  279.90388  280.13563 1.2198e-01 9.0444e+00    452.485          1      35704     97.807     9.0925     9.0919     89.007   1487.625     1.4823     1.4115     4.9353     4.5873     0.0122     0.2137     1.4823          3  0.000e+00
      98.71     0.0708          3   3.751743      0.000     3.5419   28.75152  -88.99382    123.785    105.172  279.90263  280.13438 1.2198e-01 9.0444e+00    452.485          1      35705     97.761     9.0925     9.0918     88.960   1487.667     1.4823     1.4115     4.9353     4.5861     0.0122     0.2137     1.4823          3  0.000e+00
      98.71     0.0708          3   3.751676      1.362     3.5419   28.75152  -88.99382    123.787    105.172  279.90482  280.13658 1.2198e-01 9.0442e+00    452.541          1      35706     97.799     9.0923     9.0921     88.998   1487.708     1.4823     1.4115     4.9353     4.5861     0.0122     0.2137     1.4823          3  0.000e+00
      98.71     0.0708          3   3.751656     -1.361     3.5419   28.75152  -88.99382    123.942    105.315  279.90574  280.13752 1.2198e-01 9.0441e+00    452.485          1      35707     97.800     9.0922     9.0918     89.000   1487.750     1.4835     1.4127     4.9353     4.5861     0.0122     0.2137     1.4835          3  0.000e+00
      98.73     0.0697          3   3.751703      0.000     3.5419   28.75152  -88.99382    123.941    105.314  279.90346  280.13521 1.2198e-01 9.0444e+00    452.485          1      35708     97.792     9.0925     9.0919     88.991   1487.792     1.4835     1.4127     4.9365     4.5873     0.0122     0.2137     1.4835          3  0.000e+00
      98.71     0.0708          3   3.751716      0.000     3.5419   28.75152  -88.99382    123.940    105.314  279.90318  280.13494 1.2198e-01 9.0444e+00    452.485          1      35709     97.782     9.0925     9.0921     88.981   1487.833     1.4835     1.4127     4.9353     4.5861     0.0122     0.2137     1.4835          3  0.000e+00
      98.73     0.0697          3   3.751696      0.000     3.5419   28.75152  -88.99382    123.786    105.314  279.90360  280.13535 1.2198e-01 9.0444e+00    452.485          1      35710     97.797     9.0925     9.0918     88.996   1487.875     1.4823     1.4127     4.9365     4.5873     0.0122     0.2137     1.4823          3  0.000e+00
      98.71     0.0697          3   3.751683      0.000     3.5419   28.75152  -88.99382    123.786    105.314  279.90462  280.13639 1.2198e-01 9.0442e+00    452.485          1      35711     97.791     9.0923     9.0921     88.991   1487.917     1.4823     1.4127     4.9353     4.5873     0.0122     0.2137     1.4823          3  0.000e+00
      98.71     0.0708          3   3.751663     -1.191     3.5419   28.75152  -88.99382    123.786    105.171  279.90555  280.13733 1.2198e-01 9.0441e+00    452.435          1      35712     97.792     9.0922     9.0921     88.993   1487.958     1.4823     1.4115     4.9353     4.5861     0.0122     0.2137     1.4823          3  0.000e+00
      98.71     0.0697          3   3.751623      1.192     3.5724   28.75152  -88.99382    123.787    105.171  279.90644  280.13821 1.2198e-01 9.0441e+00    452.485          1      35713     97.825     9.0922     9.0921     89.025   1488.000     1.4823     1.4115     4.9353     4.5873     0.0122     0.2149     1.4823          3  0.000e+00
      98.71     0.0729          3   3.751650      0.000     3.5419   28.75152  -88.99382    123.943    105.314  279.90792  280.13975 1.2198e-01 9.0436e+00    452.485          1      35714     97.761     9.0917     9.0919     88.961   1488.042     1.4835     1.4127     4.9353     4.5836     0.0122     0.2137     1.4835          3  0.000e+00
      98.71     0.0740          3   3.751623     -1.191     3.5419   28.75152  -88.99382    123.787    105.314  279.90713  280.13892 1.2198e-01 9.0439e+00    452.435          1      35715     97.807     9.0920     9.0918     89.008   1488.083     1.4823     1.4127     4.9353     4.5824     0.0122     0.2137     1.4823          3  0.000e+00
      98.73     0.0740          3   3.751676      1.192     3.5724   28.75152  -88.99382    123.942    105.315  279.90606  280.13786 1.2164e-01 9.0439e+00    452.485          1      35716     97.769     9.0920     9.0916     88.968   1488.125     1.4835     1.4127     4.9365     4.5824     0.0110     0.2149     1.4835          3  0.000e+00
      98.71     0.0750          3   3.751683     -1.191     3.5419   28.75152  -88.99382    123.785    105.314  279.90384  280.13558 1.2198e-01 9.0444e+00    452.435          1      35717     97.804     9.0925     9.0916     89.005   1488.167     1.4823     1.4127     4.9353     4.5812     0.0122     0.2137     1.4823          3  0.000e+00
      98.71     0.0740          3   3.751683      0.000     3.5419   28.75152  -88.99382    123.786    105.314  279.90662  280.13844 1.2198e-01 9.0438e+00    452.435          1      35718     97.745     9.0918     9.0916     88.946   1488.208     1.4823     1.4127     4.9353     4.5824     0.0122     0.2137     1.4823          3  0.000e+00
      98.71     0.0750          3   3.751617     -1.191     3.5114   28.75152  -88.99382    123.786    105.313  279.90797  280.13978 1.2198e-01 9.0438e+00    452.385          1      35719     97.793     9.0918     9.0918     88.995   1488.250     1.4823     1.4127     4.9353     4.5812     0.0122     0.2125     1.4823          3  0.000e+00
      98.73     0.0740          3   3.751557      2.213     3.5419   28.75152  -88.99382    123.943    105.315  279.90931  280.14111 1.2198e-01 9.0437e+00    452.478          1      35720     97.844     9.0918     9.0918     89.045   1488.292     1.4835     1.4127     4.9365     4.5824     0.0122     0.2137     1.4835          3  0.000e+00
      98.71     0.0740          3   3.751583     -1.021     3.5419   28.75152  -88.99382    123.942    105.314  279.90927  280.14109 1.2198e-01 9.0436e+00    452.435          1      35721     97.810     9.0917     9.0916     89.011   1488.333     1.4835     1.4127     4.9353     4.5824     0.0122     0.2137     1.4835          3  0.000e+00
      98.71     0.0750          3   3.751636      0.000     3.5419   28.75152  -88.99382    123.787    105.314  279.90741  280.13922 1.2198e-01 9.0438e+00    452.435          1      35722     97.785     9.0919     9.0918     88.986   1488.375     1.4823     1.4127     4.9353     4.5812     0.0122     0.2137     1.4823          3  0.000e+00
      98.71     0.0740          3   3.751630     -1.191     3.5724   28.75152  -88.99382    123.786    105.313  279.90695  280.13874 1.2198e-01 9.0439e+00    452.385          1      35723     97.799     9.0920     9.0918     89.001   1488.417     1.4823     1.4127     4.9353     4.5824     0.0122     0.2149     1.4823          3  0.000e+00
      98.71     0.0740          3   3.751690      1.192     3.5419   28.75152  -88.99382    123.786    105.171  279.90574  280.13754 1.2198e-01 9.0439e+00    452.435          1      35724     97.756     9.0920     9.0918     88.956   1488.458     1.4823     1.4115     4.9353     4.5824     0.0122     0.2137     1.4823          3  0.000e+00
      98.71     0.0740          3   3.751663      0.000     3.5419   28.75152  -88.99382    123.786    105.314  279.90555  280.13733 1.2198e-01 9.0441e+00    452.435          1      35725     97.792     9.0922     9.0919     88.993   1488.500     1.4823     1.4127     4.9353     4.5824     0.0122     0.2137     1.4823          3  0.000e+00
      98.71     0.0740          3   3.751683     -1.191     3.5419   28.75152  -88.99382    123.785    105.170  279.90435  280.13611 1.2198e-01 9.0443e+00    452.386          1      35726     97.790     9.0924     9.0918     88.991   1488.542     1.4823     1.4115     4.9353     4.5824     0.0122     0.2137     1.4823          3  0.000e+00
      98.71     0.0740          3   3.751656      1.192     3.5419   28.75152  -88.99382    123.941    105.171  279.90514  280.13690 1.2164e-01 9.0442e+00    452.435          1      35727     97.809     9.0923     9.0918     89.010   1488.583     1.4835     1.4115     4.9353     4.5824     0.0110     0.2137     1.4835          3  0.000e+00
      98.71     0.0740          3   3.751683     -1.191     3.5419   28.75152  -88.99382    123.785    105.314  279.90509  280.13687 1.2198e-01 9.0441e+00    452.386          1      35728     97.774     9.0922     9.0918     88.976   1488.625     1.4823     1.4127     4.9353     4.5824     0.0122     0.2137     1.4823          3  0.000e+00
      98.71     0.0740          3   3.751709      1.192     3.5419   28.75152  -88.99382    123.785    105.314  279.90458  280.13636 1.2198e-01 9.0441e+00    452.435          1      35729     97.756     9.0922     9.0918     88.957   1488.667     1.4823     1.4127     4.9353     4.5824     0.0122     0.2137     1.4823          3  0.000e+00
      98.71     0.0740          3   3.751723     -1.191     3.5419   28.75152  -88.99382    123.784    105.313  279.90221  280.13395 1.2164e-01 9.0446e+00    452.386          1      35730     97.787     9.0927     9.0918     88.988   1488.708     1.4823     1.4127     4.9353     4.5824     0.0110     0.2137     1.4823          3  0.000e+00
      98.73     0.0740          3   3.751743      0.000     3.5724   28.75152  -88.99382    123.784    105.313  279.90253  280.13429 1.2198e-01 9.0444e+00    452.386          1      35731     97.756     9.0925     9.0919     88.957   1488.750     1.4823     1.4127     4.9365     4.5824     0.0122     0.2149     1.4823          3  0.000e+00
