ctd/tests/data/CTD/g01l02s01.ros
* Sea-Bird SBE 9 Data File:
* FileName = D:\CTD DATA\2013\PE13-01 DiMarco\g01l02s01.hex
* Software Version Seasave V 7.21g
* Temperature SN = 4515
* Conductivity SN = 3079
* Number of Bytes Per Scan = 40
* Number of Voltage Words = 5
* Number of Scans Averaged by the Deck Unit = 1
* NMEA Latitude = 28 44.95 N
* NMEA Longitude = 088 59.96 W
* NMEA UTC (Time) = Jul 05 2012  17:39:14
* NMEA baud rate = 4800
# nquan = 31
# nvalues = 588                                   
# units = specified
# name 0 = altM: Altimeter [m]
# name 1 = bat: Beam Attenuation, Chelsea/Seatech [1/m]
# name 2 = bpos: Bottle Position in Carousel
# name 3 = c0S/m: Conductivity [S/m]
# name 4 = dz/dtM: Descent Rate [m/s]
# name 5 = wetCDOM: Fluorescence, WET Labs CDOM [mg/m^3]
# name 6 = latitude: Latitude [deg]
# name 7 = longitude: Longitude [deg]
# name 8 = sbeox0Mm/Kg: Oxygen, SBE 43 [umol/kg]
# name 9 = sbeox1Mm/Kg: Oxygen, SBE 43, 2 [umol/kg]
# name 10 = oxsolMm/Kg: Oxygen Saturation, Garcia & Gordon [umol/kg]
# name 11 = oxsatMm/Kg: Oxygen Saturation, Weiss [umol/kg]
# name 12 = par: PAR/Irradiance, Biospherical/Licor
# name 13 = pla: Plume Anomaly
# name 14 = prDM: Pressure, Digiquartz [db]
# name 15 = pumps: Pump Status
# name 16 = scan: Scan Count
# name 17 = sva: Specific Volume Anomaly [10^-8 * m^3/kg]
# name 18 = t090C: Temperature [ITS-90, deg C]
# name 19 = t190C: Temperature, 2 [ITS-90, deg C]
# name 20 = tsa: Thermosteric Anomaly [10^-8 * m^3/kg]
# name 21 = timeS: Time, Elapsed [seconds]
# name 22 = v0: Voltage 0
# name 23 = v1: Voltage 1
# name 24 = v2: Voltage 2
# name 25 = v3: Voltage 3
# name 26 = v4: Voltage 4
# name 27 = v5: Voltage 5
# name 28 = sbeox0V: Oxygen raw, SBE 43 [V]
# name 29 = nbf: Bottles Fired
# name 30 = flag:  0.000e+00
# interval = seconds: 0.0416667
# start_time = Jul 05 2012 17:39:14 [NMEA time, header]
# bad_flag = -9.990e-29
*END*
[from data line 422]
      98.66     0.1266          9   4.699296      1.185     3.2366   28.75236  -88.99096    136.087    117.263  234.05988  233.74032 1.2198e-01 1.7475e+01    151.811          1      54479    165.586    17.4962    17.5020    160.702   2269.917     1.8449     1.7546     4.9328     4.5226     0.0122     0.2015     1.8449          9  0.000e+00
      98.66     0.1276          9   4.699347      0.000     3.2366   28.75236  -88.99096    136.086    117.269  234.05907  233.73950 1.2198e-01 1.7475e+01    151.811          1      54480    165.558    17.4962    17.4994    160.673   2269.958     1.8449     1.7546     4.9328     4.5214     0.0122     0.2015     1.8449          9  0.000e+00
      98.63     0.1266          9   4.699296     -1.184     3.2366   28.75236  -88.99096    136.086    117.270  234.05938  233.73981 1.2198e-01 1.7475e+01    151.761          1      54481    165.597    17.4963    17.4984    160.715   2270.000     1.8449     1.7546     4.9316     4.5226     0.0122     0.2015     1.8449          9  0.000e+00
      98.66     0.1266          9   4.699339      1.185     3.2366   28.75236  -88.99096    136.086    117.270  234.05881  233.73924 1.2198e-01 1.7475e+01    151.811          1      54482    165.573    17.4963    17.4987    160.689   2270.042     1.8449     1.7546     4.9328     4.5226     0.0122     0.2015     1.8449          9  0.000e+00
      98.66     0.1266          9   4.699325     -1.184     3.2366   28.75236  -88.99096    136.209    117.270  234.05793  233.73834 1.2198e-01 1.7475e+01    151.761          1      54483    165.611    17.4967    17.4984    160.728   2270.083     1.8462     1.7546     4.9328     4.5226     0.0122     0.2015     1.8462          9  0.000e+00
      98.66     0.1266          9   4.699347      1.185     3.2366   28.75236  -88.99096    136.210    117.270  234.05801  233.73843 1.2198e-01 1.7475e+01    151.811          1      54484    165.589    17.4966    17.4984    160.705   2270.125     1.8462     1.7546     4.9328     4.5226     0.0122     0.2015     1.8462          9  0.000e+00
      98.66     0.1266          9   4.699383     -1.184     3.2366   28.75236  -88.99096    136.208    117.270  234.05713  233.73754 1.2198e-01 1.7475e+01    151.761          1      54485    165.574    17.4967    17.4984    160.691   2270.167     1.8462     1.7546     4.9328     4.5226     0.0122     0.2015     1.8462          9  0.000e+00
      98.66     0.1276          9   4.699426      1.185     3.2366   28.75236  -88.99096    136.084    117.271  234.05561  233.73602 1.2198e-01 1.7475e+01    151.811          1      54486    165.578    17.4970    17.4979    160.693   2270.208     1.8449     1.7546     4.9328     4.5214     0.0122     0.2015     1.8449          9  0.000e+00
      98.66     0.1266          9   4.699405     -1.184     3.2366   28.75236  -88.99096    136.207    117.270  234.05565  233.73605 1.2198e-01 1.7476e+01    151.761          1      54487    165.595    17.4971    17.4980    160.713   2270.250     1.8462     1.7546     4.9328     4.5226     0.0122     0.2015     1.8462          9  0.000e+00
      98.66     0.1266          9   4.699455      0.000     3.2366   28.75236  -88.99096    136.207    117.270  234.05460  233.73499 1.2198e-01 1.7476e+01    151.761          1      54488    165.574    17.4972    17.4980    160.691   2270.292     1.8462     1.7546     4.9328     4.5226     0.0122     0.2015     1.8462          9  0.000e+00
      98.66     0.1276          9   4.699448      1.185     3.2366   28.75236  -88.99096    136.083    117.269  234.05426  233.73464 1.2198e-01 1.7476e+01    151.811          1      54489    165.595    17.4974    17.4986    160.711   2270.333     1.8449     1.7546     4.9328     4.5214     0.0122     0.2015     1.8449          9  0.000e+00
      98.66     0.1266          9   4.699463     -1.184     3.2366   28.75236  -88.99096    136.206    117.268  234.05403  233.73441 1.2198e-01 1.7476e+01    151.761          1      54490    165.583    17.4974    17.4987    160.700   2270.375     1.8462     1.7546     4.9328     4.5226     0.0122     0.2015     1.8462          9  0.000e+00
      98.63     0.1266          9   4.699477      1.185     3.2366   28.75236  -88.99096    136.207    117.383  234.05315  233.73353 1.2198e-01 1.7476e+01    151.811          1      54491    165.598    17.4976    17.4991    160.714   2270.417     1.8462     1.7558     4.9316     4.5226     0.0122     0.2015     1.8462          9  0.000e+00
      98.66     0.1276          9   4.699448     -1.184     3.2366   28.75236  -88.99096    136.082    117.268  234.05317  233.73354 1.2198e-01 1.7476e+01    151.761          1      54492    165.624    17.4977    17.4986    160.741   2270.458     1.8449     1.7546     4.9328     4.5214     0.0122     0.2015     1.8449          9  0.000e+00
      98.66     0.1266          9   4.699528      1.185     3.2366   28.75236  -88.99096    136.206    117.269  234.05210  233.73247 1.2164e-01 1.7476e+01    151.811          1      54493    165.577    17.4977    17.4986    160.692   2270.500     1.8462     1.7546     4.9328     4.5226     0.0110     0.2015     1.8462          9  0.000e+00
      98.66     0.1266          9   4.699528     -1.184     3.2366   28.75236  -88.99096    136.205    117.268  234.05160  233.73196 1.2198e-01 1.7476e+01    151.761          1      54494    165.588    17.4979    17.4984    160.705   2270.542     1.8462     1.7546     4.9328     4.5226     0.0122     0.2015     1.8462          9  0.000e+00
      98.66     0.1266          9   4.699492      1.185     3.2672   28.75236  -88.99096    136.206    117.270  234.05189  233.73225 1.2198e-01 1.7476e+01    151.811          1      54495    165.621    17.4979    17.4980    160.736   2270.583     1.8462     1.7546     4.9328     4.5226     0.0122     0.2027     1.8462          9  0.000e+00
      98.63     0.1266          9   4.699571     -1.184     3.2672   28.75236  -88.99096    136.080    117.385  234.05041  233.73077 1.2164e-01 1.7477e+01    151.761          1      54496    165.578    17.4981    17.4980    160.695   2270.625     1.8449     1.7558     4.9316     4.5226     0.0110     0.2027     1.8449          9  0.000e+00
      98.63     0.1266          9   4.699564      0.000     3.2672   28.75236  -88.99096    136.204    117.270  234.05004  233.73039 1.2198e-01 1.7477e+01    151.761          1      54497    165.596    17.4982    17.4984    160.713   2270.667     1.8462     1.7546     4.9316     4.5226     0.0122     0.2027     1.8462          9  0.000e+00
      98.58     0.0548         10   5.090929      2.367     3.2672   28.75236  -88.99046    175.285    152.050  219.09576  218.65076 1.2514e-01 2.1046e+01    101.032          1      57513    239.523    21.0606    21.0601    235.956   2396.333     2.3602     2.2357     4.9292     4.6044     0.0232     0.2027     2.3602         10  0.000e+00
      98.61     0.0548         10   5.090974     -1.183     3.2672   28.75236  -88.99046    175.168    152.049  219.09521  218.65021 1.2730e-01 2.1046e+01    100.983          1      57514    239.493    21.0606    21.0602    235.928   2396.375     2.3590     2.2357     4.9304     4.6044     0.0305     0.2027     2.3590         10  0.000e+00
      98.58     0.0548         10   5.090989      1.184     3.2366   28.75236  -88.99046    175.285    152.050  219.09506  218.65006 1.2586e-01 2.1046e+01    101.032          1      57515    239.488    21.0606    21.0601    235.921   2396.417     2.3602     2.2357     4.9292     4.6044     0.0256     0.2015     2.3602         10  0.000e+00
      98.58     0.0548         10   5.091019     -2.366     3.2366   28.75236  -88.99046    175.283    152.048  219.09495  218.64996 1.2268e-01 2.1046e+01    100.933          1      57516    239.454    21.0605    21.0604    235.891   2396.458     2.3602     2.2357     4.9292     4.6044     0.0147     0.2015     2.3602         10  0.000e+00
      98.58     0.0548         10   5.090996      2.367     3.2366   28.75236  -88.99046    175.285    152.050  219.09547  218.65048 1.2164e-01 2.1046e+01    101.032          1      57517    239.467    21.0604    21.0601    235.900   2396.500     2.3602     2.2357     4.9292     4.6044     0.0110     0.2015     2.3602         10  0.000e+00
      98.58     0.0548         10   5.091019      0.508     3.2366   28.75236  -88.99046    175.285    152.050  219.09472  218.64972 1.2198e-01 2.1046e+01    101.053          1      57518    239.471    21.0606    21.0601    235.904   2396.542     2.3602     2.2357     4.9292     4.6044     0.0122     0.2015     2.3602         10  0.000e+00
      98.61     0.0548         10   5.091034     -1.690     3.2366   28.75236  -88.99046    175.283    151.942  219.09451  218.64951 1.2198e-01 2.1046e+01    100.983          1      57519    239.458    21.0606    21.0599    235.893   2396.583     2.3602     2.2344     4.9304     4.6044     0.0122     0.2015     2.3602         10  0.000e+00
      98.58     0.0548         10   5.091026      0.000     3.2366   28.75236  -88.99046    175.284    151.942  219.09578  218.65081 1.2198e-01 2.1046e+01    100.983          1      57520    239.423    21.0601    21.0597    235.858   2396.625     2.3602     2.2344     4.9292     4.6044     0.0122     0.2015     2.3602         10  0.000e+00
      98.58     0.0548         10   5.090959      0.000     3.2366   28.75236  -88.99046    175.285    151.943  219.09677  218.65179 1.2198e-01 2.1046e+01    100.983          1      57521    239.456    21.0600    21.0594    235.890   2396.667     2.3602     2.2344     4.9292     4.6044     0.0122     0.2015     2.3602         10  0.000e+00
      98.58     0.0559         10   5.090944      1.184     3.2366   28.75236  -88.99046    175.172    152.051  219.09787  218.65290 1.2198e-01 2.1045e+01    101.032          1      57522    239.437    21.0597    21.0594    235.871   2396.708     2.3590     2.2357     4.9292     4.6032     0.0122     0.2015     2.3590         10  0.000e+00
      98.58     0.0548         10   5.091011      0.000     3.2366   28.75236  -88.99046    175.286    152.052  219.09708  218.65211 1.2198e-01 2.1045e+01    101.032          1      57523    239.398    21.0597    21.0591    235.831   2396.750     2.3602     2.2357     4.9292     4.6044     0.0122     0.2015     2.3602         10  0.000e+00
      98.58     0.0548         10   5.090929     -1.183     3.2366   28.75236  -88.99046    175.286    151.943  219.09832  218.65335 1.2198e-01 2.1045e+01    100.983          1      57524    239.433    21.0596    21.0594    235.868   2396.792     2.3602     2.2344     4.9292     4.6044     0.0122     0.2015     2.3602         10  0.000e+00
      98.58     0.0548         10   5.090929      1.184     3.2366   28.75236  -88.99046    175.288    151.942  219.09854  218.65357 1.2198e-01 2.1045e+01    101.032          1      57525    239.430    21.0595    21.0597    235.863   2396.833     2.3602     2.2344     4.9292     4.6044     0.0122     0.2015     2.3602         10  0.000e+00
      98.58     0.0548         10   5.090944      0.000     3.2366   28.75236  -88.99046    175.288    151.942  219.09886  218.65390 1.2164e-01 2.1045e+01    101.032          1      57526    239.404    21.0593    21.0599    235.837   2396.875     2.3602     2.2344     4.9292     4.6044     0.0110     0.2015     2.3602         10  0.000e+00
      98.58     0.0548         10   5.090974      0.000     3.2366   28.75236  -88.99046    175.287    151.943  219.09781  218.65285 1.2198e-01 2.1045e+01    101.032          1      57527    239.410    21.0596    21.0597    235.843   2396.917     2.3602     2.2344     4.9292     4.6044     0.0122     0.2015     2.3602         10  0.000e+00
      98.58     0.0548         10   5.090951      0.000     3.2366   28.75236  -88.99046    175.403    151.835  219.09877  218.65381 1.2198e-01 2.1045e+01    101.032          1      57528    239.400    21.0593    21.0596    235.833   2396.958     2.3614     2.2332     4.9292     4.6044     0.0122     0.2015     2.3614         10  0.000e+00
      98.58     0.0559         10   5.090944      0.000     3.2366   28.75236  -88.99046    175.287    151.944  219.09836  218.65340 1.2198e-01 2.1045e+01    101.032          1      57529    239.421    21.0595    21.0594    235.854   2397.000     2.3602     2.2344     4.9292     4.6032     0.0122     0.2015     2.3602         10  0.000e+00
      98.58     0.0548         10   5.090906      0.000     3.2366   28.75236  -88.99046    175.289    151.836  219.09980  218.65484 1.2198e-01 2.1045e+01    101.032          1      57530    239.410    21.0591    21.0592    235.843   2397.042     2.3602     2.2332     4.9292     4.6044     0.0122     0.2015     2.3602         10  0.000e+00
      98.58     0.0548         10   5.090869      1.353     3.2366   28.75236  -88.99046    175.290    151.838  219.10046  218.65551 1.2198e-01 2.1045e+01    101.089          1      57531    239.428    21.0591    21.0592    235.859   2397.083     2.3602     2.2332     4.9292     4.6044     0.0122     0.2015     2.3602         10  0.000e+00
      98.58     0.0548         10   5.090884     -0.845     3.2366   28.75236  -88.99046    175.289    151.837  219.09957  218.65461 1.2198e-01 2.1045e+01    101.053          1      57532    239.441    21.0593    21.0590    235.873   2397.125     2.3602     2.2332     4.9292     4.6044     0.0122     0.2015     2.3602         10  0.000e+00
      98.58     0.0548         10   5.090966     -0.507     3.2366   28.75236  -88.99046    175.287    151.837  219.09810  218.65314 1.2164e-01 2.1045e+01    101.032          1      57533    239.408    21.0595    21.0590    235.841   2397.167     2.3602     2.2332     4.9292     4.6044     0.0110     0.2015     2.3602         10  0.000e+00
      98.58     0.0548         10   5.090951      1.353     3.2366   28.75236  -88.99046    175.289    151.839  219.09880  218.65384 1.2198e-01 2.1045e+01    101.089          1      57534    239.403    21.0593    21.0588    235.834   2397.208     2.3602     2.2332     4.9292     4.6044     0.0122     0.2015     2.3602         10  0.000e+00
      98.58     0.0548         10   5.090944     -1.352     3.2366   28.75236  -88.99046    175.288    151.838  219.09916  218.65420 1.2198e-01 2.1045e+01    101.032          1      57535    239.394    21.0592    21.0583    235.827   2397.250     2.3602     2.2332     4.9292     4.6044     0.0122     0.2015     2.3602         10  0.000e+00
      98.58     0.0548         10   5.090906      0.000     3.2366   28.75236  -88.99046    175.289    151.838  219.10069  218.65575 1.2198e-01 2.1044e+01    101.032          1      57536    239.380    21.0588    21.0583    235.813   2397.292     2.3602     2.2332     4.9292     4.6044     0.0122     0.2015     2.3602         10  0.000e+00
      98.58     0.0559         10   5.090929      1.353     3.2366   28.75236  -88.99046    175.175    151.840  219.10095  218.65601 1.2198e-01 2.1044e+01    101.089          1      57537    239.354    21.0586    21.0583    235.784   2397.333     2.3590     2.2332     4.9292     4.6032     0.0122     0.2015     2.3590         10  0.000e+00
      98.58     0.0548         10   5.090944     -1.352     3.2366   28.75236  -88.99046    175.289    151.839  219.09975  218.65481 1.2198e-01 2.1045e+01    101.032          1      57538    239.374    21.0590    21.0580    235.807   2397.375     2.3602     2.2332     4.9292     4.6044     0.0122     0.2015     2.3602         10  0.000e+00
