ctd/tests/data/CTD/g01l04s02.ros
* Sea-Bird SBE 9 Data File:
* FileName = D:\CTD DATA\2013\PE13-01 DiMarco\G01L04S02.hex
* Software Version Seasave V 7.21g
* Temperature SN = 4515
* Conductivity SN = 3079
* Number of Bytes Per Scan = 40
* Number of Voltage Words = 5
* Number of Scans Averaged by the Deck Unit = 1
* NMEA Latitude = 28 44.92 N
* NMEA Longitude = 088 30.00 W
* NMEA UTC (Time) = Jul 06 2012  02:18:00
* NMEA baud rate = 4800
# nquan = 31
# nvalues = 588                                   
# units = specified
# name 0 = altM: Altimeter [m]
# name 1 = bat: Beam Attenuation, Chelsea/Seatech [1/m]
# name 2 = bpos: Bottle Position in Carousel
# name 3 = c0S/m: Conductivity [S/m]
# name 4 = dz/dtM: Descent Rate [m/s]
# name 5 = wetCDOM: Fluorescence, WET Labs CDOM [mg/m^3]
# name 6 = latitude: Latitude [deg]
# name 7 = longitude: Longitude [deg]
# name 8 = sbeox0Mm/Kg: Oxygen, SBE 43 [umol/kg]
# name 9 = sbeox1Mm/Kg: Oxygen, SBE 43, 2 [umol/kg]
# name 10 = oxsolMm/Kg: Oxygen Saturation, Garcia & Gordon [umol/kg]
# name 11 = oxsatMm/Kg: Oxygen Saturation, Weiss [umol/kg]
# name 12 = par: PAR/Irradiance, Biospherical/Licor
# name 13 = pla: Plume Anomaly
# name 14 = prDM: Pressure, Digiquartz [db]
# name 15 = pumps: Pump Status
# name 16 = scan: Scan Count
# name 17 = sva: Specific Volume Anomaly [10^-8 * m^3/kg]
# name 18 = t090C: Temperature [ITS-90, deg C]
# name 19 = t190C: Temperature, 2 [ITS-90, deg C]
# name 20 = tsa: Thermosteric Anomaly [10^-8 * m^3/kg]
# name 21 = timeS: Time, Elapsed [seconds]
# name 22 = v0: Voltage 0
# name 23 = v1: Voltage 1
# name 24 = v2: Voltage 2
# name 25 = v3: Voltage 3
# name 26 = v4: Voltage 4
# name 27 = v5: Voltage 5
# name 28 = sbeox0V: Oxygen raw, SBE 43 [V]
# name 29 = nbf: Bottles Fired
# name 30 = flag:  0.000e+00
# interval = seconds: 0.0416667
# start_time = Jul 06 2012 02:18:00 [NMEA time, header]
# bad_flag = -9.990e-29
*END*
[from data line 422]
      98.68     0.0347          9   4.118599      2.717     3.3893   28.74152  -88.50140    129.036    110.140  259.56983  259.52987 1.2514e-01 1.2456e+01    302.210          1     112282    119.793    12.4939    12.4926    112.127   4678.375     1.6276     1.5482     4.9341     4.6276     0.0232     0.2076     1.6276          9  0.000e+00
      98.68     0.0347          9   4.118640     -2.715     3.3893   28.74152  -88.50140    129.034    110.009  259.56963  259.52969 1.2550e-01 1.2456e+01    302.097          1     112283    119.742    12.4938    12.4927    112.079   4678.417     1.6276     1.5470     4.9341     4.6276     0.0244     0.2076     1.6276          9  0.000e+00
      98.68     0.0347          9   4.118619      0.170     3.3893   28.74152  -88.50140    129.174    110.009  259.56939  259.52943 1.2550e-01 1.2456e+01    302.104          1     112284    119.772    12.4939    12.4928    112.109   4678.458     1.6288     1.5470     4.9341     4.6276     0.0244     0.2076     1.6288          9  0.000e+00
      98.68     0.0357          9   4.118654      1.019     3.3893   28.74152  -88.50140    129.034    110.009  259.56881  259.52886 1.2514e-01 1.2456e+01    302.146          1     112285    119.750    12.4939    12.4930    112.086   4678.500     1.6276     1.5470     4.9341     4.6264     0.0232     0.2076     1.6276          9  0.000e+00
      98.68     0.0347          9   4.118626      0.001     3.3893   28.74152  -88.50140    129.035    110.009  259.57022  259.53028 1.2550e-01 1.2456e+01    302.146          1     112286    119.747    12.4937    12.4928    112.083   4678.542     1.6276     1.5470     4.9341     4.6276     0.0244     0.2076     1.6276          9  0.000e+00
      98.68     0.0357          9   4.118626     -1.018     3.3893   28.74152  -88.50140    129.034    110.138  259.56988  259.52993 1.2514e-01 1.2456e+01    302.104          1     112287    119.752    12.4938    12.4927    112.089   4678.583     1.6276     1.5482     4.9341     4.6264     0.0232     0.2076     1.6276          9  0.000e+00
      98.68     0.0357          9   4.118592      1.019     3.3893   28.74152  -88.50140    129.036    110.009  259.57113  259.53120 1.2550e-01 1.2456e+01    302.146          1     112288    119.764    12.4936    12.4930    112.100   4678.625     1.6276     1.5470     4.9341     4.6264     0.0244     0.2076     1.6276          9  0.000e+00
      98.68     0.0357          9   4.118578     -1.018     3.4198   28.74152  -88.50140    129.035    110.008  259.57134  259.53140 1.2550e-01 1.2456e+01    302.104          1     112289    119.771    12.4936    12.4930    112.108   4678.667     1.6276     1.5470     4.9341     4.6264     0.0244     0.2088     1.6276          9  0.000e+00
      98.68     0.0347          9   4.118619      1.019     3.3893   28.74152  -88.50140    129.035    110.009  259.57003  259.53009 1.2514e-01 1.2456e+01    302.146          1     112290    119.759    12.4938    12.4930    112.095   4678.708     1.6276     1.5470     4.9341     4.6276     0.0232     0.2076     1.6276          9  0.000e+00
      98.68     0.0347          9   4.118592      0.170     3.3893   28.74152  -88.50140    129.036    110.008  259.57114  259.53120 1.2514e-01 1.2456e+01    302.154          1     112291    119.764    12.4936    12.4933    112.100   4678.750     1.6276     1.5470     4.9341     4.6276     0.0232     0.2076     1.6276          9  0.000e+00
      98.68     0.0347          9   4.118564     -0.169     3.3893   28.74152  -88.50140    129.036    110.008  259.57284  259.53293 1.2550e-01 1.2455e+01    302.147          1     112292    119.753    12.4933    12.4932    112.089   4678.792     1.6276     1.5470     4.9341     4.6276     0.0244     0.2076     1.6276          9  0.000e+00
      98.68     0.0347          9   4.118543     -1.018     3.3893   28.74152  -88.50140    129.177    110.008  259.57379  259.53389 1.2550e-01 1.2455e+01    302.104          1     112293    119.750    12.4931    12.4932    112.088   4678.833     1.6288     1.5470     4.9341     4.6276     0.0244     0.2076     1.6288          9  0.000e+00
      98.68     0.0357          9   4.118544      1.019     3.4198   28.74152  -88.50140    128.896    110.009  259.57382  259.53392 1.2514e-01 1.2455e+01    302.147          1     112294    119.753    12.4931    12.4932    112.089   4678.875     1.6264     1.5470     4.9341     4.6264     0.0232     0.2088     1.6264          9  0.000e+00
      98.68     0.0347          9   4.118557      0.171     3.3893   28.74152  -88.50140    129.037    110.009  259.57420  259.53431 1.2514e-01 1.2455e+01    302.154          1     112295    119.728    12.4929    12.4932    112.064   4678.917     1.6276     1.5470     4.9341     4.6276     0.0232     0.2076     1.6276          9  0.000e+00
      98.68     0.0357          9   4.118523     -1.357     3.3893   28.74152  -88.50140    129.036    110.008  259.57415  259.53424 1.2514e-01 1.2455e+01    302.097          1     112296    119.764    12.4931    12.4930    112.102   4678.958     1.6276     1.5470     4.9341     4.6264     0.0232     0.2076     1.6276          9  0.000e+00
      98.68     0.0347          9   4.118523      2.717     3.3893   28.74152  -88.50140    129.039    110.010  259.57577  259.53590 1.2550e-01 1.2455e+01    302.210          1     112297    119.733    12.4927    12.4928    112.068   4679.000     1.6276     1.5470     4.9341     4.6276     0.0244     0.2076     1.6276          9  0.000e+00
      98.68     0.0347          9   4.118482     -2.715     3.3893   28.74152  -88.50140    129.037    110.010  259.57610  259.53622 1.2550e-01 1.2455e+01    302.097          1     112298    119.764    12.4928    12.4923    112.101   4679.042     1.6276     1.5470     4.9341     4.6276     0.0244     0.2076     1.6276          9  0.000e+00
      98.71     0.0347          9   4.118495      1.359     3.3893   28.74152  -88.50140    129.179    110.011  259.57590  259.53603 1.2514e-01 1.2455e+01    302.154          1     112299    119.757    12.4928    12.4921    112.093   4679.083     1.6288     1.5470     4.9353     4.6276     0.0232     0.2076     1.6288          9  0.000e+00
      98.68     0.0347          9   4.118523     -0.169     3.3893   28.74152  -88.50140    129.178    110.011  259.57541  259.53554 1.2550e-01 1.2455e+01    302.147          1     112300    119.737    12.4928    12.4920    112.073   4679.125     1.6288     1.5470     4.9341     4.6276     0.0244     0.2076     1.6288          9  0.000e+00
      98.66     0.0368         10   4.475513     -2.371     3.3282   28.74130  -88.50136    140.766    120.829  243.20172  242.97410 1.2233e-01 1.5556e+01    201.101          1     117330    143.561    15.5838    15.5808    137.549   4888.708     1.8303     1.7387     4.9328     4.6252     0.0134     0.2051     1.8303         10  0.000e+00
      98.66     0.0368         10   4.475485      2.881     3.3282   28.74130  -88.50136    140.768    120.951  243.20223  242.97461 1.2268e-01 1.5556e+01    201.221          1     117331    143.587    15.5838    15.5811    137.572   4888.750     1.8303     1.7399     4.9328     4.6252     0.0147     0.2051     1.8303         10  0.000e+00
      98.66     0.0368         10   4.475527     -1.693     3.3282   28.74130  -88.50136    140.767    120.950  243.20257  242.97498 1.2268e-01 1.5556e+01    201.151          1     117332    143.526    15.5835    15.5810    137.513   4888.792     1.8303     1.7399     4.9328     4.6252     0.0147     0.2051     1.8303         10  0.000e+00
      98.66     0.0379         10   4.475520      0.001     3.3282   28.74130  -88.50136    140.767    120.830  243.20216  242.97455 1.2233e-01 1.5556e+01    201.151          1     117333    143.545    15.5837    15.5806    137.532   4888.833     1.8303     1.7387     4.9328     4.6239     0.0134     0.2051     1.8303         10  0.000e+00
      98.66     0.0379         10   4.475542      1.187     3.3282   28.74130  -88.50136    140.897    120.831  243.20070  242.97308 1.2268e-01 1.5556e+01    201.200          1     117334    143.566    15.5840    15.5808    137.551   4888.875     1.8315     1.7387     4.9328     4.6239     0.0147     0.2051     1.8315         10  0.000e+00
      98.63     0.0357         10   4.475556     -2.371     3.3282   28.74130  -88.50136    140.895    120.829  243.20107  242.97346 1.2268e-01 1.5556e+01    201.101          1     117335    143.533    15.5838    15.5806    137.521   4888.917     1.8315     1.7387     4.9316     4.6264     0.0147     0.2051     1.8315         10  0.000e+00
      98.66     0.0336         10   4.475549      2.881     3.3282   28.74130  -88.50136    140.768    120.952  243.20178  242.97417 1.2233e-01 1.5556e+01    201.221          1     117336    143.530    15.5837    15.5807    137.515   4888.958     1.8303     1.7399     4.9328     4.6288     0.0134     0.2051     1.8303         10  0.000e+00
      98.66     0.0326         10   4.475549     -1.693     3.3282   28.74130  -88.50136    140.897    120.951  243.20173  242.97413 1.2268e-01 1.5556e+01    201.151          1     117337    143.526    15.5837    15.5804    137.513   4889.000     1.8315     1.7399     4.9328     4.6300     0.0147     0.2051     1.8315         10  0.000e+00
      98.66     0.0336         10   4.475492      0.001     3.3282   28.74130  -88.50136    140.767    120.951  243.20142  242.97379 1.2268e-01 1.5556e+01    201.151          1     117338    143.596    15.5840    15.5804    137.583   4889.042     1.8303     1.7399     4.9328     4.6288     0.0147     0.2051     1.8303         10  0.000e+00
      98.66     0.0326         10   4.475556      1.186     3.3587   28.74130  -88.50136    140.897    120.952  243.20049  242.97286 1.2268e-01 1.5556e+01    201.200          1     117339    143.557    15.5840    15.5807    137.542   4889.083     1.8315     1.7399     4.9328     4.6300     0.0147     0.2063     1.8315         10  0.000e+00
      98.66     0.0326         10   4.475527     -2.371     3.3282   28.74130  -88.50136    140.895    120.950  243.20033  242.97269 1.2268e-01 1.5556e+01    201.101          1     117340    143.584    15.5842    15.5808    137.572   4889.125     1.8315     1.7399     4.9328     4.6300     0.0147     0.2051     1.8315         10  0.000e+00
      98.66     0.0326         10   4.475542      2.881     3.3282   28.74130  -88.50136    140.897    120.952  243.20020  242.97256 1.2268e-01 1.5556e+01    201.222          1     117341    143.582    15.5842    15.5805    137.566   4889.167     1.8315     1.7399     4.9328     4.6300     0.0147     0.2051     1.8315         10  0.000e+00
      98.66     0.0336         10   4.475520     -1.693     3.3282   28.74130  -88.50136    140.897    120.951  243.20216  242.97455 1.2268e-01 1.5556e+01    201.151          1     117342    143.545    15.5837    15.5806    137.532   4889.208     1.8315     1.7399     4.9328     4.6288     0.0147     0.2051     1.8315         10  0.000e+00
      98.66     0.0336         10   4.475513      1.186     3.3282   28.74130  -88.50136    140.897    120.951  243.20113  242.97350 1.2233e-01 1.5556e+01    201.200          1     117343    143.585    15.5840    15.5806    137.570   4889.250     1.8315     1.7399     4.9328     4.6288     0.0134     0.2051     1.8315         10  0.000e+00
      98.66     0.0336         10   4.475513     -1.185     3.3282   28.74130  -88.50136    140.897    120.950  243.20227  242.97466 1.2233e-01 1.5556e+01    201.151          1     117344    143.549    15.5837    15.5808    137.536   4889.292     1.8315     1.7399     4.9328     4.6288     0.0134     0.2051     1.8315         10  0.000e+00
      98.66     0.0336         10   4.475513      1.186     3.3282   28.74130  -88.50136    140.768    120.950  243.20178  242.97416 1.2233e-01 1.5556e+01    201.200          1     117345    143.567    15.5838    15.5811    137.552   4889.333     1.8303     1.7399     4.9328     4.6288     0.0134     0.2051     1.8303         10  0.000e+00
      98.66     0.0326         10   4.475513     -0.846     3.3282   28.74130  -88.50136    140.897    120.950  243.20111  242.97348 1.2268e-01 1.5556e+01    201.165          1     117346    143.583    15.5840    15.5812    137.569   4889.375     1.8315     1.7399     4.9328     4.6300     0.0147     0.2051     1.8315         10  0.000e+00
      98.66     0.0336         10   4.475485      2.203     3.3282   28.74130  -88.50136    140.898    120.951  243.20160  242.97397 1.2233e-01 1.5556e+01    201.257          1     117347    143.607    15.5840    15.5814    137.591   4889.417     1.8315     1.7399     4.9328     4.6288     0.0134     0.2051     1.8315         10  0.000e+00
      98.66     0.0326         10   4.475449     -1.355     3.2672   28.74130  -88.50136    140.898    120.830  243.20327  242.97566 1.2233e-01 1.5556e+01    201.201          1     117348    143.595    15.5837    15.5812    137.580   4889.458     1.8315     1.7387     4.9328     4.6300     0.0134     0.2027     1.8315         10  0.000e+00
      98.66     0.0336         10   4.475399      0.001     3.2061   28.74130  -88.50136    140.899    120.950  243.20506  242.97746 1.2268e-01 1.5556e+01    201.201          1     117349    143.599    15.5833    15.5813    137.584   4889.500     1.8315     1.7399     4.9328     4.6288     0.0147     0.2002     1.8315         10  0.000e+00
      98.66     0.0326         10   4.475428      0.001     3.1756   28.74130  -88.50136    140.900    120.951  243.20515  242.97757 1.2268e-01 1.5555e+01    201.201          1     117350    143.565    15.5832    15.5809    137.551   4889.542     1.8315     1.7399     4.9328     4.6300     0.0147     0.1990     1.8315         10  0.000e+00
      98.63     0.0326         10   4.475378      0.509     3.1756   28.74130  -88.50136    141.031    120.952  243.20812  242.98058 1.2233e-01 1.5555e+01    201.222          1     117351    143.538    15.5825    15.5807    137.523   4889.583     1.8327     1.7399     4.9316     4.6300     0.0134     0.1990     1.8327         10  0.000e+00
      98.66     0.0326         10   4.475385     -0.508     3.1756   28.74130  -88.50136    140.901    120.952  243.20748  242.97993 1.2268e-01 1.5555e+01    201.201          1     117352    143.547    15.5826    15.5804    137.532   4889.625     1.8315     1.7399     4.9328     4.6300     0.0147     0.1990     1.8315         10  0.000e+00
      98.66     0.0326         10   4.475392      1.356     3.1756   28.74130  -88.50136    140.902    120.953  243.20741  242.97986 1.2268e-01 1.5555e+01    201.257          1     117353    143.545    15.5826    15.5803    137.529   4889.667     1.8315     1.7399     4.9328     4.6300     0.0147     0.1990     1.8315         10  0.000e+00
      98.66     0.0336         10   4.475371      0.001     3.1756   28.74130  -88.50136    140.773    120.954  243.20825  242.98071 1.2233e-01 1.5555e+01    201.257          1     117354    143.545    15.5825    15.5801    137.529   4889.708     1.8303     1.7399     4.9328     4.6288     0.0134     0.1990     1.8303         10  0.000e+00
      98.66     0.0326         10   4.475364      0.001     3.1756   28.74130  -88.50136    140.902    120.953  243.20784  242.98028 1.2268e-01 1.5555e+01    201.257          1     117355    143.564    15.5826    15.5801    137.548   4889.750     1.8315     1.7399     4.9328     4.6300     0.0147     0.1990     1.8315         10  0.000e+00
