ctd/tests/data/CTD/g01l04s03m.ros
* Sea-Bird SBE 9 Data File:
* FileName = D:\CTD DATA\2013\PE13-01 DiMarco\G01L04S03M.hex
* Software Version Seasave V 7.21g
* Temperature SN = 4515
* Conductivity SN = 3079
* Number of Bytes Per Scan = 40
* Number of Voltage Words = 5
* Number of Scans Averaged by the Deck Unit = 1
* NMEA Latitude = 28 29.20 N
* NMEA Longitude = 088 30.11 W
* NMEA UTC (Time) = Jul 06 2012  23:35:45
* NMEA baud rate = 4800
# nquan = 31
# nvalues = 588                                   
# units = specified
# name 0 = altM: Altimeter [m]
# name 1 = bat: Beam Attenuation, Chelsea/Seatech [1/m]
# name 2 = bpos: Bottle Position in Carousel
# name 3 = c0S/m: Conductivity [S/m]
# name 4 = dz/dtM: Descent Rate [m/s]
# name 5 = wetCDOM: Fluorescence, WET Labs CDOM [mg/m^3]
# name 6 = latitude: Latitude [deg]
# name 7 = longitude: Longitude [deg]
# name 8 = sbeox0Mm/Kg: Oxygen, SBE 43 [umol/kg]
# name 9 = sbeox1Mm/Kg: Oxygen, SBE 43, 2 [umol/kg]
# name 10 = oxsolMm/Kg: Oxygen Saturation, Garcia & Gordon [umol/kg]
# name 11 = oxsatMm/Kg: Oxygen Saturation, Weiss [umol/kg]
# name 12 = par: PAR/Irradiance, Biospherical/Licor
# name 13 = pla: Plume Anomaly
# name 14 = prDM: Pressure, Digiquartz [db]
# name 15 = pumps: Pump Status
# name 16 = scan: Scan Count
# name 17 = sva: Specific Volume Anomaly [10^-8 * m^3/kg]
# name 18 = t090C: Temperature [ITS-90, deg C]
# name 19 = t190C: Temperature, 2 [ITS-90, deg C]
# name 20 = tsa: Thermosteric Anomaly [10^-8 * m^3/kg]
# name 21 = timeS: Time, Elapsed [seconds]
# name 22 = v0: Voltage 0
# name 23 = v1: Voltage 1
# name 24 = v2: Voltage 2
# name 25 = v3: Voltage 3
# name 26 = v4: Voltage 4
# name 27 = v5: Voltage 5
# name 28 = sbeox0V: Oxygen raw, SBE 43 [V]
# name 29 = nbf: Bottles Fired
# name 30 = flag:  0.000e+00
# interval = seconds: 0.0416667
# start_time = Jul 06 2012 23:35:45 [NMEA time, header]
# bad_flag = -9.990e-29
*END*
[from data line 141]
      98.66     0.0569          3   3.345918      0.174     3.4808   28.48288  -88.51540    211.137    178.865  311.90817  312.67567 1.2839e-01 4.2896e+00   1313.382          1      88547     50.619     4.3960     4.3953     37.298   3689.417     1.8339     1.7302     4.9328     4.6020     0.0342     0.2112     1.8339          3  0.000e+00
      98.66     0.0569          3   3.345943      0.001     3.4808   28.48288  -88.51540    211.138    178.865  311.90893  312.67649 1.2839e-01 4.2893e+00   1313.382          1      88548     50.571     4.3957     4.3952     37.250   3689.458     1.8339     1.7302     4.9328     4.6020     0.0342     0.2112     1.8339          3  0.000e+00
      98.66     0.0569          3   3.345924     -0.172     3.4808   28.48288  -88.51540    211.137    178.865  311.90872  312.67624 1.2839e-01 4.2895e+00   1313.375          1      88549     50.600     4.3958     4.3953     37.279   3689.500     1.8339     1.7302     4.9328     4.6020     0.0342     0.2112     1.8339          3  0.000e+00
      98.66     0.0580          3   3.345937      0.174     3.4808   28.48288  -88.51540    211.331    178.865  311.90766  312.67516 1.2839e-01 4.2896e+00   1313.383          1      88550     50.602     4.3960     4.3953     37.281   3689.542     1.8352     1.7302     4.9328     4.6007     0.0342     0.2112     1.8352          3  0.000e+00
      98.66     0.0580          3   3.345950      0.001     3.4808   28.48288  -88.51540    211.137    178.865  311.90803  312.67557 1.2839e-01 4.2895e+00   1313.383          1      88551     50.578     4.3958     4.3952     37.257   3689.583     1.8339     1.7302     4.9328     4.6007     0.0342     0.2112     1.8339          3  0.000e+00
      98.66     0.0580          3   3.345924     -0.172     3.4808   28.48288  -88.51540    211.137    178.865  311.90799  312.67550 1.2802e-01 4.2896e+00   1313.375          1      88552     50.613     4.3960     4.3952     37.292   3689.625     1.8339     1.7302     4.9328     4.6007     0.0330     0.2112     1.8339          3  0.000e+00
      98.66     0.0601          4   3.358213     -2.587     3.3587   28.48280  -88.51632    200.757    170.175  310.31421  311.05139 1.2730e-01 4.5195e+00   1161.445          1      95829     52.676     4.6140     4.6137     40.342   3992.833     1.8010     1.7009     4.9328     4.5983     0.0305     0.2063     1.8010          4  0.000e+00
      98.66     0.0591          4   3.358232      3.796     3.3587   28.48280  -88.51632    200.761    170.179  310.31436  311.05155 1.2694e-01 4.5194e+00   1161.604          1      95830     52.658     4.6139     4.6137     40.323   3992.875     1.8010     1.7009     4.9328     4.5995     0.0293     0.2063     1.8010          4  0.000e+00
      98.66     0.0591          4   3.358225     -2.587     3.3587   28.48280  -88.51632    200.758    170.351  310.31464  311.05184 1.2694e-01 4.5194e+00   1161.496          1      95831     52.654     4.6138     4.6136     40.320   3992.917     1.8010     1.7021     4.9328     4.5995     0.0293     0.2063     1.8010          4  0.000e+00
      98.66     0.0591          4   3.358187      1.553     3.3587   28.48280  -88.51632    200.950    170.353  310.31551  311.05268 1.2730e-01 4.5194e+00   1161.561          1      95832     52.694     4.6139     4.6135     40.360   3992.958     1.8022     1.7021     4.9328     4.5995     0.0305     0.2063     1.8022          4  0.000e+00
      98.66     0.0591          4   3.358200     -1.552     3.3587   28.48280  -88.51632    200.948    170.351  310.31533  311.05252 1.2730e-01 4.5194e+00   1161.496          1      95833     52.676     4.6138     4.6137     40.342   3993.000     1.8022     1.7021     4.9328     4.5995     0.0305     0.2063     1.8022          4  0.000e+00
      98.66     0.0591          4   3.358200      1.381     3.3282   28.48280  -88.51632    200.949    170.354  310.31516  311.05234 1.2730e-01 4.5194e+00   1161.553          1      95834     52.683     4.6139     4.6133     40.349   3993.042     1.8022     1.7021     4.9328     4.5995     0.0305     0.2051     1.8022          4  0.000e+00
      98.66     0.0591          4   3.358206      0.001     3.3282   28.48280  -88.51632    200.948    170.353  310.31356  311.05069 1.2694e-01 4.5197e+00   1161.554          1      95835     52.703     4.6142     4.6135     40.369   3993.083     1.8022     1.7021     4.9328     4.5995     0.0293     0.2051     1.8022          4  0.000e+00
      98.66     0.0580          4   3.358187      0.001     3.3587   28.48280  -88.51632    200.950    170.353  310.31550  311.05268 1.2694e-01 4.5194e+00   1161.554          1      95836     52.694     4.6139     4.6136     40.360   3993.125     1.8022     1.7021     4.9328     4.6007     0.0293     0.2063     1.8022          4  0.000e+00
      98.66     0.0591          4   3.358213     -1.379     3.3587   28.48280  -88.51632    200.759    170.351  310.31499  311.05218 1.2694e-01 4.5194e+00   1161.496          1      95837     52.665     4.6138     4.6135     40.331   3993.167     1.8010     1.7021     4.9328     4.5995     0.0293     0.2063     1.8010          4  0.000e+00
      98.66     0.0580          4   3.358213      2.761     3.3282   28.48280  -88.51632    200.950    170.354  310.31417  311.05133 1.2730e-01 4.5195e+00   1161.611          1      95838     52.688     4.6140     4.6135     40.353   3993.208     1.8022     1.7021     4.9328     4.6007     0.0305     0.2051     1.8022          4  0.000e+00
      98.66     0.0591          4   3.358162     -1.379     3.3587   28.48280  -88.51632    200.762    170.353  310.31809  311.05532 1.2694e-01 4.5190e+00   1161.554          1      95839     52.681     4.6135     4.6134     40.348   3993.250     1.8010     1.7021     4.9328     4.5995     0.0293     0.2063     1.8010          4  0.000e+00
      98.66     0.0591          4   3.358206      0.001     3.3587   28.48280  -88.51632    200.950    170.353  310.31594  311.05315 1.2730e-01 4.5192e+00   1161.554          1      95840     52.660     4.6137     4.6135     40.326   3993.292     1.8022     1.7021     4.9328     4.5995     0.0305     0.2063     1.8022          4  0.000e+00
      98.66     0.0591          4   3.358187      1.208     3.3587   28.48280  -88.51632    200.762    170.354  310.31651  311.05372 1.2730e-01 4.5192e+00   1161.604          1      95841     52.679     4.6137     4.6136     40.345   3993.333     1.8010     1.7021     4.9328     4.5995     0.0305     0.2063     1.8010          4  0.000e+00
      98.66     0.0591          4   3.358200     -1.207     3.3587   28.48280  -88.51632    200.761    170.353  310.31611  311.05332 1.2730e-01 4.5192e+00   1161.554          1      95842     52.666     4.6137     4.6135     40.332   3993.375     1.8010     1.7021     4.9328     4.5995     0.0305     0.2063     1.8010          4  0.000e+00
      98.66     0.0591          4   3.358200      0.173     3.3587   28.48280  -88.51632    200.760    170.354  310.31540  311.05259 1.2730e-01 4.5194e+00   1161.561          1      95843     52.679     4.6138     4.6133     40.345   3993.417     1.8010     1.7021     4.9328     4.5995     0.0305     0.2063     1.8010          4  0.000e+00
      98.66     0.0591          4   3.358206      1.036     3.3282   28.48280  -88.51632    200.761    170.529  310.31504  311.05223 1.2694e-01 4.5194e+00   1161.604          1      95844     52.680     4.6139     4.6134     40.345   3993.458     1.8010     1.7033     4.9328     4.5995     0.0293     0.2051     1.8010          4  0.000e+00
      98.66     0.0591          4   3.358187      0.001     3.3587   28.48280  -88.51632    200.762    170.354  310.31579  311.05298 1.2730e-01 4.5194e+00   1161.604          1      95845     52.692     4.6138     4.6135     40.357   3993.500     1.8010     1.7021     4.9328     4.5995     0.0305     0.2063     1.8010          4  0.000e+00
      98.66     0.0591          4   3.358200      0.001     3.3587   28.48280  -88.51632    200.761    170.355  310.31521  311.05239 1.2694e-01 4.5194e+00   1161.604          1      95846     52.685     4.6139     4.6132     40.351   3993.542     1.8010     1.7021     4.9328     4.5995     0.0293     0.2063     1.8010          4  0.000e+00
      98.66     0.0580          4   3.358219      0.001     3.3587   28.48280  -88.51632    200.951    170.181  310.31494  311.05213 1.2694e-01 4.5193e+00   1161.604          1      95847     52.665     4.6138     4.6132     40.330   3993.583     1.8022     1.7009     4.9328     4.6007     0.0293     0.2063     1.8022          4  0.000e+00
      98.66     0.0601          4   3.358213      0.001     3.3587   28.48280  -88.51632    200.762    170.181  310.31582  311.05304 1.2730e-01 4.5192e+00   1161.604          1      95848     52.657     4.6137     4.6132     40.322   3993.625     1.8010     1.7009     4.9328     4.5983     0.0305     0.2063     1.8010          4  0.000e+00
      98.66     0.0601          4   3.358187      0.173     3.3587   28.48280  -88.51632    200.762    170.356  310.31580  311.05299 1.2730e-01 4.5193e+00   1161.612          1      95849     52.692     4.6138     4.6131     40.358   3993.667     1.8010     1.7021     4.9328     4.5983     0.0305     0.2063     1.8010          4  0.000e+00
      98.66     0.0591          4   3.358213      1.208     3.3587   28.48280  -88.51632    200.763    170.183  310.31494  311.05212 1.2730e-01 4.5194e+00   1161.662          1      95850     52.677     4.6139     4.6130     40.342   3993.708     1.8010     1.7009     4.9328     4.5995     0.0305     0.2063     1.8010          4  0.000e+00
      98.66     0.0591          4   3.358213     -1.379     3.4198   28.48280  -88.51632    200.762    170.357  310.31582  311.05304 1.2730e-01 4.5192e+00   1161.604          1      95851     52.657     4.6137     4.6128     40.322   3993.750     1.8010     1.7021     4.9328     4.5995     0.0305     0.2088     1.8010          4  0.000e+00
      98.66     0.0591          4   3.358187      1.381     3.4198   28.48280  -88.51632    200.763    170.357  310.31562  311.05280 1.2730e-01 4.5194e+00   1161.662          1      95852     52.699     4.6139     4.6130     40.364   3993.792     1.8010     1.7021     4.9328     4.5995     0.0305     0.2088     1.8010          4  0.000e+00
      98.66     0.0591          4   3.358194      0.001     3.4198   28.48280  -88.51632    200.763    170.357  310.31569  311.05287 1.2694e-01 4.5193e+00   1161.662          1      95853     52.689     4.6138     4.6130     40.354   3993.833     1.8010     1.7021     4.9328     4.5995     0.0293     0.2088     1.8010          4  0.000e+00
      98.66     0.0591          4   3.358206      0.001     3.4198   28.48280  -88.51632    200.952    170.357  310.31511  311.05229 1.2694e-01 4.5194e+00   1161.662          1      95854     52.682     4.6139     4.6131     40.347   3993.875     1.8022     1.7021     4.9328     4.5995     0.0293     0.2088     1.8022          4  0.000e+00
      98.66     0.0591          4   3.358187     -1.207     3.4198   28.48280  -88.51632    200.952    170.356  310.31652  311.05372 1.2694e-01 4.5192e+00   1161.612          1      95855     52.679     4.6137     4.6130     40.345   3993.917     1.8022     1.7021     4.9328     4.5995     0.0293     0.2088     1.8022          4  0.000e+00
      98.66     0.0591          4   3.358213      2.416     3.3893   28.48280  -88.51632    200.953    170.358  310.31499  311.05218 1.2730e-01 4.5194e+00   1161.712          1      95856     52.679     4.6139     4.6131     40.344   3993.958     1.8022     1.7021     4.9328     4.5995     0.0305     0.2076     1.8022          4  0.000e+00
      98.66     0.0591          4   3.358238     -1.207     3.4198   28.48280  -88.51632    200.952    170.357  310.31520  311.05243 1.2694e-01 4.5192e+00   1161.662          1      95857     52.638     4.6137     4.6132     40.302   3994.000     1.8022     1.7021     4.9328     4.5995     0.0293     0.2088     1.8022          4  0.000e+00
      98.66     0.0580          4   3.358194      1.208     3.4198   28.48280  -88.51632    200.954    170.358  310.31551  311.05268 1.2730e-01 4.5194e+00   1161.712          1      95858     52.696     4.6139     4.6132     40.360   3994.042     1.8022     1.7021     4.9328     4.6007     0.0305     0.2088     1.8022          4  0.000e+00
      98.66     0.0601          4   3.358194     -2.587     3.4198   28.48280  -88.51632    200.762    170.531  310.31634  311.05355 1.2730e-01 4.5192e+00   1161.605          1      95859     52.673     4.6137     4.6131     40.339   3994.083     1.8010     1.7033     4.9328     4.5983     0.0305     0.2088     1.8010          4  0.000e+00
      98.66     0.0580          4   3.358232      3.969     3.4198   28.48280  -88.51632    200.955    170.534  310.31455  311.05174 1.2730e-01 4.5194e+00   1161.770          1      95860     52.666     4.6139     4.6132     40.329   3994.125     1.8022     1.7033     4.9328     4.6007     0.0305     0.2088     1.8022          4  0.000e+00
      98.66     0.0580          4   3.358194     -2.414     3.4198   28.48280  -88.51632    200.953    170.357  310.31570  311.05288 1.2730e-01 4.5193e+00   1161.669          1      95861     52.689     4.6138     4.6134     40.354   3994.167     1.8022     1.7021     4.9328     4.6007     0.0305     0.2088     1.8022          4  0.000e+00
      98.66     0.0591          4   3.358225      1.036     3.4198   28.48280  -88.51632    200.953    170.359  310.31465  311.05184 1.2694e-01 4.5194e+00   1161.713          1      95862     52.668     4.6139     4.6132     40.333   3994.208     1.8022     1.7021     4.9328     4.5995     0.0293     0.2088     1.8022          4  0.000e+00
      98.66     0.0580          4   3.358206      0.001     3.4198   28.48280  -88.51632    200.954    170.357  310.31540  311.05259 1.2730e-01 4.5193e+00   1161.713          1      95863     52.680     4.6138     4.6133     40.345   3994.250     1.8022     1.7021     4.9328     4.6007     0.0305     0.2088     1.8022          4  0.000e+00
      98.66     0.0591          4   3.358206      0.001     3.4198   28.48280  -88.51632    200.955    170.358  310.31683  311.05407 1.2694e-01 4.5191e+00   1161.713          1      95864     52.655     4.6136     4.6129     40.319   3994.292     1.8022     1.7021     4.9328     4.5995     0.0293     0.2088     1.8022          4  0.000e+00
      98.66     0.0591          4   3.358187      0.001     3.3893   28.48280  -88.51632    200.765    170.358  310.31592  311.05310 1.2694e-01 4.5193e+00   1161.713          1      95865     52.697     4.6138     4.6132     40.361   3994.333     1.8010     1.7021     4.9328     4.5995     0.0293     0.2076     1.8010          4  0.000e+00
      98.66     0.0591          4   3.358194      0.174     3.4198   28.48280  -88.51632    200.955    170.359  310.31647  311.05368 1.2730e-01 4.5192e+00   1161.720          1      95866     52.679     4.6137     4.6130     40.343   3994.375     1.8022     1.7021     4.9328     4.5995     0.0305     0.2088     1.8022          4  0.000e+00
      98.66     0.0591          4   3.358181     -0.172     3.4198   28.48280  -88.51632    200.956    170.358  310.31847  311.05573 1.2694e-01 4.5189e+00   1161.713          1      95867     52.659     4.6134     4.6132     40.324   3994.417     1.8022     1.7021     4.9328     4.5995     0.0293     0.2088     1.8022          4  0.000e+00
      98.66     0.0580          4   3.358200      0.001     3.4198   28.48280  -88.51632    200.954    170.358  310.31629  311.05350 1.2730e-01 4.5192e+00   1161.713          1      95868     52.673     4.6137     4.6132     40.338   3994.458     1.8022     1.7021     4.9328     4.6007     0.0305     0.2088     1.8022          4  0.000e+00
