ctd/tests/data/CTD/g01l02s01.ros
* Sea-Bird SBE 9 Data File:
* FileName = D:\CTD DATA\2013\PE13-01 DiMarco\g01l02s01.hex
* Software Version Seasave V 7.21g
* Temperature SN = 4515
* Conductivity SN = 3079
* Number of Bytes Per Scan = 40
* Number of Voltage Words = 5
* Number of Scans Averaged by the Deck Unit = 1
* NMEA Latitude = 28 44.95 N
* NMEA Longitude = 088 59.96 W
* NMEA UTC (Time) = Jul 05 2012  17:39:14
* NMEA baud rate = 4800
# nquan = 31
# nvalues = 588                                   
# units = specified
# name 0 = altM: Altimeter [m]
# name 1 = bat: Beam Attenuation, Chelsea/Seatech [1/m]
# name 2 = bpos: Bottle Position in Carousel
# name 3 = c0S/m: Conductivity [S/m]
# name 4 = dz/dtM: Descent Rate [m/s]
# name 5 = wetCDOM: Fluorescence, WET Labs CDOM [mg/m^3]
# name 6 = latitude: Latitude [deg]
# name 7 = longitude: Longitude [deg]
# name 8 = sbeox0Mm/Kg: Oxygen, SBE 43 [umol/kg]
# name 9 = sbeox1Mm/Kg: Oxygen, SBE 43, 2 [umol/kg]
# name 10 = oxsolMm/Kg: Oxygen Saturation, Garcia & Gordon [umol/kg]
# name 11 = oxsatMm/Kg: Oxygen Saturation, Weiss [umol/kg]
# name 12 = par: PAR/Irradiance, Biospherical/Licor
# name 13 = pla: Plume Anomaly
# name 14 = prDM: Pressure, Digiquartz [db]
# name 15 = pumps: Pump Status
# name 16 = scan: Scan Count
# name 17 = sva: Specific Volume Anomaly [10^-8 * m^3/kg]
# name 18 = t090C: Temperature [ITS-90, deg C]
# name 19 = t190C: Temperature, 2 [ITS-90, deg C]
# name 20 = tsa: Thermosteric Anomaly [10^-8 * m^3/kg]
# name 21 = timeS: Time, Elapsed [seconds]
# name 22 = v0: Voltage 0
# name 23 = v1: Voltage 1
# name 24 = v2: Voltage 2
# name 25 = v3: Voltage 3
# name 26 = v4: Voltage 4
# name 27 = v5: Voltage 5
# name 28 = sbeox0V: Oxygen raw, SBE 43 [V]
# name 29 = nbf: Bottles Fired
# name 30 = flag:  0.000e+00
# interval = seconds: 0.0416667
# start_time = Jul 05 2012 17:39:14 [NMEA time, header]
# bad_flag = -9.990e-29
*END*
[from data line 47]
       5.25     0.0729          1   3.708522      1.023     3.6029   28.75118  -88.99456    123.556    105.212  282.72813  283.00120 1.2198e-01 8.5969e+00    513.854          1      30400     95.288     8.6504     8.6521     85.714   1266.625     1.4628     1.3956     0.2625     4.5836     0.0122     0.2161     1.4628          1  0.000e+00
       5.25     0.0729          1   3.708522      0.171     3.6029   28.75118  -88.99456    123.556    105.213  282.72794  283.00101 1.2198e-01 8.5969e+00    513.861          1      30401     95.292     8.6504     8.6520     85.718   1266.667     1.4628     1.3956     0.2625     4.5836     0.0122     0.2161     1.4628          1  0.000e+00
      14.26     0.0654          2   3.711766      1.193     3.5724   28.75132  -88.99434    123.614    105.145  282.49729  282.76692 1.2198e-01 8.6339e+00    504.300          1      32222     95.456     8.6864     8.6861     86.027   1342.542     1.4652     1.3968     0.7131     4.5922     0.0122     0.2149     1.4652          2  0.000e+00
      14.26     0.0654          2   3.711785      0.171     3.5724   28.75132  -88.99434    123.614    105.145  282.49611  282.76572 1.2198e-01 8.6340e+00    504.308          1      32223     95.457     8.6866     8.6863     86.028   1342.583     1.4652     1.3968     0.7131     4.5922     0.0122     0.2149     1.4652          2  0.000e+00
      14.29     0.0654          2   3.711779     -1.363     3.5724   28.75132  -88.99434    123.455    104.999  282.49601  282.76561 1.2198e-01 8.6341e+00    504.251          1      32224     95.463     8.6867     8.6861     86.035   1342.625     1.4640     1.3956     0.7143     4.5922     0.0122     0.2149     1.4640          2  0.000e+00
      14.26     0.0665          2   3.711759      1.193     3.5724   28.75132  -88.99434    123.456    105.000  282.49667  282.76628 1.2198e-01 8.6340e+00    504.300          1      32225     95.477     8.6866     8.6860     86.048   1342.667     1.4640     1.3956     0.7131     4.5910     0.0122     0.2149     1.4640          2  0.000e+00
      14.26     0.0665          2   3.711779     -1.192     3.5724   28.75132  -88.99434    123.455    105.001  282.49487  282.76445 1.2198e-01 8.6344e+00    504.251          1      32226     95.487     8.6869     8.6855     86.059   1342.708     1.4640     1.3956     0.7131     4.5910     0.0122     0.2149     1.4640          2  0.000e+00
      14.26     0.0654          2   3.711805      2.556     3.5724   28.75132  -88.99434    123.614    105.002  282.49516  282.76476 1.2164e-01 8.6342e+00    504.357          1      32227     95.456     8.6868     8.6852     86.026   1342.750     1.4652     1.3956     0.7131     4.5922     0.0110     0.2149     1.4652          2  0.000e+00
      14.29     0.0665          2   3.711818     -3.748     3.5724   28.75132  -88.99432    123.454    105.000  282.49435  282.76394 1.2198e-01 8.6343e+00    504.201          1      32228     95.446     8.6868     8.6851     86.018   1342.792     1.4640     1.3956     0.7143     4.5910     0.0122     0.2149     1.4640          2  0.000e+00
      14.31     0.0665          2   3.711865      1.193     3.5724   28.75132  -88.99432    123.454    105.001  282.49302  282.76261 1.2198e-01 8.6344e+00    504.251          1      32229     95.421     8.6869     8.6854     85.992   1342.833     1.4640     1.3956     0.7155     4.5910     0.0122     0.2149     1.4640          2  0.000e+00
      14.31     0.0654          2   3.711838      1.193     3.5724   28.75132  -88.99432    123.612    105.002  282.49364  282.76322 1.2198e-01 8.6344e+00    504.300          1      32230     95.444     8.6869     8.6853     86.014   1342.875     1.4652     1.3956     0.7155     4.5922     0.0122     0.2149     1.4652          2  0.000e+00
      14.31     0.0654          2   3.711812      0.000     3.5724   28.75132  -88.99432    123.613    105.002  282.49420  282.76379 1.2233e-01 8.6344e+00    504.300          1      32231     95.464     8.6869     8.6852     86.035   1342.917     1.4652     1.3956     0.7155     4.5922     0.0134     0.2149     1.4652          2  0.000e+00
      14.31     0.0654          2   3.711818     -1.192     3.5724   28.75132  -88.99432    123.455    105.000  282.49515  282.76477 1.2198e-01 8.6341e+00    504.251          1      32232     95.432     8.6867     8.6856     86.004   1342.958     1.4640     1.3956     0.7155     4.5922     0.0122     0.2149     1.4640          2  0.000e+00
      14.33     0.0654          2   3.711825      1.193     3.5724   28.75132  -88.99432    123.612    105.000  282.49392  282.76351 1.2198e-01 8.6344e+00    504.301          1      32233     95.454     8.6869     8.6860     86.024   1343.000     1.4652     1.3956     0.7167     4.5922     0.0122     0.2149     1.4652          2  0.000e+00
      14.31     0.0654          2   3.711812     -1.192     3.5724   28.75132  -88.99432    123.612    105.144  282.49416  282.76374 1.2198e-01 8.6344e+00    504.251          1      32234     95.461     8.6869     8.6861     86.033   1343.042     1.4652     1.3968     0.7155     4.5922     0.0122     0.2149     1.4652          2  0.000e+00
      14.31     0.0654          2   3.711818      1.193     3.5724   28.75132  -88.99432    123.612    104.999  282.49330  282.76287 1.2198e-01 8.6345e+00    504.301          1      32235     95.475     8.6871     8.6862     86.045   1343.083     1.4652     1.3956     0.7155     4.5922     0.0122     0.2149     1.4652          2  0.000e+00
      14.31     0.0654          2   3.711838     -1.192     3.5724   28.75132  -88.99432    123.612    104.999  282.49359  282.76318 1.2198e-01 8.6344e+00    504.251          1      32236     95.441     8.6869     8.6861     86.012   1343.125     1.4652     1.3956     0.7155     4.5922     0.0122     0.2149     1.4652          2  0.000e+00
      14.31     0.0654          2   3.711805      1.193     3.5724   28.75132  -88.99432    123.613    104.999  282.49473  282.76432 1.2164e-01 8.6343e+00    504.301          1      32237     95.461     8.6868     8.6863     86.032   1343.167     1.4652     1.3956     0.7155     4.5922     0.0110     0.2149     1.4652          2  0.000e+00
      14.31     0.0654          2   3.711812     -1.192     3.5724   28.75132  -88.99432    123.612    104.998  282.49492  282.76452 1.2198e-01 8.6342e+00    504.251          1      32238     95.446     8.6868     8.6865     86.017   1343.208     1.4652     1.3956     0.7155     4.5922     0.0122     0.2149     1.4652          2  0.000e+00
      14.31     0.0665          2   3.711785      1.193     3.5724   28.75132  -88.99432    123.613    105.142  282.49553  282.76513 1.2198e-01 8.6342e+00    504.301          1      32239     95.469     8.6868     8.6871     86.039   1343.250     1.4652     1.3968     0.7155     4.5910     0.0122     0.2149     1.4652          2  0.000e+00
      14.31     0.0665          2   3.711812     -1.192     3.5724   28.75132  -88.99432    123.612    105.142  282.49548  282.76510 1.2198e-01 8.6341e+00    504.251          1      32240     95.434     8.6866     8.6870     86.005   1343.292     1.4652     1.3968     0.7155     4.5910     0.0122     0.2149     1.4652          2  0.000e+00
      14.31     0.0665          2   3.711812      1.363     3.5724   28.75132  -88.99432    123.456    105.143  282.49535  282.76496 1.2198e-01 8.6341e+00    504.308          1      32241     95.441     8.6867     8.6870     86.011   1343.333     1.4640     1.3968     0.7155     4.5910     0.0122     0.2149     1.4640          2  0.000e+00
      14.31     0.0654          2   3.711818     -0.170     3.5724   28.75132  -88.99432    123.455    105.143  282.49330  282.76287 1.2198e-01 8.6345e+00    504.301          1      32242     95.475     8.6871     8.6866     86.045   1343.375     1.4640     1.3968     0.7155     4.5922     0.0122     0.2149     1.4640          2  0.000e+00
      14.31     0.0654          2   3.711838      0.000     3.5724   28.75132  -88.99432    123.455    104.997  282.49288  282.76244 1.2198e-01 8.6345e+00    504.301          1      32243     95.460     8.6871     8.6870     86.030   1343.417     1.4640     1.3956     0.7155     4.5922     0.0122     0.2149     1.4640          2  0.000e+00
      14.31     0.0654          2   3.711825     -1.192     3.5724   28.75132  -88.99432    123.611    104.996  282.49311  282.76268 1.2198e-01 8.6345e+00    504.251          1      32244     95.467     8.6871     8.6873     86.039   1343.458     1.4652     1.3956     0.7155     4.5922     0.0122     0.2149     1.4652          2  0.000e+00
      14.31     0.0654          2   3.711799      1.363     3.5724   28.75132  -88.99432    123.613    104.997  282.49487  282.76447 1.2198e-01 8.6343e+00    504.308          1      32245     95.467     8.6868     8.6871     86.037   1343.500     1.4652     1.3956     0.7155     4.5922     0.0122     0.2149     1.4652          2  0.000e+00
      14.31     0.0665          2   3.711779     -0.170     3.5724   28.75132  -88.99432    123.456    104.998  282.49492  282.76449 1.2198e-01 8.6344e+00    504.301          1      32246     95.490     8.6869     8.6868     86.061   1343.542     1.4640     1.3956     0.7155     4.5910     0.0122     0.2149     1.4640          2  0.000e+00
      14.31     0.0654          2   3.711812      0.000     3.5724   28.75132  -88.99432    123.613    104.999  282.49496  282.76457 1.2198e-01 8.6342e+00    504.301          1      32247     95.448     8.6868     8.6863     86.019   1343.583     1.4652     1.3956     0.7155     4.5922     0.0122     0.2149     1.4652          2  0.000e+00
      14.31     0.0654          2   3.711812      0.000     3.5419   28.75132  -88.99432    123.613    104.999  282.49420  282.76379 1.2198e-01 8.6344e+00    504.301          1      32248     95.464     8.6869     8.6865     86.035   1343.625     1.4652     1.3956     0.7155     4.5922     0.0122     0.2137     1.4652          2  0.000e+00
      14.31     0.0654          2   3.711845      0.000     3.5724   28.75132  -88.99432    123.612    104.999  282.49255  282.76211 1.2198e-01 8.6346e+00    504.301          1      32249     95.458     8.6872     8.6863     86.029   1343.667     1.4652     1.3956     0.7155     4.5922     0.0122     0.2149     1.4652          2  0.000e+00
      14.31     0.0654          2   3.711845      1.363     3.5114   28.75132  -88.99432    123.456    105.000  282.49355  282.76314 1.2198e-01 8.6344e+00    504.357          1      32250     95.442     8.6869     8.6863     86.011   1343.708     1.4640     1.3956     0.7155     4.5922     0.0122     0.2125     1.4640          2  0.000e+00
      14.31     0.0654          2   3.711805     -1.363     3.5419   28.75132  -88.99432    123.613    105.143  282.49435  282.76393 1.2198e-01 8.6344e+00    504.301          1      32251     95.469     8.6869     8.6868     86.040   1343.750     1.4652     1.3968     0.7155     4.5922     0.0122     0.2137     1.4652          2  0.000e+00
      14.31     0.0654          2   3.711792      1.363     3.5724   28.75132  -88.99432    123.614    104.998  282.49544  282.76504 1.2198e-01 8.6342e+00    504.357          1      32252     95.467     8.6868     8.6866     86.036   1343.792     1.4652     1.3956     0.7155     4.5922     0.0122     0.2149     1.4652          2  0.000e+00
      14.31     0.0665          2   3.711805     -1.363     3.5419   28.75132  -88.99432    123.613    105.143  282.49510  282.76471 1.2198e-01 8.6342e+00    504.301          1      32253     95.453     8.6868     8.6868     86.024   1343.833     1.4652     1.3968     0.7155     4.5910     0.0122     0.2137     1.4652          2  0.000e+00
      14.31     0.0654          2   3.711772      1.363     3.5419   28.75132  -88.99432    123.615    104.998  282.49682  282.76644 1.2198e-01 8.6340e+00    504.357          1      32254     95.462     8.6865     8.6870     86.032   1343.875     1.4652     1.3956     0.7155     4.5922     0.0122     0.2137     1.4652          2  0.000e+00
      14.31     0.0654          2   3.711719     -1.363     3.5419   28.75132  -88.99432    123.458    104.998  282.49961  282.76927 1.2164e-01 8.6336e+00    504.301          1      32255     95.464     8.6861     8.6867     86.035   1343.917     1.4640     1.3956     0.7155     4.5922     0.0110     0.2137     1.4640          2  0.000e+00
      14.31     0.0654          2   3.711719      1.363     3.5419   28.75132  -88.99432    123.616    104.998  282.50042  282.77010 1.2198e-01 8.6334e+00    504.357          1      32256     95.451     8.6859     8.6868     86.021   1343.958     1.4652     1.3956     0.7155     4.5922     0.0122     0.2137     1.4652          2  0.000e+00
      14.31     0.0665          2   3.711746      0.000     3.5419   28.75132  -88.99432    123.458    104.999  282.49909  282.76876 1.2198e-01 8.6335e+00    504.357          1      32257     95.447     8.6861     8.6867     86.017   1344.000     1.4640     1.3956     0.7155     4.5910     0.0122     0.2137     1.4640          2  0.000e+00
      14.31     0.0654          2   3.711799     -1.363     3.5419   28.75132  -88.99432    123.614    104.998  282.49771  282.76738 1.2198e-01 8.6336e+00    504.301          1      32258     95.407     8.6862     8.6866     85.977   1344.042     1.4652     1.3956     0.7155     4.5922     0.0122     0.2137     1.4652          2  0.000e+00
      14.31     0.0654          2   3.711772      2.556     3.5419   28.75132  -88.99432    123.458    104.999  282.49724  282.76687 1.2198e-01 8.6339e+00    504.407          1      32259     95.457     8.6864     8.6868     86.026   1344.083     1.4640     1.3956     0.7155     4.5922     0.0122     0.2137     1.4640          2  0.000e+00
      14.31     0.0654          2   3.711819     -1.192     3.5419   28.75132  -88.99432    123.613    104.998  282.49412  282.76370 1.2198e-01 8.6344e+00    504.358          1      32260     95.462     8.6869     8.6870     86.031   1344.125     1.4652     1.3956     0.7155     4.5922     0.0122     0.2137     1.4652          2  0.000e+00
      14.31     0.0665          2   3.711852      0.000     3.5419   28.75132  -88.99432    123.455    105.144  282.49132  282.76085 1.2198e-01 8.6349e+00    504.358          1      32261     95.480     8.6874     8.6868     86.049   1344.167     1.4640     1.3968     0.7155     4.5910     0.0122     0.2137     1.4640          2  0.000e+00
      14.29     0.0654          2   3.711845      0.000     3.5724   28.75132  -88.99432    123.613    104.999  282.49260  282.76216 1.2129e-01 8.6346e+00    504.358          1      32262     95.461     8.6872     8.6866     86.031   1344.208     1.4652     1.3956     0.7143     4.5922     0.0098     0.2149     1.4652          2  0.000e+00
      14.29     0.0654          2   3.711924      0.000     3.5419   28.75132  -88.99432    123.610    104.998  282.48634  282.75580 1.2198e-01 8.6357e+00    504.358          1      32263     95.496     8.6882     8.6868     86.064   1344.250     1.4652     1.3956     0.7143     4.5922     0.0122     0.2137     1.4652          2  0.000e+00
      14.29     0.0654          2   3.711977      0.000     3.5419   28.75132  -88.99432    123.451    104.997  282.48236  282.75175 1.2198e-01 8.6363e+00    504.358          1      32264     95.515     8.6889     8.6873     86.083   1344.292     1.4640     1.3956     0.7143     4.5922     0.0122     0.2137     1.4640          2  0.000e+00
      14.29     0.0654          2   3.712003      1.193     3.5419   28.75132  -88.99432    123.608    104.996  282.48127  282.75065 1.2198e-01 8.6365e+00    504.407          1      32265     95.509     8.6891     8.6878     86.076   1344.333     1.4652     1.3956     0.7143     4.5922     0.0122     0.2137     1.4652          2  0.000e+00
