ctd/tests/data/CTD/g01l04s04.ros
* Sea-Bird SBE 9 Data File:
* FileName = D:\CTD DATA\2013\PE13-01 DiMarco\G01L04S04.hex
* Software Version Seasave V 7.21g
* Temperature SN = 4515
* Conductivity SN = 3079
* Number of Bytes Per Scan = 40
* Number of Voltage Words = 5
* Number of Scans Averaged by the Deck Unit = 1
* NMEA Latitude = 28 15.07 N
* NMEA Longitude = 088 29.89 W
* NMEA UTC (Time) = Jul 07 2012  20:27:41
* NMEA baud rate = 4800
# nquan = 31
# nvalues = 588                                   
# units = specified
# name 0 = altM: Altimeter [m]
# name 1 = bat: Beam Attenuation, Chelsea/Seatech [1/m]
# name 2 = bpos: Bottle Position in Carousel
# name 3 = c0S/m: Conductivity [S/m]
# name 4 = dz/dtM: Descent Rate [m/s]
# name 5 = wetCDOM: Fluorescence, WET Labs CDOM [mg/m^3]
# name 6 = latitude: Latitude [deg]
# name 7 = longitude: Longitude [deg]
# name 8 = sbeox0Mm/Kg: Oxygen, SBE 43 [umol/kg]
# name 9 = sbeox1Mm/Kg: Oxygen, SBE 43, 2 [umol/kg]
# name 10 = oxsolMm/Kg: Oxygen Saturation, Garcia & Gordon [umol/kg]
# name 11 = oxsatMm/Kg: Oxygen Saturation, Weiss [umol/kg]
# name 12 = par: PAR/Irradiance, Biospherical/Licor
# name 13 = pla: Plume Anomaly
# name 14 = prDM: Pressure, Digiquartz [db]
# name 15 = pumps: Pump Status
# name 16 = scan: Scan Count
# name 17 = sva: Specific Volume Anomaly [10^-8 * m^3/kg]
# name 18 = t090C: Temperature [ITS-90, deg C]
# name 19 = t190C: Temperature, 2 [ITS-90, deg C]
# name 20 = tsa: Thermosteric Anomaly [10^-8 * m^3/kg]
# name 21 = timeS: Time, Elapsed [seconds]
# name 22 = v0: Voltage 0
# name 23 = v1: Voltage 1
# name 24 = v2: Voltage 2
# name 25 = v3: Voltage 3
# name 26 = v4: Voltage 4
# name 27 = v5: Voltage 5
# name 28 = sbeox0V: Oxygen raw, SBE 43 [V]
# name 29 = nbf: Bottles Fired
# name 30 = flag:  0.000e+00
# interval = seconds: 0.0416667
# start_time = Jul 07 2012 20:27:41 [NMEA time, header]
# bad_flag = -9.990e-29
*END*
[from data line 234]
      98.68     0.0463          5   3.430225     -1.888     3.4503   28.26252  -88.48466    167.472    142.006  303.50698  304.11862 1.2268e-01 5.4874e+00    906.589          1      97067     64.991     5.5655     5.5651     53.580   4044.417     1.6496     1.5629     4.9341     4.6142     0.0147     0.2100     1.6496          5  0.000e+00
      98.68     0.0463          5   3.430225      1.890     3.4503   28.26252  -88.48466    167.473    142.007  303.50571  304.11731 1.2268e-01 5.4877e+00    906.668          1      97068     65.020     5.5658     5.5649     53.609   4044.458     1.6496     1.5629     4.9341     4.6142     0.0147     0.2100     1.6496          5  0.000e+00
      98.68     0.0474          5   3.430270     -1.888     3.4503   28.26252  -88.48466    167.649    142.005  303.50448  304.11609 1.2268e-01 5.4877e+00    906.589          1      97069     64.979     5.5658     5.5651     53.568   4044.500     1.6508     1.5629     4.9341     4.6129     0.0147     0.2100     1.6508          5  0.000e+00
      98.68     0.0474          5   3.430244      0.688     3.4503   28.26252  -88.48466    167.471    142.007  303.50426  304.11584 1.2268e-01 5.4879e+00    906.618          1      97070     65.019     5.5660     5.5647     53.607   4044.542     1.6496     1.5629     4.9341     4.6129     0.0147     0.2100     1.6496          5  0.000e+00
      98.71     0.0463          5   3.430270      0.001     3.4503   28.26252  -88.48466    167.649    142.007  303.50293  304.11449 1.2268e-01 5.4880e+00    906.618          1      97071     65.010     5.5661     5.5647     53.598   4044.583     1.6508     1.5629     4.9353     4.6142     0.0147     0.2100     1.6508          5  0.000e+00
      98.68     0.0474          5   3.430263      0.688     3.4503   28.26252  -88.48466    167.471    142.172  303.50290  304.11445 1.2268e-01 5.4880e+00    906.646          1      97072     65.021     5.5661     5.5647     53.609   4044.625     1.6496     1.5641     4.9341     4.6129     0.0147     0.2100     1.6496          5  0.000e+00
      98.68     0.0463          5   3.430257     -2.060     3.4503   28.26252  -88.48466    167.469    142.005  303.50319  304.11475 1.2233e-01 5.4880e+00    906.560          1      97073     65.018     5.5661     5.5650     53.607   4044.667     1.6496     1.5629     4.9341     4.6142     0.0134     0.2100     1.6496          5  0.000e+00
      98.68     0.0463          5   3.430282      1.375     3.4198   28.26252  -88.48466    167.291    142.007  303.50260  304.11417 1.2268e-01 5.4880e+00    906.618          1      97074     64.999     5.5661     5.5647     53.587   4044.708     1.6484     1.5629     4.9341     4.6142     0.0147     0.2088     1.6484          5  0.000e+00
      98.71     0.0463          5   3.430263     -0.686     3.4503   28.26252  -88.48466    167.469    142.007  303.50306  304.11462 1.2268e-01 5.4880e+00    906.589          1      97075     65.014     5.5661     5.5646     53.602   4044.750     1.6496     1.5629     4.9353     4.6142     0.0147     0.2100     1.6496          5  0.000e+00
      98.68     0.0474          5   3.430257     -0.686     3.4503   28.26252  -88.48466    167.469    142.006  303.50297  304.11452 1.2268e-01 5.4880e+00    906.561          1      97076     65.022     5.5661     5.5647     53.611   4044.792     1.6496     1.5629     4.9341     4.6129     0.0147     0.2100     1.6496          5  0.000e+00
      98.68     0.0474          5   3.430231      1.374     3.4503   28.26252  -88.48466    167.472    142.172  303.50617  304.11779 1.2268e-01 5.4875e+00    906.618          1      97077     65.000     5.5656     5.5646     53.589   4044.833     1.6496     1.5641     4.9341     4.6129     0.0147     0.2100     1.6496          5  0.000e+00
      98.71     0.0453          6   3.524798      0.343     3.1145   28.26342  -88.48364    141.060    119.800  295.61966  296.09443 1.2233e-01 6.6422e+00    706.752          1     103441     78.922     6.7076     6.7037     68.418   4310.000     1.5226     1.4481     4.9353     4.6154     0.0134     0.1966     1.5226          6  0.000e+00
      98.71     0.0463          6   3.524688     -1.368     3.1451   28.26342  -88.48364    141.063    119.797  295.62796  296.10288 1.2233e-01 6.6410e+00    706.695          1     103442     78.897     6.7064     6.7047     68.395   4310.042     1.5226     1.4481     4.9353     4.6142     0.0134     0.1978     1.5226          6  0.000e+00
      98.71     0.0442          6   3.524578      2.567     3.1451   28.26342  -88.48364    141.239    119.797  295.63665  296.11171 1.2198e-01 6.6397e+00    706.802          1     103443     78.876     6.7051     6.7051     68.375   4310.083     1.5238     1.4481     4.9353     4.6166     0.0122     0.1978     1.5238          6  0.000e+00
      98.71     0.0453          6   3.524513     -1.197     3.1451   28.26342  -88.48364    141.239    119.795  295.63963  296.11472 1.2233e-01 6.6394e+00    706.752          1     103444     78.897     6.7047     6.7056     68.397   4310.125     1.5238     1.4481     4.9353     4.6154     0.0134     0.1978     1.5238          6  0.000e+00
      98.71     0.0453          6   3.524403      0.856     3.1451   28.26342  -88.48364    141.244    119.796  295.64761  296.12283 1.2233e-01 6.6382e+00    706.788          1     103445     78.885     6.7036     6.7056     68.387   4310.167     1.5238     1.4481     4.9353     4.6154     0.0134     0.1978     1.5238          6  0.000e+00
      98.71     0.0453          6   3.524442     -2.223     3.1756   28.26342  -88.48364    141.243    119.794  295.64806  296.12334 1.2233e-01 6.6379e+00    706.695          1     103446     78.820     6.7033     6.7056     68.322   4310.208     1.5238     1.4481     4.9353     4.6154     0.0134     0.1990     1.5238          6  0.000e+00
      98.71     0.0453          6   3.524532      3.935     3.2366   28.26342  -88.48364    141.074    119.797  295.64372  296.11895 1.2233e-01 6.6384e+00    706.859          1     103447     78.800     6.7038     6.7055     68.299   4310.250     1.5226     1.4481     4.9353     4.6154     0.0134     0.2015     1.5226          6  0.000e+00
      98.71     0.0453          6   3.524558     -3.934     3.2366   28.26342  -88.48364    141.069    119.796  295.64018  296.11533 1.2198e-01 6.6390e+00    706.695          1     103448     78.825     6.7044     6.7050     68.325   4310.292     1.5226     1.4481     4.9353     4.6154     0.0122     0.2015     1.5226          6  0.000e+00
      98.73     0.0453          6   3.524578      2.225     3.2366   28.26342  -88.48364    141.069    119.798  295.63600  296.11104 1.2233e-01 6.6398e+00    706.788          1     103449     78.888     6.7052     6.7050     68.386   4310.333     1.5226     1.4481     4.9365     4.6154     0.0134     0.2015     1.5226          6  0.000e+00
      98.71     0.0453          6   3.524610     -0.854     3.2366   28.26342  -88.48364    141.237    119.641  295.63518  296.11024 1.2233e-01 6.6398e+00    706.752          1     103450     78.860     6.7052     6.7048     68.359   4310.375     1.5238     1.4469     4.9353     4.6154     0.0134     0.2015     1.5238          6  0.000e+00
      98.71     0.0453          6   3.524565      2.567     3.2366   28.26342  -88.48364    141.240    119.642  295.63723  296.11229 1.2233e-01 6.6396e+00    706.859          1     103451     78.885     6.7050     6.7050     68.383   4310.417     1.5238     1.4469     4.9353     4.6154     0.0134     0.2015     1.5238          6  0.000e+00
      98.73     0.0453          6   3.524513     -2.565     3.2366   28.26342  -88.48364    141.240    119.795  295.64111  296.11625 1.2233e-01 6.6390e+00    706.752          1     103452     78.868     6.7044     6.7055     68.369   4310.458     1.5238     1.4481     4.9365     4.6154     0.0134     0.2015     1.5238          6  0.000e+00
      98.71     0.0453          6   3.524422      1.198     3.2366   28.26342  -88.48364    141.075    119.794  295.64779  296.12304 1.2233e-01 6.6381e+00    706.802          1     103453     78.858     6.7034     6.7063     68.359   4310.500     1.5226     1.4481     4.9353     4.6154     0.0134     0.2015     1.5226          6  0.000e+00
      98.73     0.0453          6   3.524377     -0.341     3.2061   28.26342  -88.48364    141.246    119.796  295.65183  296.12715 1.2198e-01 6.6374e+00    706.788          1     103454     78.836     6.7028     6.7060     68.338   4310.542     1.5238     1.4481     4.9365     4.6154     0.0122     0.2002     1.5238          6  0.000e+00
      98.71     0.0463          6   3.524345      0.343     3.2366   28.26342  -88.48364    141.079    119.644  295.65495  296.13034 1.2233e-01 6.6369e+00    706.802          1     103455     78.818     6.7023     6.7043     68.320   4310.583     1.5226     1.4469     4.9353     4.6142     0.0134     0.2015     1.5226          6  0.000e+00
      98.73     0.0453          6   3.524338      1.369     3.2366   28.26342  -88.48364    141.250    119.648  295.65580  296.13120 1.2164e-01 6.6368e+00    706.860          1     103456     78.814     6.7021     6.7033     68.315   4310.625     1.5238     1.4469     4.9365     4.6154     0.0110     0.2015     1.5238          6  0.000e+00
      98.71     0.0463          6   3.524338     -1.368     3.2366   28.26342  -88.48364    141.247    119.649  295.65362  296.12896 1.2233e-01 6.6372e+00    706.803          1     103457     78.852     6.7026     6.7025     68.354   4310.667     1.5238     1.4469     4.9353     4.6142     0.0134     0.2015     1.5238          6  0.000e+00
      98.71     0.0453          6   3.524338      1.369     3.2366   28.26342  -88.48364    141.080    119.651  295.65517  296.13055 1.2233e-01 6.6369e+00    706.860          1     103458     78.826     6.7023     6.7021     68.327   4310.708     1.5226     1.4469     4.9353     4.6154     0.0134     0.2015     1.5226          6  0.000e+00
      98.71     0.0463          6   3.524287     -0.512     3.2366   28.26342  -88.48364    141.251    119.808  295.65851  296.13394 1.2233e-01 6.6364e+00    706.838          1     103459     78.826     6.7018     6.7016     68.328   4310.750     1.5238     1.4481     4.9353     4.6142     0.0134     0.2015     1.5238          6  0.000e+00
      98.73     0.0463          6   3.524293      0.514     3.2366   28.26342  -88.48364    141.251    119.810  295.65901  296.13446 1.2233e-01 6.6363e+00    706.860          1     103460     78.809     6.7017     6.7012     68.311   4310.792     1.5238     1.4481     4.9365     4.6142     0.0134     0.2015     1.5238          6  0.000e+00
      98.71     0.0463          6   3.524306     -1.368     3.2366   28.26342  -88.48364    141.250    119.809  295.65864  296.13410 1.2233e-01 6.6363e+00    706.803          1     103461     78.796     6.7017     6.7011     68.299   4310.833     1.5238     1.4481     4.9353     4.6142     0.0134     0.2015     1.5238          6  0.000e+00
      98.71     0.0463          6   3.524300      2.567     3.2366   28.26342  -88.48364    141.083    119.811  295.65996  296.13545 1.2233e-01 6.6361e+00    706.910          1     103462     78.786     6.7014     6.7008     68.287   4310.875     1.5226     1.4481     4.9353     4.6142     0.0134     0.2015     1.5226          6  0.000e+00
      98.71     0.0463          6   3.524300     -1.197     3.2366   28.26342  -88.48364    141.251    119.810  295.65885  296.13431 1.2233e-01 6.6363e+00    706.860          1     103463     78.804     6.7017     6.7011     68.306   4310.917     1.5238     1.4481     4.9353     4.6142     0.0134     0.2015     1.5238          6  0.000e+00
      98.71     0.0463          6   3.524325     -0.512     3.2366   28.26342  -88.48364    141.081    119.810  295.65906  296.13455 1.2198e-01 6.6361e+00    706.838          1     103464     78.765     6.7015     6.7011     68.267   4310.958     1.5226     1.4481     4.9353     4.6142     0.0122     0.2015     1.5226          6  0.000e+00
      98.71     0.0474          6   3.524287      1.711     3.2366   28.26342  -88.48364    141.083    119.811  295.66027  296.13576 1.2233e-01 6.6361e+00    706.910          1     103465     78.796     6.7014     6.7009     68.298   4311.000     1.5226     1.4481     4.9353     4.6129     0.0134     0.2015     1.5226          6  0.000e+00
      98.71     0.0463          6   3.524248      0.001     3.2366   28.26342  -88.48364    141.084    119.812  295.66100  296.13646 1.2233e-01 6.6361e+00    706.910          1     103466     78.832     6.7015     6.7008     68.334   4311.042     1.5226     1.4481     4.9353     4.6142     0.0134     0.2015     1.5226          6  0.000e+00
      98.73     0.0453          6   3.524261      0.001     3.2366   28.26342  -88.48364    141.253    119.812  295.66132  296.13681 1.2233e-01 6.6360e+00    706.910          1     103467     78.809     6.7013     6.7008     68.311   4311.083     1.5238     1.4481     4.9365     4.6154     0.0134     0.2015     1.5238          6  0.000e+00
      98.71     0.0463          6   3.524293      0.001     3.2366   28.26342  -88.48364    141.253    119.810  295.66076  296.13626 1.2233e-01 6.6359e+00    706.910          1     103468     78.779     6.7013     6.7012     68.280   4311.125     1.5238     1.4481     4.9353     4.6142     0.0134     0.2015     1.5238          6  0.000e+00
      98.71     0.0463          6   3.524280     -0.341     3.2366   28.26342  -88.48364    141.083    119.965  295.66084  296.13634 1.2198e-01 6.6360e+00    706.896          1     103469     78.793     6.7013     6.7017     68.294   4311.167     1.5226     1.4493     4.9353     4.6142     0.0122     0.2015     1.5226          6  0.000e+00
      98.71     0.0453          6   3.524222      0.343     3.2366   28.26342  -88.48364    141.254    119.808  295.66310  296.13861 1.2233e-01 6.6358e+00    706.910          1     103470     78.824     6.7012     6.7021     68.327   4311.208     1.5238     1.4481     4.9353     4.6154     0.0134     0.2015     1.5238          6  0.000e+00
      98.71     0.0463          6   3.524228      0.001     3.2366   28.26342  -88.48364    141.255    119.808  295.66443  296.13998 1.2198e-01 6.6355e+00    706.910          1     103471     78.790     6.7008     6.7019     68.292   4311.250     1.5238     1.4481     4.9353     4.6142     0.0122     0.2015     1.5238          6  0.000e+00
      98.71     0.0463          6   3.524190      1.198     3.2366   28.26342  -88.48364    141.257    119.810  295.66647  296.14205 1.2233e-01 6.6352e+00    706.960          1     103472     78.803     6.7006     6.7016     68.306   4311.292     1.5238     1.4481     4.9353     4.6142     0.0134     0.2015     1.5238          6  0.000e+00
      98.71     0.0463          6   3.524313     -1.197     3.2672   28.26342  -88.48364    141.253    119.809  295.66092  296.13645 1.2233e-01 6.6358e+00    706.910          1     103473     78.750     6.7012     6.7016     68.252   4311.333     1.5238     1.4481     4.9353     4.6142     0.0134     0.2027     1.5238          6  0.000e+00
      98.71     0.0463          6   3.524390      2.225     3.2672   28.26342  -88.48364    141.252    119.812  295.65471  296.13012 1.2198e-01 6.6367e+00    707.003          1     103474     78.779     6.7021     6.7011     68.277   4311.375     1.5238     1.4481     4.9353     4.6142     0.0122     0.2027     1.5238          6  0.000e+00
      98.71     0.0453          6   3.524377     -2.223     3.2977   28.26342  -88.48364    141.249    119.811  295.65280  296.12815 1.2198e-01 6.6372e+00    706.910          1     103475     78.826     6.7026     6.7013     68.326   4311.417     1.5238     1.4481     4.9353     4.6154     0.0122     0.2039     1.5238          6  0.000e+00
