ctd/tests/data/CTD/g01l04s02.ros
* Sea-Bird SBE 9 Data File:
* FileName = D:\CTD DATA\2013\PE13-01 DiMarco\G01L04S02.hex
* Software Version Seasave V 7.21g
* Temperature SN = 4515
* Conductivity SN = 3079
* Number of Bytes Per Scan = 40
* Number of Voltage Words = 5
* Number of Scans Averaged by the Deck Unit = 1
* NMEA Latitude = 28 44.92 N
* NMEA Longitude = 088 30.00 W
* NMEA UTC (Time) = Jul 06 2012  02:18:00
* NMEA baud rate = 4800
# nquan = 31
# nvalues = 588                                   
# units = specified
# name 0 = altM: Altimeter [m]
# name 1 = bat: Beam Attenuation, Chelsea/Seatech [1/m]
# name 2 = bpos: Bottle Position in Carousel
# name 3 = c0S/m: Conductivity [S/m]
# name 4 = dz/dtM: Descent Rate [m/s]
# name 5 = wetCDOM: Fluorescence, WET Labs CDOM [mg/m^3]
# name 6 = latitude: Latitude [deg]
# name 7 = longitude: Longitude [deg]
# name 8 = sbeox0Mm/Kg: Oxygen, SBE 43 [umol/kg]
# name 9 = sbeox1Mm/Kg: Oxygen, SBE 43, 2 [umol/kg]
# name 10 = oxsolMm/Kg: Oxygen Saturation, Garcia & Gordon [umol/kg]
# name 11 = oxsatMm/Kg: Oxygen Saturation, Weiss [umol/kg]
# name 12 = par: PAR/Irradiance, Biospherical/Licor
# name 13 = pla: Plume Anomaly
# name 14 = prDM: Pressure, Digiquartz [db]
# name 15 = pumps: Pump Status
# name 16 = scan: Scan Count
# name 17 = sva: Specific Volume Anomaly [10^-8 * m^3/kg]
# name 18 = t090C: Temperature [ITS-90, deg C]
# name 19 = t190C: Temperature, 2 [ITS-90, deg C]
# name 20 = tsa: Thermosteric Anomaly [10^-8 * m^3/kg]
# name 21 = timeS: Time, Elapsed [seconds]
# name 22 = v0: Voltage 0
# name 23 = v1: Voltage 1
# name 24 = v2: Voltage 2
# name 25 = v3: Voltage 3
# name 26 = v4: Voltage 4
# name 27 = v5: Voltage 5
# name 28 = sbeox0V: Oxygen raw, SBE 43 [V]
# name 29 = nbf: Bottles Fired
# name 30 = flag:  0.000e+00
# interval = seconds: 0.0416667
# start_time = Jul 06 2012 02:18:00 [NMEA time, header]
# bad_flag = -9.990e-29
*END*
[from data line 188]
      98.71     0.0379          4   3.469378      1.029     3.8471   28.74258  -88.50144    154.634    130.917  300.09873  300.64993 1.2550e-01 5.9829e+00    807.621          1      88807     71.268     6.0547     6.0533     60.310   3700.250     1.5885     1.5055     4.9353     4.6239     0.0244     0.2259     1.5885          4  0.000e+00
      98.71     0.0368          4   3.469410      0.172     3.8471   28.74258  -88.50144    154.634    131.078  300.09794  300.64914 1.2550e-01 5.9829e+00    807.628          1      88808     71.242     6.0547     6.0533     60.283   3700.292     1.5885     1.5067     4.9353     4.6252     0.0244     0.2259     1.5885          4  0.000e+00
      98.71     0.0368          4   3.469417     -1.199     3.8471   28.74258  -88.50144    154.633    130.916  300.09838  300.64961 1.2550e-01 5.9828e+00    807.578          1      88809     71.221     6.0545     6.0535     60.263   3700.333     1.5885     1.5055     4.9353     4.6252     0.0244     0.2259     1.5885          4  0.000e+00
      98.71     0.0379          4   3.469398      1.200     3.8166   28.74258  -88.50144    154.635    130.917  300.09979  300.65105 1.2550e-01 5.9826e+00    807.628          1      88810     71.223     6.0543     6.0534     60.265   3700.375     1.5885     1.5055     4.9353     4.6239     0.0244     0.2247     1.5885          4  0.000e+00
      98.71     0.0379          4   3.469410     -1.199     3.8471   28.74258  -88.50144    154.634    130.916  300.09942  300.65068 1.2550e-01 5.9826e+00    807.578          1      88811     71.210     6.0543     6.0534     60.252   3700.417     1.5885     1.5055     4.9353     4.6239     0.0244     0.2259     1.5885          4  0.000e+00
      98.68     0.0379          4   3.469391      1.200     3.8471   28.74258  -88.50144    154.634    130.917  300.09842  300.64962 1.2586e-01 5.9829e+00    807.628          1      88812     71.257     6.0547     6.0533     60.299   3700.458     1.5885     1.5055     4.9341     4.6239     0.0256     0.2259     1.5885          4  0.000e+00
      98.68     0.0379          4   3.469436     -1.199     3.8471   28.74258  -88.50144    154.633    131.077  300.09724  300.64846 1.2586e-01 5.9829e+00    807.578          1      88813     71.218     6.0547     6.0534     60.260   3700.500     1.5885     1.5067     4.9341     4.6239     0.0256     0.2259     1.5885          4  0.000e+00
      98.71     0.0368          4   3.469423      1.201     3.8471   28.74258  -88.50144    154.634    130.917  300.09674  300.64792 1.2550e-01 5.9831e+00    807.628          1      88814     71.248     6.0548     6.0534     60.289   3700.542     1.5885     1.5055     4.9353     4.6252     0.0244     0.2259     1.5885          4  0.000e+00
      98.71     0.0357          5   3.507804     -3.762     3.6640   28.74238  -88.50146    144.751    122.684  296.86772  297.36346 1.2373e-01 6.4600e+00    706.408          1      93401     76.477     6.5245     6.5245     66.232   3891.667     1.5446     1.4664     4.9353     4.6264     0.0183     0.2186     1.5446          5  0.000e+00
      98.73     0.0347          5   3.507829      2.224     3.6945   28.74238  -88.50146    144.582    122.684  296.86655  297.36228 1.2373e-01 6.4602e+00    706.501          1      93402     76.473     6.5246     6.5252     66.227   3891.708     1.5433     1.4664     4.9365     4.6276     0.0183     0.2198     1.5433          5  0.000e+00
      98.71     0.0347          5   3.507797      0.343     3.6640   28.74238  -88.50146    144.753    122.685  296.86735  297.36307 1.2373e-01 6.4602e+00    706.515          1      93403     76.500     6.5246     6.5252     66.254   3891.750     1.5446     1.4664     4.9353     4.6276     0.0183     0.2186     1.5446          5  0.000e+00
      98.71     0.0357          5   3.507771     -1.196     3.6945   28.74238  -88.50146    144.582    122.685  296.86792  297.36363 1.2373e-01 6.4602e+00    706.465          1      93404     76.519     6.5246     6.5245     66.274   3891.792     1.5433     1.4664     4.9353     4.6264     0.0183     0.2198     1.5433          5  0.000e+00
      98.71     0.0357          5   3.507804     -1.368     3.6945   28.74238  -88.50146    144.581    122.685  296.86772  297.36346 1.2408e-01 6.4600e+00    706.408          1      93405     76.477     6.5245     6.5245     66.232   3891.833     1.5433     1.4664     4.9353     4.6264     0.0195     0.2198     1.5433          5  0.000e+00
      98.71     0.0357          5   3.507830      2.567     3.7556   28.74238  -88.50146    144.582    122.687  296.86657  297.36229 1.2408e-01 6.4602e+00    706.515          1      93406     76.474     6.5246     6.5244     66.227   3891.875     1.5433     1.4664     4.9353     4.6264     0.0195     0.2222     1.5433          5  0.000e+00
      98.71     0.0357          5   3.507771     -0.341     3.7861   28.74238  -88.50146    144.582    122.687  296.86796  297.36367 1.2408e-01 6.4602e+00    706.501          1      93407     76.521     6.5246     6.5240     66.275   3891.917     1.5433     1.4664     4.9353     4.6264     0.0195     0.2234     1.5433          5  0.000e+00
      98.71     0.0357          5   3.507791      0.343     3.8166   28.74238  -88.50146    144.752    122.687  296.86665  297.36234 1.2408e-01 6.4603e+00    706.515          1      93408     76.522     6.5248     6.5242     66.276   3891.958     1.5446     1.4664     4.9353     4.6264     0.0195     0.2247     1.5446          5  0.000e+00
      98.71     0.0357          5   3.507784      0.001     3.7861   28.74238  -88.50146    144.753    122.688  296.86831  297.36404 1.2373e-01 6.4600e+00    706.515          1      93409     76.499     6.5245     6.5240     66.252   3892.000     1.5446     1.4664     4.9353     4.6264     0.0183     0.2234     1.5446          5  0.000e+00
      98.71     0.0357          5   3.507842     -1.197     3.7861   28.74238  -88.50146    144.581    122.530  296.86684  297.36259 1.2408e-01 6.4600e+00    706.466          1      93410     76.448     6.5245     6.5239     66.202   3892.042     1.5433     1.4652     4.9353     4.6264     0.0195     0.2234     1.5433          5  0.000e+00
      98.71     0.0357          5   3.507778      0.001     3.7861   28.74238  -88.50146    144.752    122.687  296.86777  297.36348 1.2373e-01 6.4602e+00    706.466          1      93411     76.514     6.5246     6.5240     66.268   3892.083     1.5446     1.4664     4.9353     4.6264     0.0183     0.2234     1.5446          5  0.000e+00
      98.71     0.0368          5   3.507829      0.856     3.7861   28.74238  -88.50146    144.582    122.688  296.86655  297.36228 1.2373e-01 6.4602e+00    706.501          1      93412     76.473     6.5246     6.5239     66.227   3892.125     1.5433     1.4664     4.9353     4.6252     0.0183     0.2234     1.5433          5  0.000e+00
      98.71     0.0357          5   3.507823     -0.854     3.7861   28.74238  -88.50146    144.581    122.687  296.86667  297.36239 1.2373e-01 6.4602e+00    706.466          1      93413     76.477     6.5246     6.5240     66.231   3892.167     1.5433     1.4664     4.9353     4.6264     0.0183     0.2234     1.5433          5  0.000e+00
      98.71     0.0368          5   3.507830      1.198     3.7861   28.74238  -88.50146    144.582    122.689  296.86721  297.36295 1.2373e-01 6.4600e+00    706.516          1      93414     76.462     6.5245     6.5237     66.215   3892.208     1.5433     1.4664     4.9353     4.6252     0.0183     0.2234     1.5433          5  0.000e+00
      98.71     0.0368          5   3.507797      0.001     3.7861   28.74238  -88.50146    144.582    122.531  296.86650  297.36218 1.2373e-01 6.4603e+00    706.516          1      93415     76.517     6.5248     6.5239     66.271   3892.250     1.5433     1.4652     4.9353     4.6252     0.0183     0.2234     1.5433          5  0.000e+00
      98.71     0.0357          5   3.507797     -1.196     3.7861   28.74238  -88.50146    144.581    122.530  296.86730  297.36301 1.2373e-01 6.4602e+00    706.466          1      93416     76.498     6.5246     6.5239     66.252   3892.292     1.5433     1.4652     4.9353     4.6264     0.0183     0.2234     1.5433          5  0.000e+00
      98.71     0.0357          5   3.507810      0.856     3.7861   28.74238  -88.50146    144.582    122.530  296.86766  297.36340 1.2408e-01 6.4600e+00    706.501          1      93417     76.477     6.5245     6.5240     66.230   3892.333     1.5433     1.4652     4.9353     4.6264     0.0195     0.2234     1.5433          5  0.000e+00
      98.71     0.0357          5   3.507778      0.343     3.7861   28.74238  -88.50146    144.583    122.531  296.86782  297.36353 1.2373e-01 6.4602e+00    706.516          1      93418     76.516     6.5246     6.5239     66.270   3892.375     1.5433     1.4652     4.9353     4.6264     0.0183     0.2234     1.5433          5  0.000e+00
      98.73     0.0357          5   3.507804     -1.196     3.7861   28.74238  -88.50146    144.581    122.530  296.86714  297.36286 1.2373e-01 6.4602e+00    706.466          1      93419     76.493     6.5246     6.5239     66.247   3892.417     1.5433     1.4652     4.9365     4.6264     0.0183     0.2234     1.5433          5  0.000e+00
      98.71     0.0357          5   3.507804      1.198     3.7861   28.74238  -88.50146    144.583    122.531  296.86784  297.36357 1.2373e-01 6.4600e+00    706.516          1      93420     76.483     6.5245     6.5239     66.236   3892.458     1.5433     1.4652     4.9353     4.6264     0.0183     0.2234     1.5433          5  0.000e+00
      98.71     0.0368          5   3.507810      0.001     3.7861   28.74238  -88.50146    144.581    122.530  296.86554  297.36121 1.2338e-01 6.4605e+00    706.516          1      93421     76.519     6.5249     6.5240     66.272   3892.500     1.5433     1.4652     4.9353     4.6252     0.0171     0.2234     1.5433          5  0.000e+00
      98.71     0.0368          5   3.507804     -0.341     3.7861   28.74238  -88.50146    144.753    122.530  296.86782  297.36356 1.2408e-01 6.4600e+00    706.502          1      93422     76.482     6.5245     6.5240     66.236   3892.542     1.5446     1.4652     4.9353     4.6252     0.0195     0.2234     1.5446          5  0.000e+00
      98.71     0.0368          5   3.507784     -0.854     3.7861   28.74238  -88.50146    144.582    122.686  296.86761  297.36332 1.2373e-01 6.4602e+00    706.466          1      93423     76.508     6.5246     6.5245     66.263   3892.583     1.5433     1.4664     4.9353     4.6252     0.0183     0.2234     1.5433          5  0.000e+00
      98.71     0.0357          5   3.507797      1.198     3.7861   28.74238  -88.50146    144.582    122.686  296.86735  297.36307 1.2408e-01 6.4602e+00    706.516          1      93424     76.500     6.5246     6.5245     66.254   3892.625     1.5433     1.4664     4.9353     4.6264     0.0195     0.2234     1.5433          5  0.000e+00
      98.71     0.0357          5   3.507810      0.001     3.7861   28.74238  -88.50146    144.582    122.529  296.86704  297.36276 1.2408e-01 6.4602e+00    706.516          1      93425     76.490     6.5246     6.5245     66.243   3892.667     1.5433     1.4652     4.9353     4.6264     0.0195     0.2234     1.5433          5  0.000e+00
      98.71     0.0357          5   3.507830      0.001     3.7861   28.74238  -88.50146    144.582    122.530  296.86657  297.36229 1.2373e-01 6.4602e+00    706.516          1      93426     76.474     6.5246     6.5244     66.227   3892.708     1.5433     1.4652     4.9353     4.6264     0.0183     0.2234     1.5433          5  0.000e+00
      98.71     0.0368          5   3.507817      0.001     3.7861   28.74238  -88.50146    144.582    122.687  296.86688  297.36260 1.2373e-01 6.4602e+00    706.516          1      93427     76.485     6.5246     6.5242     66.238   3892.750     1.5433     1.4664     4.9353     4.6252     0.0183     0.2234     1.5433          5  0.000e+00
      98.71     0.0379          5   3.507804     -0.341     3.7861   28.74236  -88.50146    144.582    122.687  296.86632  297.36202 1.2373e-01 6.4603e+00    706.502          1      93428     76.511     6.5248     6.5242     66.265   3892.792     1.5433     1.4664     4.9353     4.6239     0.0183     0.2234     1.5433          5  0.000e+00
      98.71     0.0368          5   3.507784      0.343     3.7861   28.74236  -88.50146    144.583    122.530  296.86831  297.36404 1.2408e-01 6.4600e+00    706.516          1      93429     76.499     6.5245     6.5242     66.252   3892.833     1.5433     1.4652     4.9353     4.6252     0.0195     0.2234     1.5433          5  0.000e+00
      98.71     0.0368          5   3.507823      1.198     3.7861   28.74236  -88.50146    144.583    122.531  296.86592  297.36162 1.2408e-01 6.4603e+00    706.566          1      93430     76.498     6.5248     6.5240     66.251   3892.875     1.5433     1.4652     4.9353     4.6252     0.0195     0.2234     1.5433          5  0.000e+00
      98.71     0.0379          5   3.507797     -2.394     3.7861   28.74236  -88.50146    144.582    122.530  296.86858  297.36434 1.2408e-01 6.4599e+00    706.466          1      93431     76.473     6.5243     6.5239     66.227   3892.917     1.5433     1.4652     4.9353     4.6239     0.0195     0.2234     1.5433          5  0.000e+00
      98.71     0.0368          5   3.507797      2.395     3.7556   28.74236  -88.50146    144.584    122.688  296.86805  297.36378 1.2408e-01 6.4600e+00    706.566          1      93432     76.490     6.5245     6.5242     66.243   3892.958     1.5433     1.4664     4.9353     4.6252     0.0195     0.2222     1.5433          5  0.000e+00
      98.71     0.0379          5   3.507784     -1.539     3.7250   28.74236  -88.50146    144.582    122.687  296.86765  297.36336 1.2373e-01 6.4602e+00    706.502          1      93433     76.510     6.5246     6.5240     66.264   3893.000     1.5433     1.4664     4.9353     4.6239     0.0183     0.2210     1.5433          5  0.000e+00
      98.71     0.0368          5   3.507771      0.343     3.6945   28.74236  -88.50146    144.583    122.531  296.86862  297.36435 1.2373e-01 6.4600e+00    706.516          1      93434     76.509     6.5245     6.5240     66.263   3893.042     1.5433     1.4652     4.9353     4.6252     0.0183     0.2198     1.5433          5  0.000e+00
      98.71     0.0379          5   3.507778      0.001     3.6945   28.74236  -88.50146    144.582    122.531  296.86697  297.36265 1.2373e-01 6.4603e+00    706.516          1      93435     76.533     6.5248     6.5239     66.287   3893.083     1.5433     1.4652     4.9353     4.6239     0.0183     0.2198     1.5433          5  0.000e+00
      98.71     0.0368          5   3.507797      0.001     3.6945   28.74236  -88.50146    144.583    122.688  296.86799  297.36373 1.2373e-01 6.4600e+00    706.516          1      93436     76.488     6.5245     6.5239     66.242   3893.125     1.5433     1.4664     4.9353     4.6252     0.0183     0.2198     1.5433          5  0.000e+00
      98.71     0.0379          5   3.507810      0.001     3.6945   28.74236  -88.50146    144.583    122.688  296.86768  297.36342 1.2373e-01 6.4600e+00    706.516          1      93437     76.477     6.5245     6.5240     66.231   3893.167     1.5433     1.4664     4.9353     4.6239     0.0183     0.2198     1.5433          5  0.000e+00
