ctd/tests/data/CTD/g01l04s02.ros
* Sea-Bird SBE 9 Data File:
* FileName = D:\CTD DATA\2013\PE13-01 DiMarco\G01L04S02.hex
* Software Version Seasave V 7.21g
* Temperature SN = 4515
* Conductivity SN = 3079
* Number of Bytes Per Scan = 40
* Number of Voltage Words = 5
* Number of Scans Averaged by the Deck Unit = 1
* NMEA Latitude = 28 44.92 N
* NMEA Longitude = 088 30.00 W
* NMEA UTC (Time) = Jul 06 2012  02:18:00
* NMEA baud rate = 4800
# nquan = 31
# nvalues = 588                                   
# units = specified
# name 0 = altM: Altimeter [m]
# name 1 = bat: Beam Attenuation, Chelsea/Seatech [1/m]
# name 2 = bpos: Bottle Position in Carousel
# name 3 = c0S/m: Conductivity [S/m]
# name 4 = dz/dtM: Descent Rate [m/s]
# name 5 = wetCDOM: Fluorescence, WET Labs CDOM [mg/m^3]
# name 6 = latitude: Latitude [deg]
# name 7 = longitude: Longitude [deg]
# name 8 = sbeox0Mm/Kg: Oxygen, SBE 43 [umol/kg]
# name 9 = sbeox1Mm/Kg: Oxygen, SBE 43, 2 [umol/kg]
# name 10 = oxsolMm/Kg: Oxygen Saturation, Garcia & Gordon [umol/kg]
# name 11 = oxsatMm/Kg: Oxygen Saturation, Weiss [umol/kg]
# name 12 = par: PAR/Irradiance, Biospherical/Licor
# name 13 = pla: Plume Anomaly
# name 14 = prDM: Pressure, Digiquartz [db]
# name 15 = pumps: Pump Status
# name 16 = scan: Scan Count
# name 17 = sva: Specific Volume Anomaly [10^-8 * m^3/kg]
# name 18 = t090C: Temperature [ITS-90, deg C]
# name 19 = t190C: Temperature, 2 [ITS-90, deg C]
# name 20 = tsa: Thermosteric Anomaly [10^-8 * m^3/kg]
# name 21 = timeS: Time, Elapsed [seconds]
# name 22 = v0: Voltage 0
# name 23 = v1: Voltage 1
# name 24 = v2: Voltage 2
# name 25 = v3: Voltage 3
# name 26 = v4: Voltage 4
# name 27 = v5: Voltage 5
# name 28 = sbeox0V: Oxygen raw, SBE 43 [V]
# name 29 = nbf: Bottles Fired
# name 30 = flag:  0.000e+00
# interval = seconds: 0.0416667
# start_time = Jul 06 2012 02:18:00 [NMEA time, header]
# bad_flag = -9.990e-29
*END*
[from data line 94]
      98.66     0.0506          2   3.338823      1.728     4.2134   28.74342  -88.50136    212.774    180.581  312.14514  312.91711 1.2408e-01 4.2671e+00   1212.163          1      73350     49.143     4.3640     4.3635     36.907   3056.208     1.8608     1.7570     4.9328     4.6093     0.0195     0.2405     1.8608          2  0.000e+00
      98.63     0.0495          2   3.338829     -0.517     4.2134   28.74342  -88.50136    212.773    180.581  312.14470  312.91667 1.2408e-01 4.2672e+00   1212.142          1      73351     49.141     4.3640     4.3632     36.905   3056.250     1.8608     1.7570     4.9316     4.6105     0.0195     0.2405     1.8608          2  0.000e+00
      98.66     0.0495          2   3.338791      0.001     4.1829   28.74342  -88.50136    212.582    180.581  312.14646  312.91844 1.2408e-01 4.2670e+00   1212.142          1      73352     49.161     4.3639     4.3635     36.926   3056.292     1.8596     1.7570     4.9328     4.6105     0.0195     0.2393     1.8596          2  0.000e+00
      98.66     0.0495          2   3.338842      0.519     4.2134   28.74342  -88.50136    212.581    180.582  312.14389  312.91585 1.2408e-01 4.2673e+00   1212.163          1      73353     49.140     4.3641     4.3634     36.904   3056.333     1.8596     1.7570     4.9328     4.6105     0.0195     0.2405     1.8596          2  0.000e+00
      98.68     0.1537          3   3.400287      0.173     4.2134   28.74304  -88.50150    180.157    152.609  306.27605  306.93796 1.2373e-01 5.0895e+00   1009.076          1      80715     60.076     5.1745     5.1745     48.184   3363.083     1.7082     1.6154     4.9341     4.4921     0.0183     0.2405     1.7082          3  0.000e+00
      98.68     0.1537          3   3.400319      0.001     4.2134   28.74304  -88.50150    180.156    152.778  306.27522  306.93714 1.2338e-01 5.0895e+00   1009.076          1      80716     60.049     5.1745     5.1747     48.157   3363.125     1.7082     1.6166     4.9341     4.4921     0.0171     0.2405     1.7082          3  0.000e+00
      98.68     0.1548          3   3.400293     -0.171     4.2134   28.74304  -88.50150    179.973    152.608  306.27588  306.93779 1.2338e-01 5.0895e+00   1009.069          1      80717     60.070     5.1745     5.1747     48.178   3363.167     1.7070     1.6154     4.9341     4.4908     0.0171     0.2405     1.7070          3  0.000e+00
      98.68     0.1548          3   3.400312     -1.031     4.2134   28.74304  -88.50150    180.155    152.607  306.27464  306.93653 1.2373e-01 5.0897e+00   1009.026          1      80718     60.065     5.1746     5.1747     48.173   3363.208     1.7082     1.6154     4.9341     4.4908     0.0183     0.2405     1.7082          3  0.000e+00
      98.68     0.1537          3   3.400332      0.001     4.1829   28.74304  -88.50150    180.154    152.608  306.27414  306.93604 1.2338e-01 5.0897e+00   1009.026          1      80719     60.049     5.1746     5.1746     48.156   3363.250     1.7082     1.6154     4.9341     4.4921     0.0171     0.2393     1.7082          3  0.000e+00
      98.68     0.1537          3   3.400357     -1.375     4.2134   28.74304  -88.50150    180.151    152.608  306.27179  306.93365 1.2338e-01 5.0900e+00   1008.969          1      80720     60.054     5.1750     5.1743     48.162   3363.292     1.7082     1.6154     4.9341     4.4921     0.0171     0.2405     1.7082          3  0.000e+00
      98.68     0.1537          3   3.400370      3.613     4.1829   28.74304  -88.50150    180.154    152.611  306.27024  306.93206 1.2338e-01 5.0903e+00   1009.120          1      80721     60.076     5.1752     5.1743     48.182   3363.333     1.7082     1.6154     4.9341     4.4921     0.0171     0.2393     1.7082          3  0.000e+00
      98.68     0.1537          3   3.400332     -3.612     4.2134   28.74304  -88.50150    180.335    152.607  306.27246  306.93431 1.2373e-01 5.0900e+00   1008.969          1      80722     60.076     5.1750     5.1744     48.184   3363.375     1.7094     1.6154     4.9341     4.4921     0.0183     0.2405     1.7094          3  0.000e+00
      98.68     0.1548          3   3.400357      1.377     4.2134   28.74304  -88.50150    180.335    152.779  306.27047  306.93228 1.2338e-01 5.0903e+00   1009.026          1      80723     60.083     5.1752     5.1741     48.190   3363.417     1.7094     1.6166     4.9341     4.4908     0.0171     0.2405     1.7094          3  0.000e+00
      98.68     0.1537          3   3.400325     -0.343     4.2134   28.74304  -88.50150    180.153    152.779  306.27268  306.93452 1.2373e-01 5.0900e+00   1009.012          1      80724     60.083     5.1750     5.1741     48.191   3363.458     1.7082     1.6166     4.9341     4.4921     0.0183     0.2405     1.7082          3  0.000e+00
      98.68     0.1537          3   3.400351     -2.236     4.1829   28.74304  -88.50150    180.149    152.777  306.27052  306.93233 1.2338e-01 5.0903e+00   1008.919          1      80725     60.083     5.1752     5.1741     48.191   3363.500     1.7082     1.6166     4.9341     4.4921     0.0171     0.2393     1.7082          3  0.000e+00
      98.68     0.1537          3   3.400389      1.205     4.2134   28.74304  -88.50150    180.149    152.779  306.26796  306.92973 1.2338e-01 5.0906e+00   1008.969          1      80726     60.083     5.1756     5.1738     48.190   3363.542     1.7082     1.6166     4.9341     4.4921     0.0171     0.2405     1.7082          3  0.000e+00
      98.66     0.1548          3   3.400389     -0.171     4.1829   28.74304  -88.50150    180.149    152.780  306.26795  306.92972 1.2338e-01 5.0906e+00   1008.962          1      80727     60.083     5.1756     5.1736     48.189   3363.583     1.7082     1.6166     4.9328     4.4908     0.0171     0.2393     1.7082          3  0.000e+00
      98.68     0.1537          3   3.400421      0.173     4.1829   28.74304  -88.50150    179.965    152.781  306.26551  306.92724 1.2338e-01 5.0910e+00   1008.969          1      80728     60.086     5.1759     5.1733     48.192   3363.625     1.7070     1.6166     4.9341     4.4921     0.0171     0.2393     1.7070          3  0.000e+00
      98.68     0.1537          3   3.400408     -1.203     4.2134   28.74304  -88.50150    180.146    152.780  306.26579  306.92751 1.2338e-01 5.0910e+00   1008.919          1      80729     60.094     5.1759     5.1732     48.201   3363.667     1.7082     1.6166     4.9341     4.4921     0.0171     0.2405     1.7082          3  0.000e+00
      98.66     0.1537          3   3.400402      0.001     4.1829   28.74304  -88.50150    180.147    152.780  306.26596  306.92768 1.2338e-01 5.0910e+00   1008.919          1      80730     60.100     5.1759     5.1731     48.206   3363.708     1.7082     1.6166     4.9328     4.4921     0.0171     0.2393     1.7082          3  0.000e+00
      98.68     0.1537          3   3.400389     -0.171     4.2134   28.74304  -88.50150    180.147    152.781  306.26628  306.92800 1.2373e-01 5.0910e+00   1008.912          1      80731     60.110     5.1759     5.1730     48.217   3363.750     1.7082     1.6166     4.9341     4.4921     0.0183     0.2405     1.7082          3  0.000e+00
      98.68     0.1537          3   3.400395      0.173     4.1829   28.74304  -88.50150    180.147    152.779  306.26682  306.92856 1.2338e-01 5.0908e+00   1008.919          1      80732     60.092     5.1758     5.1734     48.199   3363.792     1.7082     1.6166     4.9341     4.4921     0.0171     0.2393     1.7082          3  0.000e+00
      98.68     0.1537          3   3.400376     -1.375     4.1219   28.74304  -88.50150    180.146    152.778  306.26656  306.92827 1.2373e-01 5.0910e+00   1008.862          1      80733     60.118     5.1759     5.1734     48.226   3363.833     1.7082     1.6166     4.9341     4.4921     0.0183     0.2369     1.7082          3  0.000e+00
      98.68     0.1526          3   3.400370     -0.171     4.0608   28.74304  -88.50150    180.147    152.777  306.26834  306.93010 1.2338e-01 5.0906e+00   1008.855          1      80734     60.094     5.1756     5.1734     48.202   3363.875     1.7082     1.6166     4.9341     4.4933     0.0171     0.2344     1.7082          3  0.000e+00
      98.66     0.1548          3   3.400383      0.173     4.0913   28.74304  -88.50150    179.964    152.776  306.26870  306.93049 1.2338e-01 5.0905e+00   1008.862          1      80735     60.070     5.1754     5.1739     48.178   3363.917     1.7070     1.6166     4.9328     4.4908     0.0171     0.2357     1.7070          3  0.000e+00
      98.68     0.1548          3   3.400351      0.001     4.0608   28.74304  -88.50150    180.147    152.776  306.26884  306.93060 1.2338e-01 5.0906e+00   1008.862          1      80736     60.110     5.1756     5.1739     48.219   3363.958     1.7082     1.6166     4.9341     4.4908     0.0171     0.2344     1.7082          3  0.000e+00
      98.68     0.1537          3   3.400338      1.205     4.0608   28.74304  -88.50150    180.148    152.776  306.26923  306.93098 1.2338e-01 5.0906e+00   1008.912          1      80737     60.123     5.1756     5.1741     48.231   3364.000     1.7082     1.6166     4.9341     4.4921     0.0171     0.2344     1.7082          3  0.000e+00
      98.68     0.1526          3   3.400357     -3.784     4.0913   28.74304  -88.50150    180.145    152.771  306.26925  306.93103 1.2338e-01 5.0905e+00   1008.755          1      80738     60.087     5.1754     5.1746     48.196   3364.042     1.7082     1.6166     4.9341     4.4933     0.0171     0.2357     1.7082          3  0.000e+00
      98.68     0.1537          3   3.400389      1.377     4.0608   28.74304  -88.50150    180.146    152.773  306.26848  306.93027 1.2338e-01 5.0905e+00   1008.812          1      80739     60.063     5.1754     5.1745     48.171   3364.083     1.7082     1.6166     4.9341     4.4921     0.0171     0.2344     1.7082          3  0.000e+00
      98.68     0.1537          3   3.400363      0.001     4.0913   28.74304  -88.50150    180.146    152.773  306.26915  306.93093 1.2338e-01 5.0905e+00   1008.812          1      80740     60.084     5.1754     5.1746     48.193   3364.125     1.7082     1.6166     4.9341     4.4921     0.0171     0.2357     1.7082          3  0.000e+00
      98.68     0.1537          3   3.400414     -0.171     4.0608   28.74304  -88.50150    180.145    152.603  306.26711  306.92889 1.2338e-01 5.0906e+00   1008.805          1      80741     60.054     5.1756     5.1749     48.162   3364.167     1.7082     1.6154     4.9341     4.4921     0.0171     0.2344     1.7082          3  0.000e+00
      98.68     0.1537          3   3.400383      0.173     4.0913   28.74304  -88.50150    180.145    152.602  306.26795  306.92972 1.2373e-01 5.0906e+00   1008.812          1      80742     60.081     5.1756     5.1751     48.189   3364.208     1.7082     1.6154     4.9341     4.4921     0.0183     0.2357     1.7082          3  0.000e+00
      98.68     0.1526          3   3.400370     -1.375     4.0913   28.74304  -88.50150    180.145    152.600  306.26892  306.93070 1.2338e-01 5.0905e+00   1008.755          1      80743     60.076     5.1754     5.1750     48.185   3364.250     1.7082     1.6154     4.9341     4.4933     0.0171     0.2357     1.7082          3  0.000e+00
      98.66     0.1548          3   3.400383     -0.171     4.0913   28.74304  -88.50150    179.961    152.600  306.26788  306.92965 1.2338e-01 5.0907e+00   1008.748          1      80744     60.078     5.1756     5.1752     48.187   3364.292     1.7070     1.6154     4.9328     4.4908     0.0171     0.2357     1.7070          3  0.000e+00
      98.68     0.1537          3   3.400395      0.173     4.0913   28.74304  -88.50150    180.143    152.769  306.26663  306.92838 1.2338e-01 5.0908e+00   1008.755          1      80745     60.084     5.1758     5.1754     48.193   3364.333     1.7082     1.6166     4.9341     4.4921     0.0171     0.2357     1.7082          3  0.000e+00
      98.68     0.1537          3   3.400351      0.001     4.0913   28.74304  -88.50150    180.144    152.601  306.26872  306.93048 1.2338e-01 5.0907e+00   1008.755          1      80746     60.105     5.1756     5.1750     48.215   3364.375     1.7082     1.6154     4.9341     4.4921     0.0171     0.2357     1.7082          3  0.000e+00
      98.68     0.1537          3   3.400383     -0.171     4.0913   28.74304  -88.50150    180.144    152.769  306.26788  306.92965 1.2338e-01 5.0907e+00   1008.748          1      80747     60.078     5.1756     5.1754     48.187   3364.417     1.7082     1.6166     4.9341     4.4921     0.0171     0.2357     1.7082          3  0.000e+00
      98.66     0.1537          3   3.400389     -1.031     4.0608   28.74304  -88.50150    180.143    152.599  306.26767  306.92944 1.2338e-01 5.0907e+00   1008.705          1      80748     60.070     5.1756     5.1752     48.180   3364.458     1.7082     1.6154     4.9328     4.4921     0.0171     0.2344     1.7082          3  0.000e+00
      98.68     0.1548          3   3.400395      0.001     4.0913   28.74304  -88.50150    180.143    152.599  306.26750  306.92927 1.2338e-01 5.0907e+00   1008.705          1      80749     60.065     5.1756     5.1751     48.174   3364.500     1.7082     1.6154     4.9341     4.4908     0.0171     0.2357     1.7082          3  0.000e+00
      98.68     0.1537          3   3.400376      0.001     4.0608   28.74304  -88.50150    180.143    152.599  306.26800  306.92977 1.2338e-01 5.0907e+00   1008.705          1      80750     60.081     5.1756     5.1752     48.191   3364.542     1.7082     1.6154     4.9341     4.4921     0.0171     0.2344     1.7082          3  0.000e+00
      98.68     0.1537          3   3.400370     -0.171     4.0913   28.74304  -88.50150    180.143    152.768  306.26816  306.92993 1.2338e-01 5.0907e+00   1008.698          1      80751     60.086     5.1756     5.1751     48.196   3364.583     1.7082     1.6166     4.9341     4.4921     0.0171     0.2357     1.7082          3  0.000e+00
      98.68     0.1548          3   3.400357      0.173     4.0608   28.74304  -88.50150    179.960    152.769  306.26850  306.93026 1.2338e-01 5.0907e+00   1008.705          1      80752     60.097     5.1756     5.1749     48.207   3364.625     1.7070     1.6166     4.9341     4.4908     0.0171     0.2344     1.7070          3  0.000e+00
      98.68     0.1537          3   3.400363     -1.203     4.0913   28.74304  -88.50150    180.142    152.767  306.26897  306.93076 1.2373e-01 5.0905e+00   1008.655          1      80753     60.077     5.1754     5.1752     48.187   3364.667     1.7082     1.6166     4.9341     4.4921     0.0183     0.2357     1.7082          3  0.000e+00
      98.68     0.1548          3   3.400389      1.033     4.0608   28.74304  -88.50150    180.143    152.599  306.26766  306.92943 1.2338e-01 5.0907e+00   1008.698          1      80754     60.070     5.1756     5.1752     48.180   3364.708     1.7082     1.6154     4.9341     4.4908     0.0171     0.2344     1.7082          3  0.000e+00
      98.68     0.1537          3   3.400402     -1.031     4.0913   28.74304  -88.50150    180.141    152.769  306.26728  306.92905 1.2338e-01 5.0907e+00   1008.655          1      80755     60.057     5.1756     5.1747     48.167   3364.750     1.7082     1.6166     4.9341     4.4921     0.0171     0.2357     1.7082          3  0.000e+00
      98.68     0.1537          3   3.400402      1.205     4.0913   28.74304  -88.50150    180.143    152.770  306.26734  306.92911 1.2373e-01 5.0907e+00   1008.705          1      80756     60.060     5.1756     5.1747     48.169   3364.792     1.7082     1.6166     4.9341     4.4921     0.0183     0.2357     1.7082          3  0.000e+00
