ctd/tests/data/CTD/g01l04s04.ros
* Sea-Bird SBE 9 Data File:
* FileName = D:\CTD DATA\2013\PE13-01 DiMarco\G01L04S04.hex
* Software Version Seasave V 7.21g
* Temperature SN = 4515
* Conductivity SN = 3079
* Number of Bytes Per Scan = 40
* Number of Voltage Words = 5
* Number of Scans Averaged by the Deck Unit = 1
* NMEA Latitude = 28 15.07 N
* NMEA Longitude = 088 29.89 W
* NMEA UTC (Time) = Jul 07 2012  20:27:41
* NMEA baud rate = 4800
# nquan = 31
# nvalues = 588                                   
# units = specified
# name 0 = altM: Altimeter [m]
# name 1 = bat: Beam Attenuation, Chelsea/Seatech [1/m]
# name 2 = bpos: Bottle Position in Carousel
# name 3 = c0S/m: Conductivity [S/m]
# name 4 = dz/dtM: Descent Rate [m/s]
# name 5 = wetCDOM: Fluorescence, WET Labs CDOM [mg/m^3]
# name 6 = latitude: Latitude [deg]
# name 7 = longitude: Longitude [deg]
# name 8 = sbeox0Mm/Kg: Oxygen, SBE 43 [umol/kg]
# name 9 = sbeox1Mm/Kg: Oxygen, SBE 43, 2 [umol/kg]
# name 10 = oxsolMm/Kg: Oxygen Saturation, Garcia & Gordon [umol/kg]
# name 11 = oxsatMm/Kg: Oxygen Saturation, Weiss [umol/kg]
# name 12 = par: PAR/Irradiance, Biospherical/Licor
# name 13 = pla: Plume Anomaly
# name 14 = prDM: Pressure, Digiquartz [db]
# name 15 = pumps: Pump Status
# name 16 = scan: Scan Count
# name 17 = sva: Specific Volume Anomaly [10^-8 * m^3/kg]
# name 18 = t090C: Temperature [ITS-90, deg C]
# name 19 = t190C: Temperature, 2 [ITS-90, deg C]
# name 20 = tsa: Thermosteric Anomaly [10^-8 * m^3/kg]
# name 21 = timeS: Time, Elapsed [seconds]
# name 22 = v0: Voltage 0
# name 23 = v1: Voltage 1
# name 24 = v2: Voltage 2
# name 25 = v3: Voltage 3
# name 26 = v4: Voltage 4
# name 27 = v5: Voltage 5
# name 28 = sbeox0V: Oxygen raw, SBE 43 [V]
# name 29 = nbf: Bottles Fired
# name 30 = flag:  0.000e+00
# interval = seconds: 0.0416667
# start_time = Jul 07 2012 20:27:41 [NMEA time, header]
# bad_flag = -9.990e-29
*END*
[from data line 515]
      98.61     0.0442         11   5.140423     -0.338     2.5346   28.26624  -88.47986    154.719    134.840  218.24149  217.79560 5.4753e+00 2.1152e+01    101.346          1     127888    220.020    21.1663    21.1660    216.396   5328.625     2.1490     2.0464     4.9304     4.6166     1.6593     0.1734     2.1490         11  0.000e+00
      98.61     0.0453         11   5.140415      0.001     2.5651   28.26624  -88.47986    154.719    134.840  218.24158  217.79568 5.4753e+00 2.1152e+01    101.346          1     127889    220.024    21.1663    21.1659    216.400   5328.667     2.1490     2.0464     4.9304     4.6154     1.6593     0.1746     2.1490         11  0.000e+00
      98.58     0.0453         11   5.140423      0.000     2.5346   28.26624  -88.47986    154.719    134.840  218.24159  217.79570 5.4753e+00 2.1152e+01    101.346          1     127890    220.017    21.1663    21.1660    216.393   5328.708     2.1490     2.0464     4.9292     4.6154     1.6593     0.1734     2.1490         11  0.000e+00
      98.61     0.0453         11   5.140415     -1.352     2.5651   28.26624  -88.47986    154.718    134.839  218.24155  217.79566 5.4599e+00 2.1152e+01    101.290          1     127891    220.021    21.1663    21.1659    216.399   5328.750     2.1490     2.0464     4.9304     4.6154     1.6581     0.1746     2.1490         11  0.000e+00
      98.61     0.0453         11   5.140461      2.537     2.5346   28.26624  -88.47986    154.719    134.734  218.24059  217.79469 5.4599e+00 2.1152e+01    101.396          1     127892    220.018    21.1665    21.1657    216.392   5328.792     2.1490     2.0452     4.9304     4.6154     1.6581     0.1734     2.1490         11  0.000e+00
      98.61     0.0442         11   5.140460     -2.536     2.5651   28.26624  -88.47986    154.717    134.839  218.24053  217.79464 5.4293e+00 2.1152e+01    101.290          1     127893    220.011    21.1665    21.1659    216.389   5328.833     2.1490     2.0464     4.9304     4.6166     1.6557     0.1746     2.1490         11  0.000e+00
      98.61     0.0442         11   5.140506      1.353     2.5651   28.26624  -88.47986    154.718    134.839  218.24014  217.79424 5.4599e+00 2.1152e+01    101.346          1     127894    219.985    21.1665    21.1659    216.361   5328.875     2.1490     2.0464     4.9304     4.6166     1.6581     0.1746     2.1490         11  0.000e+00
      98.61     0.0453         11   5.140438     -1.014     2.5651   28.26624  -88.47986    154.717    134.838  218.24041  217.79451 5.4599e+00 2.1152e+01    101.304          1     127895    220.038    21.1666    21.1662    216.416   5328.917     2.1490     2.0464     4.9304     4.6154     1.6581     0.1746     2.1490         11  0.000e+00
      98.61     0.0453         11   5.140423      2.199     2.5651   28.26624  -88.47986    154.719    134.732  218.24103  217.79513 5.4753e+00 2.1152e+01    101.396          1     127896    220.040    21.1665    21.1664    216.414   5328.958     2.1490     2.0452     4.9304     4.6154     1.6593     0.1746     2.1490         11  0.000e+00
      98.61     0.0453         11   5.140385     -1.183     2.5346   28.26624  -88.47986    154.720    134.731  218.24281  217.79693 5.4753e+00 2.1151e+01    101.346          1     127897    220.012    21.1660    21.1664    216.388   5329.000     2.1490     2.0452     4.9304     4.6154     1.6593     0.1734     2.1490         11  0.000e+00
      98.61     0.0453         11   5.140348      0.001     2.5346   28.26624  -88.47986    154.720    134.731  218.24374  217.79786 5.4599e+00 2.1151e+01    101.346          1     127898    220.017    21.1658    21.1666    216.393   5329.042     2.1490     2.0452     4.9304     4.6154     1.6581     0.1734     2.1490         11  0.000e+00
      98.61     0.0453         11   5.140430     -1.352     2.5651   28.26624  -88.47986    154.718    134.730  218.24187  217.79598 5.4907e+00 2.1152e+01    101.290          1     127899    219.995    21.1661    21.1665    216.374   5329.083     2.1490     2.0452     4.9304     4.6154     1.6606     0.1746     2.1490         11  0.000e+00
      98.61     0.0442         11   5.140468      1.353     2.5346   28.26624  -88.47986    154.718    134.623  218.24048  217.79458 5.4753e+00 2.1152e+01    101.346          1     127900    220.010    21.1665    21.1668    216.386   5329.125     2.1490     2.0440     4.9304     4.6166     1.6593     0.1734     2.1490         11  0.000e+00
      98.61     0.0442         11   5.140461      0.001     2.5346   28.26624  -88.47986    154.718    134.623  218.24056  217.79466 5.4753e+00 2.1152e+01    101.346          1     127901    220.015    21.1665    21.1670    216.391   5329.167     2.1490     2.0440     4.9304     4.6166     1.6593     0.1734     2.1490         11  0.000e+00
      98.61     0.0453         11   5.140468     -1.014     2.5651   28.26624  -88.47986    154.717    134.622  218.24006  217.79416 5.4907e+00 2.1152e+01    101.304          1     127902    220.021    21.1666    21.1669    216.399   5329.208     2.1490     2.0440     4.9304     4.6154     1.6606     0.1746     2.1490         11  0.000e+00
      98.61     0.0453         11   5.140506     -0.338     2.5346   28.26624  -88.47986    154.601    134.622  218.23864  217.79272 5.4753e+00 2.1152e+01    101.290          1     127903    220.031    21.1670    21.1670    216.410   5329.250     2.1477     2.0440     4.9304     4.6154     1.6593     0.1734     2.1477         11  0.000e+00
      98.61     0.0453         11   5.140506      1.353     2.5346   28.26624  -88.47986    154.601    134.623  218.23827  217.79235 5.4753e+00 2.1153e+01    101.346          1     127904    220.048    21.1672    21.1671    216.424   5329.292     2.1477     2.0440     4.9304     4.6154     1.6593     0.1734     2.1477         11  0.000e+00
      98.61     0.0442         11   5.140543     -1.352     2.5346   28.26624  -88.47986    154.600    134.729  218.23771  217.79179 5.4599e+00 2.1153e+01    101.290          1     127905    220.026    21.1672    21.1670    216.404   5329.333     2.1477     2.0452     4.9304     4.6166     1.6581     0.1734     2.1477         11  0.000e+00
      98.58     0.0453         11   5.140581      0.001     2.5346   28.26624  -88.47986    154.599    134.622  218.23688  217.79096 5.4753e+00 2.1153e+01    101.290          1     127906    220.018    21.1674    21.1670    216.396   5329.375     2.1477     2.0440     4.9292     4.6154     1.6593     0.1734     2.1477         11  0.000e+00
      98.61     0.0453         11   5.140536      1.353     2.5346   28.26624  -88.47986    154.600    134.623  218.23694  217.79101 5.4753e+00 2.1153e+01    101.347          1     127907    220.064    21.1676    21.1667    216.440   5329.417     2.1477     2.0440     4.9304     4.6154     1.6593     0.1734     2.1477         11  0.000e+00
      98.61     0.0453         11   5.140566     -1.352     2.5346   28.26624  -88.47986    154.599    134.623  218.23705  217.79113 5.4753e+00 2.1153e+01    101.290          1     127908    220.026    21.1674    21.1662    216.405   5329.458     2.1477     2.0440     4.9304     4.6154     1.6593     0.1734     2.1477         11  0.000e+00
      98.61     0.0453         11   5.140566      0.001     2.5651   28.26624  -88.47986    154.599    134.624  218.23617  217.79024 5.4907e+00 2.1153e+01    101.290          1     127909    220.056    21.1677    21.1662    216.435   5329.500     2.1477     2.0440     4.9304     4.6154     1.6606     0.1746     2.1477         11  0.000e+00
      98.61     0.0442         11   5.140581      0.339     2.5346   28.26624  -88.47986    154.598    134.624  218.23502  217.78908 5.4907e+00 2.1153e+01    101.304          1     127910    220.082    21.1681    21.1660    216.460   5329.542     2.1477     2.0440     4.9304     4.6166     1.6606     0.1734     2.1477         11  0.000e+00
      98.61     0.0453         11   5.140664     -1.521     2.5346   28.26624  -88.47986    154.481    134.623  218.23402  217.78809 5.4907e+00 2.1154e+01    101.241          1     127911    220.030    21.1681    21.1660    216.409   5329.583     2.1465     2.0440     4.9304     4.6154     1.6606     0.1734     2.1465         11  0.000e+00
      98.56     0.1190         12   6.046083     -2.362     1.4967   28.26654  -88.47940    199.203    177.697  188.01687  187.56383 1.5069e+02 3.0501e+01      0.811          1     132253    547.749    30.4943    30.5474    547.918   5510.500     2.9902     2.8596     4.9280     4.5311     3.0989     0.1319     2.9902         12  0.000e+00
      98.56     0.1190         12   6.047051     -0.168     1.4662   28.26654  -88.47940    199.187    177.702  188.00159  187.54869 1.5069e+02 3.0505e+01      0.804          1     132254    547.602    30.4980    30.5444    547.772   5510.542     2.9902     2.8596     4.9280     4.5311     3.0989     0.1306     2.9902         12  0.000e+00
      98.56     0.1190         12   6.048422      2.701     1.4967   28.26654  -88.47940    199.265    177.619  187.98085  187.52813 1.5282e+02 3.0510e+01      0.916          1     132255    547.366    30.5029    30.5409    547.531   5510.583     2.9915     2.8584     4.9280     4.5311     3.1050     0.1319     2.9915         12  0.000e+00
      98.58     0.1179         12   6.050358      0.000     1.4662   28.26654  -88.47940    199.221    177.621  187.93955  187.48723 1.5630e+02 3.0523e+01      0.916          1     132256    547.527    30.5156    30.5403    547.692   5510.625     2.9915     2.8584     4.9292     4.5324     3.1148     0.1306     2.9915         12  0.000e+00
      98.56     0.1179         12   6.052795     -2.700     1.4662   28.26654  -88.47940    199.136    177.625  187.86243  187.41091 1.5674e+02 3.0551e+01      0.804          1     132257    548.782    30.5439    30.5382    548.952   5510.667     2.9915     2.8584     4.9280     4.5324     3.1160     0.1306     2.9915         12  0.000e+00
      98.56     0.1190         12   6.055167      1.519     1.4662   28.26654  -88.47940    199.060    177.544  187.78941  187.33866 1.6075e+02 3.0578e+01      0.867          1     132258    549.933    30.5705    30.5328    550.100   5510.708     2.9915     2.8571     4.9280     4.5311     3.1270     0.1306     2.9915         12  0.000e+00
      98.56     0.1190         12   6.057500     -0.168     1.4662   28.26654  -88.47940    199.000    177.447  187.73292  187.28274 1.6815e+02 3.0596e+01      0.860          1     132259    550.416    30.5891    30.5332    550.583   5510.750     2.9915     2.8559     4.9280     4.5311     3.1465     0.1306     2.9915         12  0.000e+00
      98.56     0.1190         12   6.059009      0.169     1.4662   28.26654  -88.47940    198.955    177.335  187.69055  187.24081 1.7053e+02 3.0611e+01      0.867          1     132260    550.976    30.6040    30.5390    551.142   5510.792     2.9915     2.8547     4.9280     4.5311     3.1526     0.1306     2.9915         12  0.000e+00
      98.56     0.1190         12   6.059566     -0.168     1.4662   28.26654  -88.47940    198.937    177.385  187.67395  187.22439 1.7392e+02 3.0617e+01      0.860          1     132261    551.222    30.6100    30.5535    551.389   5510.833     2.9915     2.8559     4.9280     4.5311     3.1612     0.1306     2.9915         12  0.000e+00
      98.56     0.1190         12   6.059324     -1.181     1.4662   28.26654  -88.47940    198.932    177.232  187.67047  187.22096 1.8243e+02 3.0620e+01      0.811          1     132262    551.563    30.6126    30.5773    551.732   5510.875     2.9915     2.8547     4.9280     4.5311     3.1819     0.1306     2.9915         12  0.000e+00
      98.56     0.1190         12   6.058509      1.182     1.4662   28.26654  -88.47940    198.947    176.999  187.68342  187.23378 1.8554e+02 3.0617e+01      0.860          1     132263    551.684    30.6094    30.5973    551.851   5510.917     2.9915     2.8523     4.9280     4.5311     3.1893     0.1306     2.9915         12  0.000e+00
      98.56     0.1190         12   6.057637     -1.181     1.4967   28.26654  -88.47940    198.972    176.960  187.70859  187.25869 1.8606e+02 3.0608e+01      0.811          1     132264    551.327    30.6005    30.6133    551.496   5510.958     2.9915     2.8523     4.9280     4.5311     3.1905     0.1319     2.9915         12  0.000e+00
      98.58     0.1179         12   6.056910      1.182     1.4662   28.26654  -88.47940    198.990    176.937  187.72437  187.27432 1.8711e+02 3.0603e+01      0.860          1     132265    551.256    30.5956    30.6228    551.423   5511.000     2.9915     2.8523     4.9292     4.5324     3.1929     0.1306     2.9915         12  0.000e+00
      98.56     0.1190         12   6.056410     -1.181     1.4662   28.26654  -88.47940    199.007    176.735  187.74073  187.29050 1.8764e+02 3.0597e+01      0.811          1     132266    550.970    30.5895    30.6285    551.139   5511.042     2.9915     2.8498     4.9280     4.5311     3.1941     0.1306     2.9915         12  0.000e+00
      98.58     0.1115         12   6.055950      1.351     1.5272   28.26654  -88.47940    199.022    176.720  187.75354  187.30318 1.8658e+02 3.0592e+01      0.867          1     132267    550.808    30.5850    30.6343    550.975   5511.083     2.9915     2.8498     4.9292     4.5397     3.1917     0.1331     2.9915         12  0.000e+00
      98.56     0.0996         12   6.055546     -1.518     1.5883   28.26654  -88.47940    199.031    176.701  187.76383  187.31337 1.8243e+02 3.0589e+01      0.804          1     132268    550.698    30.5815    30.6419    550.868   5511.125     2.9915     2.8498     4.9280     4.5531     3.1819     0.1355     2.9915         12  0.000e+00
      98.56     0.0953         12   6.054957      0.169     1.5883   28.26654  -88.47940    199.048    176.687  187.77928  187.32866 1.7989e+02 3.0583e+01      0.811          1     132269    550.527    30.5762    30.6481    550.696   5511.167     2.9915     2.8498     4.9280     4.5580     3.1758     0.1355     2.9915         12  0.000e+00
      98.58     0.0964         12   6.054400      1.182     1.6188   28.26654  -88.47940    199.058    176.591  187.78742  187.33672 1.7938e+02 3.0582e+01      0.860          1     132270    550.641    30.5744    30.6511    550.808   5511.208     2.9915     2.8486     4.9292     4.5568     3.1746     0.1368     2.9915         12  0.000e+00
      98.56     0.0975         12   6.053843     -1.181     1.6188   28.26654  -88.47940    199.071    176.597  187.80103  187.35020 1.7005e+02 3.0577e+01      0.811          1     132271    550.517    30.5699    30.6483    550.686   5511.250     2.9915     2.8486     4.9280     4.5556     3.1514     0.1368     2.9915         12  0.000e+00
      98.56     0.0975         12   6.053876     -0.168     1.5883   28.26654  -88.47940    199.078    176.605  187.80758  187.35666 1.6580e+02 3.0574e+01      0.804          1     132272    550.214    30.5665    30.6448    550.383   5511.292     2.9915     2.8486     4.9280     4.5556     3.1404     0.1355     2.9915         12  0.000e+00
      98.56     0.0975         12   6.055078      0.169     1.5883   28.26654  -88.47940    199.064    176.610  187.79431  187.34350 1.6487e+02 3.0576e+01      0.811          1     132273    549.795    30.5684    30.6438    549.964   5511.333     2.9915     2.8486     4.9280     4.5556     3.1380     0.1355     2.9915         12  0.000e+00
      98.56     0.0975         12   6.056677     -0.168     1.5883   28.26654  -88.47940    199.130    176.714  187.76446  187.31394 1.7005e+02 3.0584e+01      0.804          1     132274    549.751    30.5768    30.6403    549.921   5511.375     2.9927     2.8498     4.9280     4.5556     3.1514     0.1355     2.9927         12  0.000e+00
