ctd/tests/data/CTD/g01l04s04.ros
* Sea-Bird SBE 9 Data File:
* FileName = D:\CTD DATA\2013\PE13-01 DiMarco\G01L04S04.hex
* Software Version Seasave V 7.21g
* Temperature SN = 4515
* Conductivity SN = 3079
* Number of Bytes Per Scan = 40
* Number of Voltage Words = 5
* Number of Scans Averaged by the Deck Unit = 1
* NMEA Latitude = 28 15.07 N
* NMEA Longitude = 088 29.89 W
* NMEA UTC (Time) = Jul 07 2012  20:27:41
* NMEA baud rate = 4800
# nquan = 31
# nvalues = 588                                   
# units = specified
# name 0 = altM: Altimeter [m]
# name 1 = bat: Beam Attenuation, Chelsea/Seatech [1/m]
# name 2 = bpos: Bottle Position in Carousel
# name 3 = c0S/m: Conductivity [S/m]
# name 4 = dz/dtM: Descent Rate [m/s]
# name 5 = wetCDOM: Fluorescence, WET Labs CDOM [mg/m^3]
# name 6 = latitude: Latitude [deg]
# name 7 = longitude: Longitude [deg]
# name 8 = sbeox0Mm/Kg: Oxygen, SBE 43 [umol/kg]
# name 9 = sbeox1Mm/Kg: Oxygen, SBE 43, 2 [umol/kg]
# name 10 = oxsolMm/Kg: Oxygen Saturation, Garcia & Gordon [umol/kg]
# name 11 = oxsatMm/Kg: Oxygen Saturation, Weiss [umol/kg]
# name 12 = par: PAR/Irradiance, Biospherical/Licor
# name 13 = pla: Plume Anomaly
# name 14 = prDM: Pressure, Digiquartz [db]
# name 15 = pumps: Pump Status
# name 16 = scan: Scan Count
# name 17 = sva: Specific Volume Anomaly [10^-8 * m^3/kg]
# name 18 = t090C: Temperature [ITS-90, deg C]
# name 19 = t190C: Temperature, 2 [ITS-90, deg C]
# name 20 = tsa: Thermosteric Anomaly [10^-8 * m^3/kg]
# name 21 = timeS: Time, Elapsed [seconds]
# name 22 = v0: Voltage 0
# name 23 = v1: Voltage 1
# name 24 = v2: Voltage 2
# name 25 = v3: Voltage 3
# name 26 = v4: Voltage 4
# name 27 = v5: Voltage 5
# name 28 = sbeox0V: Oxygen raw, SBE 43 [V]
# name 29 = nbf: Bottles Fired
# name 30 = flag:  0.000e+00
# interval = seconds: 0.0416667
# start_time = Jul 07 2012 20:27:41 [NMEA time, header]
# bad_flag = -9.990e-29
*END*
       8.16     0.0453          1   3.349393      2.614     3.4503   28.25948  -88.48784    219.139    186.136  313.00122  313.78989 1.3398e-01 4.1060e+00   1699.188          1      70632     51.643     4.2468     4.2462     35.068   2942.958     1.8120     1.7131     0.4078     4.6154     0.0525     0.2100     1.8120          1  0.000e+00
       8.16     0.0453          1   3.349457      0.001     3.4503   28.25948  -88.48784    219.343    185.947  312.99924  313.78792 1.3513e-01 4.1060e+00   1699.188          1      70633     51.594     4.2468     4.2460     35.017   2943.000     1.8132     1.7118     0.4078     4.6154     0.0562     0.2100     1.8132          1  0.000e+00
       8.16     0.0453          1   3.349482     -1.219     3.4808   28.25948  -88.48784    219.342    185.945  312.99947  313.78819 1.3474e-01 4.1058e+00   1699.137          1      70634     51.553     4.2466     4.2462     34.976   2943.042     1.8132     1.7118     0.4078     4.6154     0.0549     0.2112     1.8132          1  0.000e+00
       8.16     0.0453          1   3.349476     -0.173     3.4808   28.25948  -88.48784    219.340    185.945  312.99720  313.78583 1.3172e-01 4.1063e+00   1699.130          1      70635     51.601     4.2471     4.2462     35.024   2943.083     1.8132     1.7118     0.4078     4.6154     0.0452     0.2112     1.8132          1  0.000e+00
       8.18     0.0453          1   3.349457     -1.219     3.4808   28.25948  -88.48784    219.544    185.945  312.99912  313.78780 1.3023e-01 4.1060e+00   1699.079          1      70636     51.589     4.2468     4.2460     35.013   2943.125     1.8144     1.7118     0.4090     4.6154     0.0403     0.2112     1.8144          1  0.000e+00
       8.21     0.0453          1   3.349418      1.395     3.4503   28.25948  -88.48784    219.341    185.945  312.99950  313.78814 1.3023e-01 4.1062e+00   1699.137          1      70637     51.637     4.2470     4.2462     35.061   2943.167     1.8132     1.7118     0.4103     4.6154     0.0403     0.2100     1.8132          1  0.000e+00
       8.21     0.0453          1   3.349437     -1.393     3.4808   28.25948  -88.48784    219.339    185.943  312.99891  313.78756 1.3060e-01 4.1062e+00   1699.079          1      70638     51.618     4.2470     4.2462     35.043   2943.208     1.8132     1.7118     0.4103     4.6154     0.0415     0.2112     1.8132          1  0.000e+00
       8.18     0.0463          1   3.349444      1.221     3.4808   28.25948  -88.48784    219.137    185.945  312.99977  313.78845 1.3060e-01 4.1060e+00   1699.130          1      70639     51.598     4.2468     4.2462     35.022   2943.250     1.8120     1.7118     0.4090     4.6142     0.0415     0.2112     1.8120          1  0.000e+00
       8.21     0.0453          1   3.349444     -2.613     3.4808   28.25948  -88.48784    219.338    185.943  312.99868  313.78733 1.3060e-01 4.1062e+00   1699.021          1      70640     51.610     4.2470     4.2460     35.035   2943.292     1.8132     1.7118     0.4103     4.6154     0.0415     0.2112     1.8132          1  0.000e+00
       8.18     0.0453          1   3.349444      2.789     3.4808   28.25948  -88.48784    219.341    185.945  312.99880  313.78745 1.3023e-01 4.1062e+00   1699.137          1      70641     51.615     4.2470     4.2462     35.039   2943.333     1.8132     1.7118     0.4090     4.6154     0.0403     0.2112     1.8132          1  0.000e+00
       8.21     0.0453          1   3.349469     -1.393     3.5114   28.25948  -88.48784    219.134    185.943  312.99878  313.78746 1.3023e-01 4.1060e+00   1699.079          1      70642     51.578     4.2468     4.2463     35.002   2943.375     1.8120     1.7118     0.4103     4.6154     0.0403     0.2125     1.8120          1  0.000e+00
       8.18     0.0453          1   3.349450      0.001     3.4808   28.25948  -88.48784    219.339    185.944  312.99857  313.78722 1.3060e-01 4.1062e+00   1699.079          1      70643     51.608     4.2470     4.2462     35.031   2943.417     1.8132     1.7118     0.4090     4.6154     0.0415     0.2112     1.8132          1  0.000e+00
       8.21     0.0453          1   3.349444     -2.613     3.4808   28.25948  -88.48784    219.337    185.941  312.99935  313.78803 1.3023e-01 4.1061e+00   1698.970          1      70644     51.595     4.2468     4.2461     35.020   2943.458     1.8132     1.7118     0.4103     4.6154     0.0403     0.2112     1.8132          1  0.000e+00
       8.21     0.0453          1   3.349488      2.614     3.4808   28.25948  -88.48784    219.340    185.944  312.99923  313.78795 1.3060e-01 4.1059e+00   1699.079          1      70645     51.545     4.2466     4.2462     34.968   2943.500     1.8132     1.7118     0.4103     4.6154     0.0415     0.2112     1.8132          1  0.000e+00
       8.21     0.0453          1   3.349463     -1.393     3.4808   28.25948  -88.48784    219.133    185.943  312.99888  313.78757 1.3023e-01 4.1060e+00   1699.021          1      70646     51.581     4.2468     4.2460     35.005   2943.542     1.8120     1.7118     0.4103     4.6154     0.0403     0.2112     1.8120          1  0.000e+00
       8.23     0.0453          1   3.349450      0.001     3.4808   28.25948  -88.48784    219.337    186.132  312.99850  313.78716 1.3060e-01 4.1062e+00   1699.021          1      70647     51.605     4.2470     4.2462     35.029   2943.583     1.8132     1.7131     0.4115     4.6154     0.0415     0.2112     1.8132          1  0.000e+00
       8.23     0.0453          1   3.349469      0.175     3.4503   28.25948  -88.48784    219.338    185.942  312.99872  313.78741 1.3060e-01 4.1060e+00   1699.028          1      70648     51.576     4.2468     4.2462     35.000   2943.625     1.8132     1.7118     0.4115     4.6154     0.0415     0.2100     1.8132          1  0.000e+00
       8.23     0.0453          1   3.349456     -1.393     3.4808   28.25948  -88.48784    219.336    185.942  312.99900  313.78768 1.3060e-01 4.1061e+00   1698.970          1      70649     51.584     4.2468     4.2460     35.009   2943.667     1.8132     1.7118     0.4115     4.6154     0.0415     0.2112     1.8132          1  0.000e+00
       8.23     0.0453          1   3.349444      1.220     3.4808   28.25948  -88.48784    219.339    185.942  313.00038  313.78909 1.3060e-01 4.1059e+00   1699.021          1      70650     51.580     4.2466     4.2461     35.005   2943.708     1.8132     1.7118     0.4115     4.6154     0.0415     0.2112     1.8132          1  0.000e+00
       8.25     0.0453          1   3.349425     -1.219     3.4808   28.25948  -88.48784    219.336    185.941  312.99914  313.78779 1.3023e-01 4.1062e+00   1698.970          1      70651     51.624     4.2470     4.2462     35.050   2943.750     1.8132     1.7118     0.4127     4.6154     0.0403     0.2112     1.8132          1  0.000e+00
       8.25     0.0453          1   3.349437      0.001     3.4808   28.25948  -88.48784    219.338    185.941  313.00050  313.78921 1.3060e-01 4.1059e+00   1698.970          1      70652     51.583     4.2466     4.2460     35.009   2943.792     1.8132     1.7118     0.4127     4.6154     0.0415     0.2112     1.8132          1  0.000e+00
       8.23     0.0453          1   3.349444      0.001     3.4808   28.25948  -88.48784    219.131    185.940  312.99862  313.78727 1.3023e-01 4.1062e+00   1698.970          1      70653     51.608     4.2470     4.2462     35.033   2943.833     1.8120     1.7118     0.4115     4.6154     0.0403     0.2112     1.8120          1  0.000e+00
       8.23     0.0463          1   3.349444      0.001     3.4808   28.25948  -88.48784    219.133    185.941  313.00032  313.78903 1.3023e-01 4.1059e+00   1698.971          1      70654     51.578     4.2466     4.2462     35.003   2943.875     1.8120     1.7118     0.4115     4.6142     0.0403     0.2112     1.8120          1  0.000e+00
       8.25     0.0453          1   3.349444     -1.393     3.4808   28.25948  -88.48784    219.335    185.939  312.99953  313.78822 1.3172e-01 4.1060e+00   1698.912          1      70655     51.588     4.2468     4.2463     35.014   2943.917     1.8132     1.7118     0.4127     4.6154     0.0452     0.2112     1.8132          1  0.000e+00
       8.28     0.0453          1   3.349418      0.175     3.4808   28.25948  -88.48784    219.336    185.940  312.99999  313.78866 1.3628e-01 4.1061e+00   1698.920          1      70656     51.614     4.2468     4.2461     35.041   2943.958     1.8132     1.7118     0.4139     4.6154     0.0598     0.2112     1.8132          1  0.000e+00
       8.30     0.0453          1   3.349437      1.221     3.4808   28.25948  -88.48784    219.337    185.941  312.99952  313.78820 1.3823e-01 4.1061e+00   1698.971          1      70657     51.600     4.2468     4.2462     35.026   2944.000     1.8132     1.7118     0.4151     4.6154     0.0659     0.2112     1.8132          1  0.000e+00
       8.30     0.0453          1   3.349425     -1.393     3.4808   28.25948  -88.48784    219.336    185.939  313.00078  313.78949 1.3474e-01 4.1059e+00   1698.913          1      70658     51.591     4.2466     4.2462     35.018   2944.042     1.8132     1.7118     0.4151     4.6154     0.0549     0.2112     1.8132          1  0.000e+00
       8.28     0.0453          1   3.349437      0.001     3.4808   28.25948  -88.48784    219.335    185.940  312.99946  313.78814 1.3097e-01 4.1061e+00   1698.913          1      70659     51.598     4.2468     4.2462     35.024   2944.083     1.8132     1.7118     0.4139     4.6154     0.0427     0.2112     1.8132          1  0.000e+00
       8.30     0.0463          1   3.349425     -1.219     3.5114   28.25950  -88.48784    219.129    185.938  312.99975  313.78842 1.2986e-01 4.1061e+00   1698.862          1      70660     51.606     4.2468     4.2462     35.033   2944.125     1.8120     1.7118     0.4151     4.6142     0.0391     0.2125     1.8120          1  0.000e+00
       8.33     0.0453          1   3.349437      0.001     3.5419   28.25950  -88.48784    219.333    185.939  312.99867  313.78732 1.3322e-01 4.1062e+00   1698.862          1      70661     51.609     4.2470     4.2462     35.035   2944.167     1.8132     1.7118     0.4164     4.6154     0.0501     0.2137     1.8132          1  0.000e+00
       8.33     0.0463          1   3.349444      1.220     3.5724   28.25950  -88.48784    219.130    185.940  312.99855  313.78721 1.4343e-01 4.1062e+00   1698.913          1      70662     51.606     4.2470     4.2461     35.031   2944.208     1.8120     1.7118     0.4164     4.6142     0.0818     0.2149     1.8120          1  0.000e+00
       8.33     0.0463          1   3.349444     -2.439     3.5419   28.25950  -88.48784    219.332    186.126  312.99917  313.78785 1.4756e-01 4.1061e+00   1698.811          1      70663     51.588     4.2468     4.2462     35.015   2944.250     1.8132     1.7131     0.4164     4.6142     0.0940     0.2137     1.8132          1  0.000e+00
       8.35     0.0453          1   3.349469      1.220     3.5419   28.25950  -88.48784    219.333    186.128  312.99853  313.78722 1.4507e-01 4.1061e+00   1698.862          1      70664     51.569     4.2468     4.2460     34.994   2944.292     1.8132     1.7131     0.4176     4.6154     0.0867     0.2137     1.8132          1  0.000e+00
       8.35     0.0453          1   3.349450      0.001     3.5419   28.25950  -88.48784    219.333    185.938  312.99832  313.78698 1.3590e-01 4.1062e+00   1698.862          1      70665     51.598     4.2470     4.2462     35.024   2944.333     1.8132     1.7118     0.4176     4.6154     0.0586     0.2137     1.8132          1  0.000e+00
       8.40     0.0463          1   3.349444     -1.393     3.5724   28.25950  -88.48784    219.332    186.127  312.99941  313.78810 1.3209e-01 4.1060e+00   1698.804          1      70666     51.583     4.2468     4.2460     35.010   2944.375     1.8132     1.7131     0.4200     4.6142     0.0464     0.2149     1.8132          1  0.000e+00
       8.40     0.0463          1   3.349444      0.175     3.5419   28.25950  -88.48784    219.127    185.937  312.99844  313.78710 1.3209e-01 4.1062e+00   1698.811          1      70667     51.601     4.2470     4.2462     35.027   2944.417     1.8120     1.7118     0.4200     4.6142     0.0464     0.2137     1.8120          1  0.000e+00
       8.38     0.0463          1   3.349425      1.220     3.5419   28.25950  -88.48784    219.130    186.129  313.00072  313.78943 1.3667e-01 4.1059e+00   1698.862          1      70668     51.589     4.2466     4.2459     35.016   2944.458     1.8120     1.7131     0.4188     4.6142     0.0611     0.2137     1.8120          1  0.000e+00
       8.40     0.0453          1   3.349437     -2.613     3.5724   28.25950  -88.48784    219.331    186.125  313.00026  313.78897 1.3902e-01 4.1059e+00   1698.753          1      70669     51.574     4.2466     4.2462     35.001   2944.500     1.8132     1.7131     0.4200     4.6154     0.0684     0.2149     1.8132          1  0.000e+00
       8.40     0.0463          1   3.349444      1.221     3.5419   28.25950  -88.48784    219.332    186.125  312.99941  313.78810 1.3902e-01 4.1060e+00   1698.804          1      70670     51.583     4.2468     4.2463     35.010   2944.542     1.8132     1.7131     0.4200     4.6142     0.0684     0.2137     1.8132          1  0.000e+00
       8.40     0.0463          1   3.349425     -1.219     3.5419   28.25950  -88.48784    219.331    185.936  312.99963  313.78830 1.3823e-01 4.1061e+00   1698.753          1      70671     51.602     4.2468     4.2462     35.029   2944.583     1.8132     1.7118     0.4200     4.6142     0.0659     0.2137     1.8132          1  0.000e+00
       8.40     0.0463          1   3.349437      1.221     3.5419   28.25950  -88.48784    219.333    185.938  313.00031  313.78902 1.3784e-01 4.1059e+00   1698.804          1      70672     51.576     4.2466     4.2460     35.003   2944.625     1.8132     1.7118     0.4200     4.6142     0.0647     0.2137     1.8132          1  0.000e+00
       8.42     0.0453          1   3.349444     -1.219     3.5419   28.25950  -88.48784    219.331    185.935  313.00008  313.78880 1.3784e-01 4.1059e+00   1698.753          1      70673     51.568     4.2466     4.2463     34.995   2944.667     1.8132     1.7118     0.4212     4.6154     0.0647     0.2137     1.8132          1  0.000e+00
       8.42     0.0453          1   3.349418      1.221     3.5419   28.25950  -88.48784    219.332    185.937  313.00010  313.78878 1.3436e-01 4.1060e+00   1698.804          1      70674     51.605     4.2468     4.2461     35.032   2944.708     1.8132     1.7118     0.4212     4.6154     0.0537     0.2137     1.8132          1  0.000e+00
       8.45     0.0453          1   3.349412     -2.439     3.5419   28.25950  -88.48784    219.329    185.935  312.99919  313.78783 1.3097e-01 4.1062e+00   1698.703          1      70675     51.623     4.2470     4.2460     35.051   2944.750     1.8132     1.7118     0.4225     4.6154     0.0427     0.2137     1.8132          1  0.000e+00
       8.47     0.0453          1   3.349456      1.221     3.5419   28.25950  -88.48784    219.330    185.936  312.99876  313.78745 1.3060e-01 4.1061e+00   1698.753          1      70676     51.575     4.2468     4.2462     35.001   2944.792     1.8132     1.7118     0.4237     4.6154     0.0415     0.2137     1.8132          1  0.000e+00
       8.45     0.0463          1   3.349456      0.001     3.5724   28.25950  -88.48784    219.331    186.127  312.99973  313.78845 1.3060e-01 4.1059e+00   1698.753          1      70677     51.557     4.2466     4.2459     34.984   2944.833     1.8132     1.7131     0.4225     4.6142     0.0415     0.2149     1.8132          1  0.000e+00
