ctd/tests/data/CTD/g01mcan05c.ros
* Sea-Bird SBE 9 Data File:
* FileName = D:\CTD DATA\2013\PE13-01 DiMarco\G01MCAN05C.hex
* Software Version Seasave V 7.21g
* Temperature SN = 4515
* Conductivity SN = 3079
* Number of Bytes Per Scan = 40
* Number of Voltage Words = 5
* Number of Scans Averaged by the Deck Unit = 1
* NMEA Latitude = 28 45.02 N
* NMEA Longitude = 090 17.98 W
* NMEA UTC (Time) = Jul 11 2012  12:49:08
* NMEA baud rate = 4800
# nquan = 31
# nvalues = 245                                   
# units = specified
# name 0 = altM: Altimeter [m]
# name 1 = bat: Beam Attenuation, Chelsea/Seatech [1/m]
# name 2 = bpos: Bottle Position in Carousel
# name 3 = c0S/m: Conductivity [S/m]
# name 4 = dz/dtM: Descent Rate [m/s]
# name 5 = wetCDOM: Fluorescence, WET Labs CDOM [mg/m^3]
# name 6 = latitude: Latitude [deg]
# name 7 = longitude: Longitude [deg]
# name 8 = sbeox0Mm/Kg: Oxygen, SBE 43 [umol/kg]
# name 9 = sbeox1Mm/Kg: Oxygen, SBE 43, 2 [umol/kg]
# name 10 = oxsolMm/Kg: Oxygen Saturation, Garcia & Gordon [umol/kg]
# name 11 = oxsatMm/Kg: Oxygen Saturation, Weiss [umol/kg]
# name 12 = par: PAR/Irradiance, Biospherical/Licor
# name 13 = pla: Plume Anomaly
# name 14 = prDM: Pressure, Digiquartz [db]
# name 15 = pumps: Pump Status
# name 16 = scan: Scan Count
# name 17 = sva: Specific Volume Anomaly [10^-8 * m^3/kg]
# name 18 = t090C: Temperature [ITS-90, deg C]
# name 19 = t190C: Temperature, 2 [ITS-90, deg C]
# name 20 = tsa: Thermosteric Anomaly [10^-8 * m^3/kg]
# name 21 = timeS: Time, Elapsed [seconds]
# name 22 = v0: Voltage 0
# name 23 = v1: Voltage 1
# name 24 = v2: Voltage 2
# name 25 = v3: Voltage 3
# name 26 = v4: Voltage 4
# name 27 = v5: Voltage 5
# name 28 = sbeox0V: Oxygen raw, SBE 43 [V]
# name 29 = nbf: Bottles Fired
# name 30 = flag:  0.000e+00
# interval = seconds: 0.0416667
# start_time = Jul 11 2012 12:49:08 [NMEA time, header]
# bad_flag = -9.990e-29
*END*
[from data line 234]
      23.17     0.1657          5   5.363569      1.350     5.5260   28.75192  -90.29954    202.473    177.789  195.80370  195.29702 3.1124e+02 2.9452e+01      1.073          1      11501    790.936    29.4449    29.4425    791.099    479.167     2.9304     2.7680     1.1587     4.4786     3.4139     0.2930     2.9304          5  0.000e+00
      23.20     0.1668          5   5.363577      0.000     5.5260   28.75192  -90.29954    202.574    177.885  195.80318  195.29650 3.0863e+02 2.9452e+01      1.073          1      11502    790.949    29.4451    29.4423    791.111    479.208     2.9316     2.7692     1.1600     4.4774     3.4103     0.2930     2.9316          5  0.000e+00
      23.25     0.1657          5   5.363661     -1.350     5.5565   28.75192  -90.29954    202.573    177.883  195.80293  195.29625 2.9093e+02 2.9452e+01      1.016          1      11503    790.888    29.4449    29.4423    791.053    479.250     2.9316     2.7692     1.1624     4.4786     3.3846     0.2943     2.9316          5  0.000e+00
      23.25     0.1668          5   5.363676      0.169     5.5565   28.75192  -90.29954    202.574    177.884  195.80365  195.29696 2.8128e+02 2.9451e+01      1.023          1      11504    790.851    29.4445    29.4423    791.016    479.292     2.9316     2.7692     1.1624     4.4774     3.3700     0.2943     2.9316          5  0.000e+00
      23.22     0.1657          5   5.363676      1.181     5.5871   28.75192  -90.29954    202.574    177.884  195.80235  195.29568 2.8287e+02 2.9452e+01      1.073          1      11505    790.900    29.4451    29.4423    791.063    479.333     2.9316     2.7692     1.1612     4.4786     3.3724     0.2955     2.9316          5  0.000e+00
      23.22     0.1668          5   5.363715 2.6193e-10     5.5565   28.75192  -90.29954    202.573    177.884  195.80204  195.29536 2.8446e+02 2.9452e+01      1.073          1      11506    790.882    29.4451    29.4425    791.044    479.375     2.9316     2.7692     1.1612     4.4774     3.3748     0.2943     2.9316          5  0.000e+00
      23.22     0.1668          5   5.363730     -1.181     5.5565   28.75192  -90.29954    202.673    177.882  195.80066  195.29400 2.8526e+02 2.9452e+01      1.023          1      11507    790.915    29.4457    29.4429    791.079    479.417     2.9328     2.7692     1.1612     4.4774     3.3761     0.2943     2.9328          5  0.000e+00
      23.22     0.1624          5   5.363684     -0.169     5.5565   28.75192  -90.29954    202.672    177.881  195.80058  195.29392 2.8526e+02 2.9453e+01      1.016          1      11508    790.953    29.4459    29.4438    791.118    479.458     2.9328     2.7692     1.1612     4.4823     3.3761     0.2943     2.9328          5  0.000e+00
      23.22     0.1559          5   5.363646      1.350     5.5565   28.75192  -90.29954    202.674    177.882  195.80091  195.29425 2.6590e+02 2.9453e+01      1.073          1      11509    790.975    29.4459    29.4438    791.138    479.500     2.9328     2.7692     1.1612     4.4896     3.3455     0.2943     2.9328          5  0.000e+00
      23.22     0.1548          5   5.363669     -1.181     5.5565   28.75192  -90.29954    202.572    177.882  195.80156  195.29489 2.5278e+02 2.9452e+01      1.023          1      11510    790.931    29.4455    29.4432    791.096    479.542     2.9316     2.7692     1.1612     4.4908     3.3236     0.2943     2.9316          5  0.000e+00
      23.25     0.1548          5   5.363684     -0.169     5.5565   28.75192  -90.29954    202.674    177.882  195.80189  195.29522 2.5066e+02 2.9452e+01      1.016          1      11511    790.907    29.4453    29.4430    791.072    479.583     2.9328     2.7692     1.1624     4.4908     3.3199     0.2943     2.9328          5  0.000e+00
