ctd/tests/data/CTD/g01mcan06c.ros
* Sea-Bird SBE 9 Data File:
* FileName = D:\CTD DATA\2013\PE13-01 DiMarco\G01MCAN06C.hex
* Software Version Seasave V 7.21g
* Temperature SN = 4515
* Conductivity SN = 3079
* Number of Bytes Per Scan = 40
* Number of Voltage Words = 5
* Number of Scans Averaged by the Deck Unit = 1
* NMEA Latitude = 28 50.98 N
* NMEA Longitude = 090 30.00 W
* NMEA UTC (Time) = Jul 11 2012  14:25:43
* NMEA baud rate = 4800
# nquan = 31
# nvalues = 196                                   
# units = specified
# name 0 = altM: Altimeter [m]
# name 1 = bat: Beam Attenuation, Chelsea/Seatech [1/m]
# name 2 = bpos: Bottle Position in Carousel
# name 3 = c0S/m: Conductivity [S/m]
# name 4 = dz/dtM: Descent Rate [m/s]
# name 5 = wetCDOM: Fluorescence, WET Labs CDOM [mg/m^3]
# name 6 = latitude: Latitude [deg]
# name 7 = longitude: Longitude [deg]
# name 8 = sbeox0Mm/Kg: Oxygen, SBE 43 [umol/kg]
# name 9 = sbeox1Mm/Kg: Oxygen, SBE 43, 2 [umol/kg]
# name 10 = oxsolMm/Kg: Oxygen Saturation, Garcia & Gordon [umol/kg]
# name 11 = oxsatMm/Kg: Oxygen Saturation, Weiss [umol/kg]
# name 12 = par: PAR/Irradiance, Biospherical/Licor
# name 13 = pla: Plume Anomaly
# name 14 = prDM: Pressure, Digiquartz [db]
# name 15 = pumps: Pump Status
# name 16 = scan: Scan Count
# name 17 = sva: Specific Volume Anomaly [10^-8 * m^3/kg]
# name 18 = t090C: Temperature [ITS-90, deg C]
# name 19 = t190C: Temperature, 2 [ITS-90, deg C]
# name 20 = tsa: Thermosteric Anomaly [10^-8 * m^3/kg]
# name 21 = timeS: Time, Elapsed [seconds]
# name 22 = v0: Voltage 0
# name 23 = v1: Voltage 1
# name 24 = v2: Voltage 2
# name 25 = v3: Voltage 3
# name 26 = v4: Voltage 4
# name 27 = v5: Voltage 5
# name 28 = sbeox0V: Oxygen raw, SBE 43 [V]
# name 29 = nbf: Bottles Fired
# name 30 = flag:  0.000e+00
# interval = seconds: 0.0416667
# start_time = Jul 11 2012 14:25:43 [NMEA time, header]
# bad_flag = -9.990e-29
*END*
[from data line 47]
       1.27     0.5599          1   5.497844      1.181     7.2965   28.85108  -90.49998    141.882    122.001  197.53302  197.01739 4.6135e+01 2.8191e+01     16.947          1       7238    623.041    28.1886    28.1889    622.574    301.542     2.1868     2.0464     0.0635     4.0586     2.5849     0.3639     2.1868          1  0.000e+00
       1.27     0.5599          1   5.497867     -1.182     7.2965   28.85108  -90.49998    141.880    122.097  197.53194  197.01632 4.6135e+01 2.8192e+01     16.898          1       7239    623.058    28.1889    28.1891    622.593    301.583     2.1868     2.0476     0.0635     4.0586     2.5849     0.3639     2.1868          1  0.000e+00
       7.79     0.1689          2   5.348842      0.000     6.8081   28.85124  -90.49994    203.823    177.455  195.32339  194.82050 1.1700e+02 2.9714e+01     10.164          1       8266    819.786    29.7096    29.7145    819.603    344.375     2.9499     2.7668     0.3895     4.4750     2.9890     0.3443     2.9499          2  0.000e+00
       7.81     0.1678          2   5.348329     -0.000     6.8081   28.85124  -90.49994    203.722    177.464  195.32483  194.82194 1.1634e+02 2.9715e+01     10.164          1       8267    820.131    29.7108    29.7149    819.947    344.417     2.9487     2.7668     0.3907     4.4762     2.9866     0.3443     2.9487          2  0.000e+00
       7.79     0.1689          2   5.348260     -0.000     6.8081   28.85124  -90.49994    203.620    177.486  195.32432  194.82144 1.1602e+02 2.9716e+01     10.164          1       8268    820.201    29.7113    29.7149    820.018    344.458     2.9475     2.7668     0.3895     4.4750     2.9853     0.3443     2.9475          2  0.000e+00
       7.81     0.1678          2   5.348069     -0.000     6.8386   28.85124  -90.49994    203.723    177.505  195.32543  194.82254 1.1602e+02 2.9716e+01     10.164          1       8269    820.310    29.7115    29.7141    820.127    344.500     2.9487     2.7668     0.3907     4.4762     2.9853     0.3455     2.9487          2  0.000e+00
       7.81     0.1689          2   5.347563     -0.000     6.8081   28.85124  -90.49994    203.727    177.509  195.32895  194.82604 1.1569e+02 2.9716e+01     10.164          1       8270    820.575    29.7118    29.7132    820.392    344.542     2.9487     2.7668     0.3907     4.4750     2.9841     0.3443     2.9487          2  0.000e+00
       7.81     0.1689          2   5.347525     -2.531     6.8081   28.85124  -90.49994    203.624    177.506  195.33031  194.82739 1.1504e+02 2.9716e+01     10.059          1       8271    820.550    29.7113    29.7130    820.371    344.583     2.9475     2.7668     0.3907     4.4750     2.9817     0.3443     2.9475          2  0.000e+00
       7.81     0.1689          2   5.347793      1.181     6.8081   28.85124  -90.49994    203.725    177.504  195.32851  194.82560 1.1504e+02 2.9716e+01     10.108          1       8272    820.410    29.7111    29.7126    820.229    344.625     2.9487     2.7668     0.3907     4.4750     2.9817     0.3443     2.9487          2  0.000e+00
       7.81     0.1678          2   5.348444     -0.000     6.8081   28.85124  -90.49994    203.719    177.503  195.32303  194.82015 1.1537e+02 2.9716e+01     10.108          1       8273    820.102    29.7112    29.7123    819.921    344.667     2.9487     2.7668     0.3907     4.4762     2.9829     0.3443     2.9487          2  0.000e+00
       7.81     0.1689          2   5.349095     -0.000     6.8081   28.85124  -90.49994    203.713    177.513  195.31701  194.81417 1.1537e+02 2.9716e+01     10.108          1       8274    819.812    29.7115    29.7121    819.631    344.708     2.9487     2.7668     0.3907     4.4750     2.9829     0.3443     2.9487          2  0.000e+00
       7.84     0.1733          2   5.348788     -1.181     6.8081   28.85124  -90.49994    203.610    177.521  195.31743  194.81459 1.1504e+02 2.9717e+01     10.059          1       8275    820.029    29.7124    29.7125    819.850    344.750     2.9475     2.7668     0.3919     4.4701     2.9817     0.3443     2.9475          2  0.000e+00
       7.84     0.1788          2   5.348030     -0.000     6.8081   28.85124  -90.49994    203.718    177.621  195.32303  194.82015 1.1440e+02 2.9717e+01     10.059          1       8276    820.416    29.7127    29.7128    820.237    344.792     2.9487     2.7680     0.3919     4.4640     2.9792     0.3443     2.9487          2  0.000e+00
       7.86     0.1799          2   5.347387      1.181     6.8081   28.85124  -90.49994    203.726    177.626  195.32931  194.82639 1.1537e+02 2.9717e+01     10.108          1       8277    820.695    29.7122    29.7128    820.514    344.833     2.9487     2.7680     0.3932     4.4628     2.9829     0.3443     2.9487          2  0.000e+00
       7.84     0.1799          2   5.346177     -1.181     6.8386   28.85124  -90.49994    203.632    177.624  195.33881  194.83585 1.1537e+02 2.9717e+01     10.059          1       8278    821.289    29.7124    29.7128    821.110    344.875     2.9475     2.7680     0.3919     4.4628     2.9829     0.3455     2.9475          2  0.000e+00
       7.86     0.1799          2   5.345152     -0.000     6.8386   28.85124  -90.49994    203.640    177.613  195.34575  194.84275 1.1569e+02 2.9718e+01     10.059          1       8279    821.835    29.7130    29.7130    821.656    344.917     2.9475     2.7680     0.3932     4.4628     2.9841     0.3455     2.9475          2  0.000e+00
       7.86     0.1799          2   5.344731      1.181     6.8386   28.85124  -90.49994    203.747    177.704  195.34937  194.84635 1.1634e+02 2.9718e+01     10.108          1       8280    822.035    29.7130    29.7132    821.855    344.958     2.9487     2.7692     0.3932     4.4628     2.9866     0.3455     2.9487          2  0.000e+00
       7.89     0.1788          2   5.344225     -2.363     6.8691   28.85124  -90.49994    203.749    177.703  195.35393  194.85089 1.1667e+02 2.9717e+01     10.010          1       8281    822.257    29.7128    29.7134    822.080    345.000     2.9487     2.7692     0.3944     4.4640     2.9878     0.3468     2.9487          2  0.000e+00
       7.89     0.1799          2   5.343314      1.181     6.8386   28.85124  -90.49994    203.759    177.707  195.36202  194.85893 1.1733e+02 2.9717e+01     10.059          1       8282    822.678    29.7125    29.7132    822.499    345.042     2.9487     2.7692     0.3944     4.4628     2.9902     0.3455     2.9487          2  0.000e+00
       7.89     0.1799          2   5.342534     -0.000     6.8386   28.85124  -90.49994    203.765    177.707  195.36780  194.86468 1.1899e+02 2.9717e+01     10.059          1       8283    823.076    29.7128    29.7132    822.898    345.083     2.9487     2.7692     0.3944     4.4628     2.9963     0.3455     2.9487          2  0.000e+00
       7.91     0.1799          2   5.341914     -0.000     6.8386   28.85124  -90.49994    203.871    177.708  195.37226  194.86912 1.1966e+02 2.9718e+01     10.059          1       8284    823.397    29.7130    29.7131    823.218    345.125     2.9499     2.7692     0.3956     4.4628     2.9988     0.3455     2.9499          2  0.000e+00
       7.91     0.1799          2   5.340697     -1.181     6.8691   28.85124  -90.49994    203.880    177.806  195.38236  194.87916 1.2000e+02 2.9718e+01     10.010          1       8285    823.976    29.7130    29.7132    823.799    345.167     2.9499     2.7705     0.3956     4.4628     3.0000     0.3468     2.9499          2  0.000e+00
       7.91     0.1799          2   5.339235     -0.000     6.8691   28.85124  -90.49994    203.892    177.807  195.39302  194.88977 1.2101e+02 2.9718e+01     10.010          1       8286    824.726    29.7135    29.7132    824.550    345.208     2.9499     2.7705     0.3956     4.4628     3.0037     0.3468     2.9499          2  0.000e+00
       7.91     0.1788          2   5.338707      1.181     6.8386   28.85124  -90.49994    203.897    177.810  195.39759  194.89431 1.2136e+02 2.9718e+01     10.059          1       8287    824.976    29.7134    29.7134    824.797    345.250     2.9499     2.7705     0.3956     4.4640     3.0049     0.3455     2.9499          2  0.000e+00
       7.91     0.1799          2   5.338286     -1.181     6.8386   28.85124  -90.49994    203.901    177.917  195.40164  194.89833 1.2170e+02 2.9718e+01     10.010          1       8288    825.154    29.7132    29.7130    824.978    345.292     2.9499     2.7717     0.3956     4.4628     3.0061     0.3455     2.9499          2  0.000e+00
       7.94     0.1788          2   5.337429      1.181     6.8691   28.85124  -90.49994    204.011    177.930  195.40828  194.90494 1.2273e+02 2.9718e+01     10.059          1       8289    825.584    29.7133    29.7119    825.406    345.333     2.9512     2.7717     0.3968     4.4640     3.0098     0.3468     2.9512          2  0.000e+00
       7.94     0.1799          2   5.337123     -1.181     6.8386   28.85124  -90.49994    203.910    177.830  195.41100  194.90765 1.2307e+02 2.9718e+01     10.010          1       8290    825.721    29.7132    29.7121    825.544    345.375     2.9499     2.7705     0.3968     4.4628     3.0110     0.3455     2.9499          2  0.000e+00
       7.94     0.1799          2   5.338608     -0.000     6.8386   28.85124  -90.49994    203.899    177.829  195.39993  194.89663 1.2307e+02 2.9717e+01     10.009          1       8291    824.967    29.7128    29.7124    824.791    345.417     2.9499     2.7705     0.3968     4.4628     3.0110     0.3455     2.9499          2  0.000e+00
       7.94     0.1799          2   5.340368      1.181     6.8386   28.85124  -90.49994    203.884    177.834  195.38461  194.88140 1.2412e+02 2.9718e+01     10.059          1       8292    824.153    29.7132    29.7126    823.975    345.458     2.9499     2.7705     0.3968     4.4628     3.0147     0.3455     2.9499          2  0.000e+00
       7.94     0.1799          2   5.341125     -1.181     6.8691   28.85124  -90.49994    203.876    177.839  195.37824  194.87506 1.2517e+02 2.9718e+01     10.009          1       8293    823.790    29.7132    29.7131    823.614    345.500     2.9499     2.7705     0.3968     4.4628     3.0183     0.3468     2.9499          2  0.000e+00
       7.96     0.1799          2   5.341263     -0.000     6.8386   28.85124  -90.49994    203.876    177.841  195.37773  194.87455 1.2517e+02 2.9718e+01     10.009          1       8294    823.702    29.7130    29.7134    823.526    345.542     2.9499     2.7705     0.3980     4.4628     3.0183     0.3455     2.9499          2  0.000e+00
       7.96     0.1777          2   5.341845      1.181     6.8386   28.85124  -90.49994    203.871    177.844  195.37252  194.86937 1.2587e+02 2.9718e+01     10.059          1       8295    823.441    29.7132    29.7134    823.262    345.583     2.9499     2.7705     0.3980     4.4652     3.0208     0.3455     2.9499          2  0.000e+00
       7.96     0.1733          2   5.342756     -1.181     6.8691   28.85124  -90.49994    203.863    177.752  195.36535  194.86225 1.2694e+02 2.9718e+01     10.009          1       8296    822.988    29.7130    29.7134    822.811    345.625     2.9499     2.7692     0.3980     4.4701     3.0244     0.3468     2.9499          2  0.000e+00
       7.96     0.1722          2   5.343245      1.181     6.8386   28.85124  -90.49994    203.757    177.659  195.36067  194.85759 1.2658e+02 2.9718e+01     10.059          1       8297    822.778    29.7133    29.7134    822.600    345.667     2.9487     2.7680     0.3980     4.4713     3.0232     0.3455     2.9487          2  0.000e+00
       7.96     0.1722          2   5.343659     -1.181     6.8386   28.85124  -90.49994    203.855    177.753  195.35765  194.85459 1.2730e+02 2.9718e+01     10.009          1       8298    822.563    29.7132    29.7132    822.386    345.708     2.9499     2.7692     0.3980     4.4713     3.0256     0.3455     2.9499          2  0.000e+00
       7.99     0.1722          2   5.344302     -0.000     6.8691   28.85124  -90.49994    203.748    177.651  195.35269  194.84966 1.2801e+02 2.9718e+01     10.009          1       8299    822.242    29.7130    29.7128    822.065    345.750     2.9487     2.7680     0.3993     4.4713     3.0281     0.3468     2.9487          2  0.000e+00
       7.99     0.1711          2   5.345358 -1.048e-09     6.8386   28.85124  -90.49994    203.841    177.544  195.34466  194.84167 1.2801e+02 2.9717e+01     10.009          1       8300    821.711    29.7128    29.7132    821.534    345.792     2.9499     2.7668     0.3993     4.4725     3.0281     0.3455     2.9499          2  0.000e+00
       7.99     0.1722          2   5.346346      1.181     6.8386   28.85124  -90.49994    203.734    177.537  195.33805  194.83509 1.2837e+02 2.9717e+01     10.059          1       8301    821.186    29.7121    29.7136    821.007    345.833     2.9487     2.7668     0.3993     4.4713     3.0293     0.3455     2.9487          2  0.000e+00
       7.99     0.1722          2   5.347012     -1.181     6.8386   28.85124  -90.49994    203.830    177.622  195.33365  194.83071 1.2837e+02 2.9716e+01     10.009          1       8302    820.824    29.7117    29.7138    820.647    345.875     2.9499     2.7680     0.3993     4.4713     3.0293     0.3455     2.9499          2  0.000e+00
       7.99     0.1711          2   5.347923      1.181     6.8691   28.85124  -90.49994    203.825    177.513  195.32789  194.82498 1.2946e+02 2.9716e+01     10.059          1       8303    820.328    29.7109    29.7138    820.149    345.917     2.9499     2.7668     0.3993     4.4725     3.0330     0.3468     2.9499          2  0.000e+00
       7.99     0.1722          2   5.348857     -0.000     6.8386   28.85124  -90.49994    203.819    177.501  195.32216  194.81928 1.2946e+02 2.9715e+01     10.059          1       8304    819.811    29.7101    29.7145    819.631    345.958     2.9499     2.7668     0.3993     4.4713     3.0330     0.3455     2.9499          2  0.000e+00
       7.99     0.1711          2   5.349011     -0.000     6.8386   28.85124  -90.49994    203.816    177.401  195.31983  194.81697 1.2983e+02 2.9715e+01     10.059          1       8305    819.774    29.7106    29.7145    819.595    346.000     2.9499     2.7656     0.3993     4.4725     3.0342     0.3455     2.9499          2  0.000e+00
       7.99     0.1711          2   5.348214     -1.181     6.8691   28.85124  -90.49994    203.819    177.495  195.32335  194.82047 1.2983e+02 2.9717e+01     10.009          1       8306    820.260    29.7119    29.7147    820.083    346.042     2.9499     2.7668     0.3993     4.4725     3.0342     0.3468     2.9499          2  0.000e+00
       7.99     0.1722          2   5.347494      1.181     6.8691   28.85124  -90.49994    203.721    177.495  195.32565  194.82277 1.2983e+02 2.9718e+01     10.059          1       8307    820.737    29.7134    29.7147    820.558    346.083     2.9487     2.7668     0.3993     4.4713     3.0342     0.3468     2.9487          2  0.000e+00
       7.99     0.1722          2   5.347196     -0.000     6.8386   28.85124  -90.49994    203.824    177.495  195.32702  194.82413 1.2874e+02 2.9719e+01     10.059          1       8308    820.918    29.7139    29.7147    820.739    346.125     2.9499     2.7668     0.3993     4.4713     3.0305     0.3455     2.9499          2  0.000e+00
       7.99     0.1711          2   5.347150     -0.000     6.8386   28.85124  -90.49994    203.823    177.493  195.32655  194.82367 1.2837e+02 2.9719e+01     10.059          1       8309    820.970    29.7143    29.7148    820.791    346.167     2.9499     2.7668     0.3993     4.4725     3.0293     0.3455     2.9499          2  0.000e+00
