ctd/tests/data/CTD/g01mcan06c.ros
* Sea-Bird SBE 9 Data File:
* FileName = D:\CTD DATA\2013\PE13-01 DiMarco\G01MCAN06C.hex
* Software Version Seasave V 7.21g
* Temperature SN = 4515
* Conductivity SN = 3079
* Number of Bytes Per Scan = 40
* Number of Voltage Words = 5
* Number of Scans Averaged by the Deck Unit = 1
* NMEA Latitude = 28 50.98 N
* NMEA Longitude = 090 30.00 W
* NMEA UTC (Time) = Jul 11 2012  14:25:43
* NMEA baud rate = 4800
# nquan = 31
# nvalues = 196                                   
# units = specified
# name 0 = altM: Altimeter [m]
# name 1 = bat: Beam Attenuation, Chelsea/Seatech [1/m]
# name 2 = bpos: Bottle Position in Carousel
# name 3 = c0S/m: Conductivity [S/m]
# name 4 = dz/dtM: Descent Rate [m/s]
# name 5 = wetCDOM: Fluorescence, WET Labs CDOM [mg/m^3]
# name 6 = latitude: Latitude [deg]
# name 7 = longitude: Longitude [deg]
# name 8 = sbeox0Mm/Kg: Oxygen, SBE 43 [umol/kg]
# name 9 = sbeox1Mm/Kg: Oxygen, SBE 43, 2 [umol/kg]
# name 10 = oxsolMm/Kg: Oxygen Saturation, Garcia & Gordon [umol/kg]
# name 11 = oxsatMm/Kg: Oxygen Saturation, Weiss [umol/kg]
# name 12 = par: PAR/Irradiance, Biospherical/Licor
# name 13 = pla: Plume Anomaly
# name 14 = prDM: Pressure, Digiquartz [db]
# name 15 = pumps: Pump Status
# name 16 = scan: Scan Count
# name 17 = sva: Specific Volume Anomaly [10^-8 * m^3/kg]
# name 18 = t090C: Temperature [ITS-90, deg C]
# name 19 = t190C: Temperature, 2 [ITS-90, deg C]
# name 20 = tsa: Thermosteric Anomaly [10^-8 * m^3/kg]
# name 21 = timeS: Time, Elapsed [seconds]
# name 22 = v0: Voltage 0
# name 23 = v1: Voltage 1
# name 24 = v2: Voltage 2
# name 25 = v3: Voltage 3
# name 26 = v4: Voltage 4
# name 27 = v5: Voltage 5
# name 28 = sbeox0V: Oxygen raw, SBE 43 [V]
# name 29 = nbf: Bottles Fired
# name 30 = flag:  0.000e+00
# interval = seconds: 0.0416667
# start_time = Jul 11 2012 14:25:43 [NMEA time, header]
# bad_flag = -9.990e-29
*END*
       1.27     0.5708          1   5.497852      1.350     7.2354   28.85108  -90.49998    141.987    121.905  197.53299  197.01736 4.5491e+01 2.8191e+01     17.053          1       7191    623.044    28.1886    28.1889    622.572    299.583     2.1880     2.0452     0.0635     4.0476     2.5788     0.3614     2.1880          1  0.000e+00
       1.25     0.5720          1   5.497867     -1.350     7.2354   28.85108  -90.49998    141.986    121.905  197.53283  197.01721 4.5491e+01 2.8191e+01     16.997          1       7192    623.032    28.1886    28.1885    622.563    299.625     2.1880     2.0452     0.0623     4.0464     2.5788     0.3614     2.1880          1  0.000e+00
       1.25     0.5720          1   5.497867      2.532     7.2659   28.85108  -90.49998    141.884    121.906  197.53263  197.01701 4.5491e+01 2.8191e+01     17.102          1       7193    623.047    28.1887    28.1885    622.574    299.667     2.1868     2.0452     0.0623     4.0464     2.5788     0.3626     2.1868          1  0.000e+00
       1.25     0.5708          1   5.497937     -1.182     7.2354   28.85108  -90.49998    141.986    121.906  197.53186  197.01624 4.5619e+01 2.8191e+01     17.053          1       7194    623.015    28.1887    28.1883    622.544    299.708     2.1880     2.0452     0.0623     4.0476     2.5800     0.3614     2.1880          1  0.000e+00
       1.22     0.5720          1   5.497922     -0.000     7.2354   28.85108  -90.49998    141.883    121.906  197.53152  197.01590 4.5619e+01 2.8192e+01     17.053          1       7195    623.040    28.1889    28.1885    622.569    299.750     2.1868     2.0452     0.0611     4.0464     2.5800     0.3614     2.1868          1  0.000e+00
       1.22     0.5708          1   5.497914     -0.000     7.2354   28.85108  -90.49998    141.883    121.906  197.53206  197.01644 4.5619e+01 2.8191e+01     17.053          1       7196    623.027    28.1887    28.1883    622.556    299.792     2.1868     2.0452     0.0611     4.0476     2.5800     0.3614     2.1868          1  0.000e+00
       1.22     0.5720          1   5.497844     -1.350     7.2354   28.85108  -90.49998    141.883    121.905  197.53303  197.01741 4.5619e+01 2.8191e+01     16.997          1       7197    623.044    28.1886    28.1883    622.575    299.833     2.1868     2.0452     0.0611     4.0464     2.5800     0.3614     2.1868          1  0.000e+00
       1.22     0.5720          1   5.497852      1.350     7.2354   28.85108  -90.49998    141.884    121.906  197.53345  197.01782 4.5619e+01 2.8191e+01     17.053          1       7198    623.026    28.1884    28.1883    622.555    299.875     2.1868     2.0452     0.0611     4.0464     2.5800     0.3614     2.1868          1  0.000e+00
       1.22     0.5720          1   5.497867      1.181     7.2965   28.85108  -90.49998    141.884    121.906  197.53287  197.01724 4.5619e+01 2.8191e+01     17.102          1       7199    623.039    28.1886    28.1887    622.566    299.917     2.1868     2.0452     0.0611     4.0464     2.5800     0.3639     2.1868          1  0.000e+00
       1.25     0.5708          1   5.497867     -2.532     7.4186   28.85108  -90.49998    141.883    121.905  197.53283  197.01721 4.5747e+01 2.8191e+01     16.996          1       7200    623.032    28.1886    28.1883    622.563    299.958     2.1868     2.0452     0.0623     4.0476     2.5812     0.3687     2.1868          1  0.000e+00
       1.25     0.5708          1   5.497829      1.350     7.4186   28.85108  -90.49998    141.987    121.906  197.53319  197.01756 4.5747e+01 2.8191e+01     17.053          1       7201    623.055    28.1886    28.1885    622.584    300.000     2.1880     2.0452     0.0623     4.0476     2.5812     0.3687     2.1880          1  0.000e+00
       1.22     0.5720          1   5.497891     -0.000     7.4491   28.85108  -90.49998    141.883    121.906  197.53226  197.01664 4.5876e+01 2.8191e+01     17.053          1       7202    623.038    28.1887    28.1885    622.567    300.042     2.1868     2.0452     0.0611     4.0464     2.5824     0.3700     2.1868          1  0.000e+00
       1.22     0.5708          1   5.497914      1.181     7.4186   28.85108  -90.49998    141.884    121.907  197.53208  197.01645 4.5747e+01 2.8191e+01     17.102          1       7203    623.030    28.1887    28.1883    622.557    300.083     2.1868     2.0452     0.0611     4.0476     2.5812     0.3687     2.1868          1  0.000e+00
       1.22     0.5720          1   5.497875     -1.182     7.4186   28.85108  -90.49998    141.883    121.906  197.53278  197.01716 4.5747e+01 2.8191e+01     17.053          1       7204    623.032    28.1886    28.1885    622.561    300.125     2.1868     2.0452     0.0611     4.0464     2.5812     0.3687     2.1868          1  0.000e+00
       1.22     0.5708          1   5.497829     -1.350     7.4186   28.85108  -90.49998    141.779    121.905  197.53278  197.01715 4.5747e+01 2.8191e+01     16.996          1       7205    623.066    28.1887    28.1882    622.597    300.167     2.1856     2.0452     0.0611     4.0476     2.5812     0.3687     2.1856          1  0.000e+00
       1.22     0.5671          1   5.497852      2.532     7.4186   28.85108  -90.49998    141.884    121.907  197.53300  197.01738 4.5876e+01 2.8191e+01     17.102          1       7206    623.047    28.1886    28.1882    622.573    300.208     2.1868     2.0452     0.0611     4.0513     2.5824     0.3687     2.1868          1  0.000e+00
       1.22     0.5696          1   5.497898     -1.182     7.4186   28.85108  -90.49998    141.780    121.906  197.53258  197.01696 4.5747e+01 2.8191e+01     17.053          1       7207    623.020    28.1886    28.1882    622.549    300.250     2.1856     2.0452     0.0611     4.0488     2.5812     0.3687     2.1856          1  0.000e+00
       1.22     0.5684          1   5.497875     -1.350     7.4186   28.85108  -90.49998    141.779    121.905  197.53276  197.01714 4.5747e+01 2.8191e+01     16.996          1       7208    623.029    28.1886    28.1885    622.560    300.292     2.1856     2.0452     0.0611     4.0501     2.5812     0.3687     2.1856          1  0.000e+00
       1.22     0.5684          1   5.497867      2.532     7.4186   28.85108  -90.49998    141.678    121.906  197.53248  197.01685 4.5747e+01 2.8191e+01     17.102          1       7209    623.053    28.1887    28.1885    622.580    300.333     2.1844     2.0452     0.0611     4.0501     2.5812     0.3687     2.1844          1  0.000e+00
       1.22     0.5684          1   5.497867     -2.532     7.4186   28.85108  -90.49998    141.779    121.905  197.53283  197.01721 4.5747e+01 2.8191e+01     16.996          1       7210    623.032    28.1886    28.1885    622.563    300.375     2.1856     2.0452     0.0611     4.0501     2.5812     0.3687     2.1856          1  0.000e+00
       1.22     0.5684          1   5.497867      1.350     7.4186   28.85108  -90.49998    141.677    121.906  197.53285  197.01723 4.5747e+01 2.8191e+01     17.053          1       7211    623.036    28.1886    28.1885    622.565    300.417     2.1844     2.0452     0.0611     4.0501     2.5812     0.3687     2.1844          1  0.000e+00
       1.22     0.5684          1   5.497867     -0.000     7.4186   28.85108  -90.49998    141.780    121.906  197.53199  197.01637 4.5747e+01 2.8192e+01     17.053          1       7212    623.067    28.1889    28.1885    622.596    300.458     2.1856     2.0452     0.0611     4.0501     2.5812     0.3687     2.1856          1  0.000e+00
       1.22     0.5684          1   5.497898     -1.350     7.4186   28.85108  -90.49998    141.676    121.905  197.53171  197.01609 4.5747e+01 2.8192e+01     16.996          1       7213    623.048    28.1889    28.1885    622.579    300.500     2.1844     2.0452     0.0611     4.0501     2.5812     0.3687     2.1844          1  0.000e+00
       1.22     0.5684          1   5.497914      1.350     7.4186   28.85108  -90.49998    141.780    121.906  197.53159  197.01597 4.5747e+01 2.8192e+01     17.053          1       7214    623.044    28.1889    28.1885    622.573    300.542     2.1856     2.0452     0.0611     4.0501     2.5812     0.3687     2.1856          1  0.000e+00
       1.20     0.5684          1   5.497914     -1.350     7.4186   28.85108  -90.49998    141.675    121.905  197.53134  197.01572 4.5747e+01 2.8192e+01     16.996          1       7215    623.049    28.1890    28.1885    622.580    300.583     2.1844     2.0452     0.0598     4.0501     2.5812     0.3687     2.1844          1  0.000e+00
       1.22     0.5684          1   5.497945     -0.000     7.4186   28.85108  -90.49998    141.675    121.905  197.53091  197.01530 4.5619e+01 2.8192e+01     16.996          1       7216    623.039    28.1891    28.1885    622.570    300.625     2.1844     2.0452     0.0611     4.0501     2.5800     0.3687     2.1844          1  0.000e+00
       1.22     0.5684          1   5.497891      1.350     7.4186   28.85108  -90.49998    141.780    121.906  197.53179  197.01617 4.5619e+01 2.8192e+01     17.053          1       7217    623.055    28.1889    28.1885    622.584    300.667     2.1856     2.0452     0.0611     4.0501     2.5800     0.3687     2.1856          1  0.000e+00
       1.22     0.5684          1   5.497937     -1.350     7.4186   28.85108  -90.49998    141.675    122.002  197.53098  197.01536 4.5619e+01 2.8192e+01     16.996          1       7218    623.043    28.1891    28.1885    622.574    300.708     2.1844     2.0464     0.0611     4.0501     2.5800     0.3687     2.1844          1  0.000e+00
       1.22     0.5684          1   5.497960     -0.000     7.4186   28.85108  -90.49998    141.675    122.002  197.53039  197.01477 4.5619e+01 2.8192e+01     16.996          1       7219    623.046    28.1893    28.1883    622.577    300.750     2.1844     2.0464     0.0611     4.0501     2.5800     0.3687     2.1844          1  0.000e+00
       1.25     0.5671          1   5.497922      1.350     7.4186   28.85108  -90.49998    141.779    122.003  197.53075  197.01513 4.5619e+01 2.8192e+01     17.053          1       7220    623.068    28.1893    28.1887    622.597    300.792     2.1856     2.0464     0.0623     4.0513     2.5800     0.3687     2.1856          1  0.000e+00
       1.22     0.5684          1   5.497945     -2.532     7.4186   28.85108  -90.49998    141.674    122.001  197.53004  197.01443 4.5619e+01 2.8192e+01     16.947          1       7221    623.068    28.1895    28.1887    622.601    300.833     2.1844     2.0464     0.0611     4.0501     2.5800     0.3687     2.1844          1  0.000e+00
       1.22     0.5696          1   5.497921      1.181     7.4186   28.85108  -90.49998    141.675    122.002  197.53073  197.01511 4.5747e+01 2.8192e+01     16.996          1       7222    623.065    28.1893    28.1887    622.596    300.875     2.1844     2.0464     0.0611     4.0488     2.5812     0.3687     2.1844          1  0.000e+00
       1.25     0.5684          1   5.497945     -0.000     7.4186   28.85108  -90.49998    141.675    122.001  197.53052  197.01491 4.5747e+01 2.8192e+01     16.996          1       7223    623.053    28.1893    28.1889    622.584    300.917     2.1844     2.0464     0.0623     4.0501     2.5812     0.3687     2.1844          1  0.000e+00
       1.25     0.5684          1   5.497991     -0.000     7.4186   28.85108  -90.49998    141.778    122.002  197.53051  197.01490 4.5747e+01 2.8192e+01     16.996          1       7224    623.016    28.1891    28.1887    622.547    300.958     2.1856     2.0464     0.0623     4.0501     2.5812     0.3687     2.1856          1  0.000e+00
       1.25     0.5647          1   5.498007     -1.181     7.4186   28.85108  -90.49998    141.776    122.001  197.52950  197.01389 4.5747e+01 2.8192e+01     16.947          1       7225    623.037    28.1895    28.1887    622.569    301.000     2.1856     2.0464     0.0623     4.0537     2.5812     0.3687     2.1856          1  0.000e+00
       1.22     0.5599          1   5.497968      1.181     7.3270   28.85108  -90.49998    141.880    122.002  197.52986  197.01424 4.5747e+01 2.8192e+01     16.996          1       7226    623.059    28.1895    28.1887    622.590    301.042     2.1868     2.0464     0.0611     4.0586     2.5812     0.3651     2.1868          1  0.000e+00
       1.22     0.5587          1   5.497960     -0.000     7.2659   28.85108  -90.49998    141.777    122.002  197.52992  197.01431 4.5876e+01 2.8192e+01     16.996          1       7227    623.063    28.1895    28.1883    622.594    301.083     2.1856     2.0464     0.0611     4.0598     2.5824     0.3626     2.1856          1  0.000e+00
       1.25     0.5587          1   5.497960     -1.181     7.2659   28.85108  -90.49998    141.880    122.002  197.53037  197.01476 4.5747e+01 2.8192e+01     16.947          1       7228    623.043    28.1893    28.1885    622.576    301.125     2.1868     2.0464     0.0623     4.0598     2.5812     0.3626     2.1868          1  0.000e+00
       1.25     0.5599          1   5.497852     -0.000     7.2659   28.85108  -90.49998    141.778    122.001  197.53131  197.01569 4.5747e+01 2.8192e+01     16.947          1       7229    623.097    28.1893    28.1885    622.630    301.167     2.1856     2.0464     0.0623     4.0586     2.5812     0.3626     2.1856          1  0.000e+00
       1.25     0.5587          1   5.497890     -0.000     7.2659   28.85108  -90.49998    141.880    122.001  197.53098  197.01536 4.5747e+01 2.8192e+01     16.947          1       7230    623.078    28.1893    28.1885    622.611    301.208     2.1868     2.0464     0.0623     4.0598     2.5812     0.3626     2.1868          1  0.000e+00
       1.27     0.5587          1   5.497844     -0.000     7.2659   28.85108  -90.49998    141.882    122.002  197.53263  197.01700 4.5876e+01 2.8192e+01     16.947          1       7231    623.055    28.1887    28.1883    622.588    301.250     2.1868     2.0464     0.0635     4.0598     2.5824     0.3626     2.1868          1  0.000e+00
       1.27     0.5587          1   5.497821     -0.000     7.2659   28.85108  -90.49998    141.985    122.002  197.53369  197.01806 4.5876e+01 2.8191e+01     16.947          1       7232    623.036    28.1884    28.1882    622.569    301.292     2.1880     2.0464     0.0635     4.0598     2.5824     0.3626     2.1880          1  0.000e+00
       1.27     0.5599          1   5.497821      0.000     7.2659   28.85108  -90.49998    141.985    122.002  197.53369  197.01806 4.5876e+01 2.8191e+01     16.947          1       7233    623.036    28.1884    28.1882    622.569    301.333     2.1880     2.0464     0.0635     4.0586     2.5824     0.3626     2.1880          1  0.000e+00
       1.27     0.5587          1   5.497821     -0.000     7.2659   28.85108  -90.49998    141.985    122.001  197.53369  197.01806 4.5876e+01 2.8191e+01     16.947          1       7234    623.036    28.1884    28.1889    622.569    301.375     2.1880     2.0464     0.0635     4.0598     2.5824     0.3626     2.1880          1  0.000e+00
       1.27     0.5599          1   5.497821     -1.182     7.2659   28.85108  -90.49998    141.985    122.000  197.53406  197.01843 4.6005e+01 2.8191e+01     16.898          1       7235    623.018    28.1882    28.1889    622.553    301.417     2.1880     2.0464     0.0635     4.0586     2.5836     0.3626     2.1880          1  0.000e+00
       1.27     0.5599          1   5.497821      0.000     7.2659   28.85108  -90.49998    141.882    122.097  197.53375  197.01812 4.6005e+01 2.8191e+01     16.898          1       7236    623.030    28.1883    28.1889    622.565    301.458     2.1868     2.0476     0.0635     4.0586     2.5836     0.3626     2.1868          1  0.000e+00
