ctd/tests/data/CTD/g01mcan05c.ros
* Sea-Bird SBE 9 Data File:
* FileName = D:\CTD DATA\2013\PE13-01 DiMarco\G01MCAN05C.hex
* Software Version Seasave V 7.21g
* Temperature SN = 4515
* Conductivity SN = 3079
* Number of Bytes Per Scan = 40
* Number of Voltage Words = 5
* Number of Scans Averaged by the Deck Unit = 1
* NMEA Latitude = 28 45.02 N
* NMEA Longitude = 090 17.98 W
* NMEA UTC (Time) = Jul 11 2012  12:49:08
* NMEA baud rate = 4800
# nquan = 31
# nvalues = 245                                   
# units = specified
# name 0 = altM: Altimeter [m]
# name 1 = bat: Beam Attenuation, Chelsea/Seatech [1/m]
# name 2 = bpos: Bottle Position in Carousel
# name 3 = c0S/m: Conductivity [S/m]
# name 4 = dz/dtM: Descent Rate [m/s]
# name 5 = wetCDOM: Fluorescence, WET Labs CDOM [mg/m^3]
# name 6 = latitude: Latitude [deg]
# name 7 = longitude: Longitude [deg]
# name 8 = sbeox0Mm/Kg: Oxygen, SBE 43 [umol/kg]
# name 9 = sbeox1Mm/Kg: Oxygen, SBE 43, 2 [umol/kg]
# name 10 = oxsolMm/Kg: Oxygen Saturation, Garcia & Gordon [umol/kg]
# name 11 = oxsatMm/Kg: Oxygen Saturation, Weiss [umol/kg]
# name 12 = par: PAR/Irradiance, Biospherical/Licor
# name 13 = pla: Plume Anomaly
# name 14 = prDM: Pressure, Digiquartz [db]
# name 15 = pumps: Pump Status
# name 16 = scan: Scan Count
# name 17 = sva: Specific Volume Anomaly [10^-8 * m^3/kg]
# name 18 = t090C: Temperature [ITS-90, deg C]
# name 19 = t190C: Temperature, 2 [ITS-90, deg C]
# name 20 = tsa: Thermosteric Anomaly [10^-8 * m^3/kg]
# name 21 = timeS: Time, Elapsed [seconds]
# name 22 = v0: Voltage 0
# name 23 = v1: Voltage 1
# name 24 = v2: Voltage 2
# name 25 = v3: Voltage 3
# name 26 = v4: Voltage 4
# name 27 = v5: Voltage 5
# name 28 = sbeox0V: Oxygen raw, SBE 43 [V]
# name 29 = nbf: Bottles Fired
# name 30 = flag:  0.000e+00
# interval = seconds: 0.0416667
# start_time = Jul 11 2012 12:49:08 [NMEA time, header]
# bad_flag = -9.990e-29
*END*
[from data line 94]
       9.47     0.1646          2   5.486409     -1.182     5.5260   28.75150  -90.29960    183.994    160.482  196.09217  195.58289 3.1123e+01 2.8871e+01     15.573          1       8235    684.782    28.8678    28.8628    684.374    343.083     2.7021     2.5433     0.4737     4.4799     2.4139     0.2930     2.7021          2  0.000e+00
       9.47     0.1646          2   5.486371     -0.000     5.5260   28.75150  -90.29960    183.994    160.576  196.09249  195.58322 3.1298e+01 2.8871e+01     15.573          1       8236    684.801    28.8678    28.8643    684.393    343.125     2.7021     2.5446     0.4737     4.4799     2.4164     0.2930     2.7021          2  0.000e+00
       9.43     0.1657          2   5.486394      1.181     5.5260   28.75150  -90.29960    183.891    160.575  196.09055  195.58128 3.1387e+01 2.8872e+01     15.622          1       8237    684.857    28.8686    28.8658    684.446    343.167     2.7009     2.5446     0.4713     4.4786     2.4176     0.2930     2.7009          2  0.000e+00
       9.43     0.1657          2   5.486409     -1.182     5.5260   28.75150  -90.29960    183.991    160.572  196.08963  195.58037 3.1387e+01 2.8872e+01     15.573          1       8238    684.874    28.8689    28.8668    684.466    343.208     2.7021     2.5446     0.4713     4.4786     2.4176     0.2930     2.7021          2  0.000e+00
      14.11     0.1559          3   5.400610     -2.363     5.2208   28.75162  -90.29958    202.686    176.476  195.29501  194.79148 5.2800e+01 2.9540e+01     10.638          1       9248    780.787    29.5353    29.5360    780.581    385.292     2.9365     2.7546     0.7057     4.4896     2.6435     0.2808     2.9365          3  0.000e+00
      14.11     0.1559          3   5.400433      1.181     5.2208   28.75162  -90.29958    202.791    176.574  195.29740  194.79385 5.2949e+01 2.9539e+01     10.687          1       9249    780.843    29.5349    29.5360    780.635    385.333     2.9377     2.7558     0.7057     4.4896     2.6447     0.2808     2.9377          3  0.000e+00
      14.14     0.1559          3   5.400395      1.181     5.2208   28.75162  -90.29958    202.691    176.479  195.29811  194.79456 5.3248e+01 2.9539e+01     10.736          1       9250    780.851    29.5348    29.5360    780.641    385.375     2.9365     2.7546     0.7070     4.4896     2.6471     0.2808     2.9365          3  0.000e+00
      14.14     0.1548          3   5.400594     -1.181     5.2208   28.75162  -90.29958    202.790    176.575  195.29607  194.79253 5.3398e+01 2.9539e+01     10.687          1       9251    780.765    29.5349    29.5358    780.557    385.417     2.9377     2.7558     0.7070     4.4908     2.6484     0.2808     2.9377          3  0.000e+00
      14.14     0.1559          3   5.400964     -0.000     5.2208   28.75162  -90.29958    202.683    176.575  195.29127  194.78776 5.3398e+01 2.9540e+01     10.687          1       9252    780.648    29.5357    29.5358    780.440    385.458     2.9365     2.7558     0.7070     4.4896     2.6484     0.2808     2.9365          3  0.000e+00
      14.14     0.1548          3   5.401202      1.181     5.2208   28.75162  -90.29958    202.784    176.675  195.28940  194.78589 5.3699e+01 2.9540e+01     10.736          1       9253    780.532    29.5357    29.5355    780.323    385.500     2.9377     2.7570     0.7070     4.4908     2.6508     0.2808     2.9377          3  0.000e+00
      14.14     0.1548          3   5.401079     -1.181     5.2208   28.75162  -90.29958    202.784    176.675  195.29032  194.78681 5.3850e+01 2.9540e+01     10.687          1       9254    780.592    29.5357    29.5350    780.384    385.542     2.9377     2.7570     0.7070     4.4908     2.6520     0.2808     2.9377          3  0.000e+00
      14.14     0.1548          3   5.401025      0.000     5.2208   28.75162  -90.29958    202.783    176.674  195.29000  194.78649 5.3850e+01 2.9541e+01     10.687          1       9255    780.645    29.5360    29.5352    780.438    385.583     2.9377     2.7570     0.7070     4.4908     2.6520     0.2808     2.9377          3  0.000e+00
      14.14     0.1548          3   5.401025 -2.095e-09     5.2208   28.75162  -90.29958    202.784    176.770  195.29038  194.78687 5.3850e+01 2.9540e+01     10.687          1       9256    780.632    29.5359    29.5352    780.424    385.625     2.9377     2.7582     0.7070     4.4908     2.6520     0.2808     2.9377          3  0.000e+00
      14.14     0.1548          3   5.401048      0.000     5.2208   28.75162  -90.29958    202.681    176.867  195.28981  194.78631 5.4001e+01 2.9541e+01     10.687          1       9257    780.634    29.5360    29.5351    780.426    385.667     2.9365     2.7595     0.7070     4.4908     2.6532     0.2808     2.9365          3  0.000e+00
      14.14     0.1548          3   5.401133 -2.095e-09     5.2208   28.75162  -90.29958    202.782    176.866  195.28904  194.78554 5.3850e+01 2.9541e+01     10.687          1       9258    780.596    29.5361    29.5352    780.388    385.708     2.9377     2.7595     0.7070     4.4908     2.6520     0.2808     2.9377          3  0.000e+00
      14.07     0.1548          3   5.401017     -0.000     5.2208   28.75162  -90.29958    202.783    176.962  195.29006  194.78656 5.4001e+01 2.9541e+01     10.687          1       9259    780.649    29.5360    29.5352    780.441    385.750     2.9377     2.7607     0.7033     4.4908     2.6532     0.2808     2.9377          3  0.000e+00
      13.94     0.1548          3   5.400764      0.000     5.2208   28.75162  -90.29958    202.787    177.058  195.29338  194.78985 5.4153e+01 2.9540e+01     10.687          1       9260    780.729    29.5355    29.5355    780.521    385.792     2.9377     2.7619     0.6972     4.4908     2.6545     0.2808     2.9377          3  0.000e+00
      13.92     0.1548          3   5.400602     -1.181     5.2208   28.75162  -90.29958    202.788    177.059  195.29553  194.79199 5.4306e+01 2.9540e+01     10.638          1       9261    780.774    29.5351    29.5352    780.569    385.833     2.9377     2.7619     0.6960     4.4908     2.6557     0.2808     2.9377          3  0.000e+00
      13.92     0.1548          3   5.400533      1.181     5.2208   28.75162  -90.29958    202.789    177.061  195.29566  194.79212 5.4306e+01 2.9540e+01     10.687          1       9262    780.827    29.5353    29.5350    780.619    385.875     2.9377     2.7619     0.6960     4.4908     2.6557     0.2808     2.9377          3  0.000e+00
      13.92     0.1559          3   5.400625      0.000     5.2513   28.75162  -90.29958    202.687    177.060  195.29536  194.79182 5.4306e+01 2.9540e+01     10.687          1       9263    780.766    29.5351    29.5352    780.558    385.917     2.9365     2.7619     0.6960     4.4896     2.6557     0.2821     2.9365          3  0.000e+00
      13.97     0.1548          3   5.400664 -2.095e-09     5.3123   28.75162  -90.29958    202.788    177.062  195.29420  194.79067 5.4306e+01 2.9540e+01     10.687          1       9264    780.777    29.5355    29.5349    780.569    385.958     2.9377     2.7619     0.6984     4.4908     2.6557     0.2845     2.9377          3  0.000e+00
      13.99     0.1548          3   5.400556     -1.181     5.3123   28.75162  -90.29958    202.788    177.063  195.29591  194.79237 5.4459e+01 2.9540e+01     10.638          1       9265    780.797    29.5351    29.5346    780.591    386.000     2.9377     2.7619     0.6996     4.4908     2.6569     0.2845     2.9377          3  0.000e+00
      14.02     0.1548          3   5.400625      1.181     5.3123   28.75162  -90.29958    202.789    177.062  195.29536  194.79182 5.4459e+01 2.9540e+01     10.687          1       9266    780.766    29.5351    29.5346    780.558    386.042     2.9377     2.7619     0.7009     4.4908     2.6569     0.2845     2.9377          3  0.000e+00
      13.99     0.1559          3   5.400794     -1.181     5.3429   28.75162  -90.29958    202.684    177.058  195.29311  194.78958 5.4459e+01 2.9540e+01     10.638          1       9267    780.711    29.5355    29.5352    780.505    386.083     2.9365     2.7619     0.6996     4.4896     2.6569     0.2857     2.9365          3  0.000e+00
      13.99     0.1559          3   5.400840      1.181     5.3123   28.75162  -90.29958    202.786    177.058  195.29274  194.78922 5.4612e+01 2.9540e+01     10.687          1       9268    780.691    29.5355    29.5351    780.484    386.125     2.9377     2.7619     0.6996     4.4896     2.6581     0.2845     2.9377          3  0.000e+00
      14.04     0.1559          3   5.400771     -1.181     5.3123   28.75162  -90.29958    202.785    177.056  195.29246  194.78894 5.4612e+01 2.9540e+01     10.638          1       9269    780.752    29.5359    29.5352    780.546    386.167     2.9377     2.7619     0.7021     4.4896     2.6581     0.2845     2.9377          3  0.000e+00
      14.04     0.1559          3   5.400817      0.000     5.3123   28.75162  -90.29958    202.785    177.058  195.29246  194.78894 5.4766e+01 2.9540e+01     10.638          1       9270    780.716    29.5357    29.5352    780.510    386.208     2.9377     2.7619     0.7021     4.4896     2.6593     0.2845     2.9377          3  0.000e+00
      14.04     0.1559          3   5.400871      1.181     5.3123   28.75162  -90.29958    202.786    176.963  195.29211  194.78859 5.4920e+01 2.9540e+01     10.687          1       9271    780.690    29.5357    29.5350    780.482    386.250     2.9377     2.7607     0.7021     4.4896     2.6606     0.2845     2.9377          3  0.000e+00
      14.04     0.1559          3   5.400817     -1.181     5.3123   28.75162  -90.29958    202.785    176.962  195.29246  194.78894 5.4920e+01 2.9540e+01     10.638          1       9272    780.716    29.5357    29.5351    780.510    386.292     2.9377     2.7607     0.7021     4.4896     2.6606     0.2845     2.9377          3  0.000e+00
      14.04     0.1559          3   5.400894      1.181     5.3123   28.75162  -90.29958    202.785    176.962  195.29192  194.78840 5.4920e+01 2.9540e+01     10.687          1       9273    780.679    29.5357    29.5350    780.471    386.333     2.9377     2.7607     0.7021     4.4896     2.6606     0.2845     2.9377          3  0.000e+00
      14.09     0.1559          3   5.401302     -1.181     5.3123   28.75162  -90.29958    202.781    176.962  195.28847  194.78497 5.5075e+01 2.9540e+01     10.638          1       9274    780.481    29.5357    29.5348    780.275    386.375     2.9377     2.7607     0.7045     4.4896     2.6618     0.2845     2.9377          3  0.000e+00
      14.09     0.1548          3   5.401525 2.0955e-09     5.3123   28.75162  -90.29958    202.778    176.866  195.28587  194.78238 5.5230e+01 2.9541e+01     10.638          1       9275    780.400    29.5360    29.5348    780.194    386.417     2.9377     2.7595     0.7045     4.4908     2.6630     0.2845     2.9377          3  0.000e+00
      14.09     0.1548          3   5.401379      1.181     5.3123   28.75162  -90.29958    202.882    176.868  195.28701  194.78352 5.5385e+01 2.9541e+01     10.687          1       9276    780.476    29.5361    29.5349    780.269    386.458     2.9389     2.7595     0.7045     4.4908     2.6642     0.2845     2.9389          3  0.000e+00
      14.09     0.1548          3   5.401163     -1.181     5.3123   28.75162  -90.29958    202.782    176.867  195.28968  194.78618 5.5385e+01 2.9540e+01     10.638          1       9277    780.545    29.5357    29.5346    780.340    386.500     2.9377     2.7595     0.7045     4.4908     2.6642     0.2845     2.9377          3  0.000e+00
      14.09     0.1559          3   5.401071      0.000     5.3123   28.75162  -90.29958    202.783    176.867  195.29083  194.78732 5.5541e+01 2.9540e+01     10.638          1       9278    780.577    29.5355    29.5346    780.371    386.542     2.9377     2.7595     0.7045     4.4896     2.6654     0.2845     2.9377          3  0.000e+00
      14.11     0.1548          3   5.400994      1.181     5.3123   28.75162  -90.29958    202.785    176.869  195.29193  194.78842 5.5541e+01 2.9540e+01     10.687          1       9279    780.600    29.5353    29.5347    780.393    386.583     2.9377     2.7595     0.7057     4.4908     2.6654     0.2845     2.9377          3  0.000e+00
      14.11     0.1559          3   5.401010     -1.181     5.3123   28.75162  -90.29958    202.784    176.869  195.29172  194.78820 5.5541e+01 2.9540e+01     10.638          1       9280    780.593    29.5353    29.5345    780.387    386.625     2.9377     2.7595     0.7057     4.4896     2.6654     0.2845     2.9377          3  0.000e+00
      14.11     0.1559          3   5.401156      0.000     5.3123   28.75162  -90.29958    202.782    176.869  195.28975  194.78624 5.5541e+01 2.9540e+01     10.638          1       9281    780.549    29.5357    29.5346    780.343    386.667     2.9377     2.7595     0.7057     4.4896     2.6654     0.2845     2.9377          3  0.000e+00
      14.11     0.1548          3   5.401402      1.181     5.3123   28.75162  -90.29958    202.781    176.869  195.28728  194.78379 5.5698e+01 2.9540e+01     10.687          1       9282    780.449    29.5359    29.5348    780.241    386.708     2.9377     2.7595     0.7057     4.4908     2.6667     0.2845     2.9377          3  0.000e+00
      14.11     0.1559          3   5.401333     -1.181     5.3123   28.75162  -90.29958    202.780    176.870  195.28783  194.78434 5.5698e+01 2.9540e+01     10.638          1       9283    780.480    29.5359    29.5347    780.274    386.750     2.9377     2.7595     0.7057     4.4896     2.6667     0.2845     2.9377          3  0.000e+00
      14.16     0.1559          3   5.401087      1.181     5.3123   28.75162  -90.29958    202.885    176.872  195.29026  194.78675 5.5698e+01 2.9540e+01     10.687          1       9284    780.588    29.5357    29.5343    780.381    386.792     2.9389     2.7595     0.7082     4.4896     2.6667     0.2845     2.9389          3  0.000e+00
      14.16     0.1548          3   5.400848     -1.181     5.3123   28.75162  -90.29958    202.887    176.965  195.29266  194.78914 5.5698e+01 2.9540e+01     10.638          1       9285    780.685    29.5355    29.5345    780.479    386.833     2.9389     2.7607     0.7082     4.4908     2.6667     0.2845     2.9389          3  0.000e+00
      14.16     0.1559          3   5.400825      0.000     5.3123   28.75162  -90.29958    202.887    176.869  195.29285  194.78933 5.5854e+01 2.9540e+01     10.638          1       9286    780.696    29.5355    29.5345    780.490    386.875     2.9389     2.7595     0.7082     4.4896     2.6679     0.2845     2.9389          3  0.000e+00
      14.16     0.1580          3   5.400940      1.181     5.3123   28.75162  -90.29958    202.785    176.964  195.29192  194.78840 5.5854e+01 2.9540e+01     10.687          1       9287    780.643    29.5355    29.5349    780.435    386.917     2.9377     2.7607     0.7082     4.4872     2.6679     0.2845     2.9377          3  0.000e+00
      14.16     0.1580          3   5.400671 -2.095e-09     5.3123   28.75162  -90.29958    202.890    176.963  195.29498  194.79144 5.5854e+01 2.9540e+01     10.687          1       9288    780.744    29.5351    29.5348    780.536    386.958     2.9389     2.7607     0.7082     4.4872     2.6679     0.2845     2.9389          3  0.000e+00
      14.19     0.1580          3   5.400364     -1.181     5.3123   28.75162  -90.29958    202.995    176.867  195.29926  194.79569 5.5854e+01 2.9539e+01     10.638          1       9289    780.827    29.5344    29.5345    780.622    387.000     2.9402     2.7595     0.7094     4.4872     2.6679     0.2845     2.9402          3  0.000e+00
