ctd/tests/data/CTD/g01mcan06c.ros
* Sea-Bird SBE 9 Data File:
* FileName = D:\CTD DATA\2013\PE13-01 DiMarco\G01MCAN06C.hex
* Software Version Seasave V 7.21g
* Temperature SN = 4515
* Conductivity SN = 3079
* Number of Bytes Per Scan = 40
* Number of Voltage Words = 5
* Number of Scans Averaged by the Deck Unit = 1
* NMEA Latitude = 28 50.98 N
* NMEA Longitude = 090 30.00 W
* NMEA UTC (Time) = Jul 11 2012  14:25:43
* NMEA baud rate = 4800
# nquan = 31
# nvalues = 196                                   
# units = specified
# name 0 = altM: Altimeter [m]
# name 1 = bat: Beam Attenuation, Chelsea/Seatech [1/m]
# name 2 = bpos: Bottle Position in Carousel
# name 3 = c0S/m: Conductivity [S/m]
# name 4 = dz/dtM: Descent Rate [m/s]
# name 5 = wetCDOM: Fluorescence, WET Labs CDOM [mg/m^3]
# name 6 = latitude: Latitude [deg]
# name 7 = longitude: Longitude [deg]
# name 8 = sbeox0Mm/Kg: Oxygen, SBE 43 [umol/kg]
# name 9 = sbeox1Mm/Kg: Oxygen, SBE 43, 2 [umol/kg]
# name 10 = oxsolMm/Kg: Oxygen Saturation, Garcia & Gordon [umol/kg]
# name 11 = oxsatMm/Kg: Oxygen Saturation, Weiss [umol/kg]
# name 12 = par: PAR/Irradiance, Biospherical/Licor
# name 13 = pla: Plume Anomaly
# name 14 = prDM: Pressure, Digiquartz [db]
# name 15 = pumps: Pump Status
# name 16 = scan: Scan Count
# name 17 = sva: Specific Volume Anomaly [10^-8 * m^3/kg]
# name 18 = t090C: Temperature [ITS-90, deg C]
# name 19 = t190C: Temperature, 2 [ITS-90, deg C]
# name 20 = tsa: Thermosteric Anomaly [10^-8 * m^3/kg]
# name 21 = timeS: Time, Elapsed [seconds]
# name 22 = v0: Voltage 0
# name 23 = v1: Voltage 1
# name 24 = v2: Voltage 2
# name 25 = v3: Voltage 3
# name 26 = v4: Voltage 4
# name 27 = v5: Voltage 5
# name 28 = sbeox0V: Oxygen raw, SBE 43 [V]
# name 29 = nbf: Bottles Fired
# name 30 = flag:  0.000e+00
# interval = seconds: 0.0416667
# start_time = Jul 11 2012 14:25:43 [NMEA time, header]
# bad_flag = -9.990e-29
*END*
[from data line 188]
      16.80     0.1963          4   5.285405      0.000     7.3270   28.85158  -90.49982    203.564    177.331  195.78560  195.28027 8.2332e+02 2.9740e+01      0.650          1      10713    851.708    29.7333    29.7336    851.887    446.333     2.9438     2.7619     0.8400     4.4444     3.8364     0.3651     2.9438          4  0.000e+00
      16.80     0.1963          4   5.285535     -0.000     7.3270   28.85158  -90.49982    203.460    177.331  195.78369  195.27838 8.5637e+02 2.9741e+01      0.650          1      10714    851.675    29.7336    29.7335    851.854    446.375     2.9426     2.7619     0.8400     4.4444     3.8535     0.3651     2.9426          4  0.000e+00
      16.80     0.1963          4   5.285558      0.000     7.3575   28.85158  -90.49982    203.460    177.331  195.78389  195.27857 9.2911e+02 2.9740e+01      0.650          1      10715    851.650    29.7335    29.7334    851.830    446.417     2.9426     2.7619     0.8400     4.4444     3.8889     0.3663     2.9426          4  0.000e+00
      16.83     0.1963          4   5.285581      1.350     7.3575   28.85158  -90.49982    203.460    177.332  195.78248  195.27718 9.5025e+02 2.9741e+01      0.706          1      10716    851.685    29.7340    29.7333    851.863    446.458     2.9426     2.7619     0.8413     4.4444     3.8987     0.3663     2.9426          4  0.000e+00
      16.83     0.1963          4   5.285581     -1.350     7.3270   28.85158  -90.49982    203.458    177.235  195.78200  195.27670 9.6641e+02 2.9741e+01      0.650          1      10717    851.698    29.7342    29.7333    851.877    446.500     2.9426     2.7607     0.8413     4.4444     3.9060     0.3651     2.9426          4  0.000e+00
      16.80     0.1919          4   5.285588     -0.000     7.3270   28.85158  -90.49982    203.357    177.235  195.78240  195.27710 1.0252e+03 2.9741e+01      0.650          1      10718    851.678    29.7340    29.7330    851.858    446.542     2.9414     2.7607     0.8400     4.4493     3.9316     0.3651     2.9414          4  0.000e+00
      16.80     0.1865          4   5.285558      1.350     7.3270   28.85158  -90.49982    203.257    177.139  195.78352  195.27821 1.0456e+03 2.9741e+01      0.706          1      10719    851.667    29.7336    29.7336    851.844    446.583     2.9402     2.7595     0.8400     4.4554     3.9402     0.3651     2.9402          4  0.000e+00
      16.83     0.1854          4   5.285604     -0.169     7.3270   28.85158  -90.49982    203.257    177.138  195.78353  195.27822 1.0368e+03 2.9740e+01      0.699          1      10720    851.631    29.7335    29.7342    851.809    446.625     2.9402     2.7595     0.8413     4.4567     3.9365     0.3651     2.9402          4  0.000e+00
