ctd/tests/data/CTD/g01mcan05c.ros
* Sea-Bird SBE 9 Data File:
* FileName = D:\CTD DATA\2013\PE13-01 DiMarco\G01MCAN05C.hex
* Software Version Seasave V 7.21g
* Temperature SN = 4515
* Conductivity SN = 3079
* Number of Bytes Per Scan = 40
* Number of Voltage Words = 5
* Number of Scans Averaged by the Deck Unit = 1
* NMEA Latitude = 28 45.02 N
* NMEA Longitude = 090 17.98 W
* NMEA UTC (Time) = Jul 11 2012  12:49:08
* NMEA baud rate = 4800
# nquan = 31
# nvalues = 245                                   
# units = specified
# name 0 = altM: Altimeter [m]
# name 1 = bat: Beam Attenuation, Chelsea/Seatech [1/m]
# name 2 = bpos: Bottle Position in Carousel
# name 3 = c0S/m: Conductivity [S/m]
# name 4 = dz/dtM: Descent Rate [m/s]
# name 5 = wetCDOM: Fluorescence, WET Labs CDOM [mg/m^3]
# name 6 = latitude: Latitude [deg]
# name 7 = longitude: Longitude [deg]
# name 8 = sbeox0Mm/Kg: Oxygen, SBE 43 [umol/kg]
# name 9 = sbeox1Mm/Kg: Oxygen, SBE 43, 2 [umol/kg]
# name 10 = oxsolMm/Kg: Oxygen Saturation, Garcia & Gordon [umol/kg]
# name 11 = oxsatMm/Kg: Oxygen Saturation, Weiss [umol/kg]
# name 12 = par: PAR/Irradiance, Biospherical/Licor
# name 13 = pla: Plume Anomaly
# name 14 = prDM: Pressure, Digiquartz [db]
# name 15 = pumps: Pump Status
# name 16 = scan: Scan Count
# name 17 = sva: Specific Volume Anomaly [10^-8 * m^3/kg]
# name 18 = t090C: Temperature [ITS-90, deg C]
# name 19 = t190C: Temperature, 2 [ITS-90, deg C]
# name 20 = tsa: Thermosteric Anomaly [10^-8 * m^3/kg]
# name 21 = timeS: Time, Elapsed [seconds]
# name 22 = v0: Voltage 0
# name 23 = v1: Voltage 1
# name 24 = v2: Voltage 2
# name 25 = v3: Voltage 3
# name 26 = v4: Voltage 4
# name 27 = v5: Voltage 5
# name 28 = sbeox0V: Oxygen raw, SBE 43 [V]
# name 29 = nbf: Bottles Fired
# name 30 = flag:  0.000e+00
# interval = seconds: 0.0416667
# start_time = Jul 11 2012 12:49:08 [NMEA time, header]
# bad_flag = -9.990e-29
*END*
       1.44     3.8145          1   5.570158     -1.182     5.5260   28.75132  -90.29962    120.053    103.238  201.04414  200.52748 7.9140e+00 2.6365e+01     24.011          1       6799    432.084    26.3642    26.3677    431.313    283.250     1.9023     1.7900     0.0720     1.8010     1.8193     0.2930     1.9023          1  0.000e+00
       1.47     3.8145          1   5.570049     -0.000     5.5260   28.75132  -90.29962    120.263    103.141  201.04508  200.52841 7.9140e+00 2.6365e+01     24.011          1       6800    432.144    26.3643    26.3658    431.373    283.292     1.9048     1.7888     0.0733     1.8010     1.8193     0.2930     1.9048          1  0.000e+00
       1.47     3.8145          1   5.569932     -0.000     5.5260   28.75132  -90.29962    120.159    103.143  201.04665  200.52998 7.8917e+00 2.6365e+01     24.011          1       6801    432.187    26.3641    26.3640    431.416    283.333     1.9035     1.7888     0.0733     1.8010     1.8181     0.2930     1.9035          1  0.000e+00
       1.47     3.8145          1   5.569846     -0.000     5.5260   28.75132  -90.29962    120.267    103.145  201.05154  200.53487 7.8696e+00 2.6363e+01     24.011          1       6802    432.078    26.3623    26.3626    431.306    283.375     1.9048     1.7888     0.0733     1.8010     1.8168     0.2930     1.9048          1  0.000e+00
       1.47     3.7955          1   5.569745     -0.000     5.5260   28.75132  -90.29962    120.271    103.148  201.05795  200.54128 7.8696e+00 2.6361e+01     24.011          1       6803    431.925    26.3599    26.3604    431.153    283.417     1.9048     1.7888     0.0733     1.8095     1.8168     0.2930     1.9048          1  0.000e+00
       1.47     3.6993          1   5.569597     -0.338     5.5260   28.75132  -90.29962    120.378    103.149  201.06262  200.54595 7.8475e+00 2.6359e+01     23.997          1       6804    431.877    26.3584    26.3597    431.106    283.458     1.9060     1.7888     0.0733     1.8535     1.8156     0.2930     1.9060          1  0.000e+00
       1.47     3.6547          1   5.569488      1.519     5.5260   28.75132  -90.29962    120.382    103.150  201.06784  200.55117 7.8254e+00 2.6358e+01     24.060          1       6805    431.780    26.3566    26.3597    431.007    283.500     1.9060     1.7888     0.0733     1.8742     1.8144     0.2930     1.9060          1  0.000e+00
       1.47     3.6521          1   5.569379     -1.182     5.5260   28.75132  -90.29962    120.489    103.150  201.07133  200.55466 7.8254e+00 2.6356e+01     24.011          1       6806    431.740    26.3555    26.3595    430.969    283.542     1.9072     1.7888     0.0733     1.8755     1.8144     0.2930     1.9072          1  0.000e+00
       1.47     3.6547          1   5.569161      1.181     5.5260   28.75132  -90.29962    120.493    103.051  201.07804  200.56137 7.8254e+00 2.6354e+01     24.060          1       6807    431.682    26.3535    26.3597    430.908    283.583     1.9072     1.7875     0.0733     1.8742     1.8144     0.2930     1.9072          1  0.000e+00
       1.44     3.6573          1   5.568865     -1.182     5.5260   28.75132  -90.29962    120.504    103.049  201.09654  200.57987 7.8035e+00 2.6348e+01     24.011          1       6808    431.239    26.3466    26.3606    430.468    283.625     1.9072     1.7875     0.0720     1.8730     1.8132     0.2930     1.9072          1  0.000e+00
       1.47     3.6573          1   5.568772      1.181     5.5260   28.75132  -90.29962    120.504    103.047  201.09630  200.57963 7.7816e+00 2.6348e+01     24.060          1       6809    431.334    26.3471    26.3620    430.560    283.667     1.9072     1.7875     0.0733     1.8730     1.8120     0.2930     1.9072          1  0.000e+00
       1.44     3.6573          1   5.568873     -0.338     5.5260   28.75132  -90.29962    120.394    102.946  201.08860  200.57192 7.7816e+00 2.6351e+01     24.046          1       6810    431.534    26.3501    26.3637    430.762    283.708     1.9060     1.7863     0.0720     1.8730     1.8120     0.2930     1.9060          1  0.000e+00
       1.42     3.6573          1   5.568437      0.337     5.5260   28.75132  -90.29962    120.510    102.947  201.10650  200.58982 7.7816e+00 2.6345e+01     24.060          1       6811    431.242    26.3440    26.3639    430.469    283.750     1.9072     1.7863     0.0708     1.8730     1.8120     0.2930     1.9072          1  0.000e+00
       1.42     3.6573          1   5.567923     -0.000     5.5260   28.75132  -90.29962    120.524    102.846  201.12931  200.61263 7.7816e+00 2.6337e+01     24.060          1       6812    430.832    26.3361    26.3653    430.059    283.792     1.9072     1.7851     0.0708     1.8730     1.8120     0.2930     1.9072          1  0.000e+00
       1.39     3.6573          1   5.567611     -0.000     5.5260   28.75132  -90.29962    120.532    102.845  201.14283  200.62615 7.7816e+00 2.6332e+01     24.060          1       6813    430.595    26.3315    26.3659    429.822    283.833     1.9072     1.7851     0.0696     1.8730     1.8120     0.2930     1.9072          1  0.000e+00
       1.42     3.6599          1   5.567432     -1.182     5.4955   28.75132  -90.29962    120.536    102.849  201.15019  200.63351 7.7816e+00 2.6330e+01     24.011          1       6814    430.470    26.3290    26.3629    429.699    283.875     1.9072     1.7851     0.0708     1.8718     1.8120     0.2918     1.9072          1  0.000e+00
       1.39     3.6573          1   5.567354      1.181     5.5260   28.75132  -90.29962    120.643    102.755  201.15343  200.63675 7.7597e+00 2.6329e+01     24.060          1       6815    430.420    26.3279    26.3604    429.647    283.917     1.9084     1.7839     0.0696     1.8730     1.8107     0.2930     1.9084          1  0.000e+00
       1.39     3.6573          1   5.567323     -0.338     5.5260   28.75132  -90.29962    120.538    102.757  201.15388  200.63720 7.7816e+00 2.6329e+01     24.046          1       6816    430.430    26.3279    26.3586    429.657    283.958     1.9072     1.7839     0.0696     1.8730     1.8120     0.2930     1.9072          1  0.000e+00
       1.39     3.6573          1   5.567300      0.337     5.5260   28.75132  -90.29962    120.644    102.660  201.15434  200.63766 7.7597e+00 2.6329e+01     24.060          1       6817    430.434    26.3278    26.3566    429.660    284.000     1.9084     1.7827     0.0696     1.8730     1.8107     0.2930     1.9084          1  0.000e+00
       1.39     3.6573          1   5.567347     -0.000     5.5260   28.75132  -90.29962    120.538    102.659  201.15350  200.63683 7.7379e+00 2.6329e+01     24.060          1       6818    430.424    26.3279    26.3573    429.651    284.042     1.9072     1.7827     0.0696     1.8730     1.8095     0.2930     1.9072          1  0.000e+00
       1.39     3.6573          1   5.567417     -0.000     5.5260   28.75132  -90.29962    120.642    102.659  201.15052  200.63384 7.7597e+00 2.6330e+01     24.060          1       6819    430.476    26.3289    26.3579    429.702    284.083     1.9084     1.7827     0.0696     1.8730     1.8107     0.2930     1.9084          1  0.000e+00
       1.39     3.6573          1   5.567728     -0.000     5.5260   28.75132  -90.29962    120.634    102.658  201.13820  200.62152 7.7379e+00 2.6334e+01     24.060          1       6820    430.667    26.3331    26.3580    429.894    284.125     1.9084     1.7827     0.0696     1.8730     1.8095     0.2930     1.9084          1  0.000e+00
       1.37     3.6547          1   5.567985     -0.000     5.5260   28.75132  -90.29962    120.628    102.560  201.12832  200.61165 7.7379e+00 2.6337e+01     24.060          1       6821    430.815    26.3363    26.3575    430.041    284.167     1.9084     1.7814     0.0684     1.8742     1.8095     0.2930     1.9084          1  0.000e+00
       1.37     3.6573          1   5.568203      1.181     5.5260   28.75132  -90.29962    120.520    102.563  201.12148  200.60481 7.7379e+00 2.6339e+01     24.109          1       6822    430.886    26.3384    26.3558    430.110    284.208     1.9072     1.7814     0.0684     1.8730     1.8095     0.2930     1.9072          1  0.000e+00
       1.37     3.6573          1   5.568281     -2.701     5.5260   28.75132  -90.29962    120.413    102.464  201.12135  200.60469 7.7379e+00 2.6339e+01     23.996          1       6823    430.814    26.3381    26.3547    430.043    284.250     1.9060     1.7802     0.0684     1.8730     1.8095     0.2930     1.9060          1  0.000e+00
       1.37     3.5440          1   5.568374      1.519     5.5260   28.75132  -90.29962    120.516    102.466  201.11657  200.59990 7.7162e+00 2.6341e+01     24.060          1       6824    430.917    26.3399    26.3546    430.144    284.292     1.9072     1.7802     0.0684     1.9267     1.8083     0.2930     1.9072          1  0.000e+00
       1.34     3.4760          1   5.568452 -2.095e-09     5.5260   28.75132  -90.29962    120.617    102.469  201.10885  200.59217 7.7162e+00 2.6344e+01     24.060          1       6825    431.140    26.3429    26.3529    430.367    284.333     1.9084     1.7802     0.0672     1.9597     1.8083     0.2930     1.9084          1  0.000e+00
       1.34     3.4660          1   5.568592     -0.000     5.5260   28.75132  -90.29962    120.508    102.373  201.10215  200.58548 7.7162e+00 2.6346e+01     24.060          1       6826    431.270    26.3453    26.3502    430.496    284.375     1.9072     1.7790     0.0672     1.9646     1.8083     0.2930     1.9072          1  0.000e+00
       1.37     3.4710          1   5.568873     -0.000     5.5260   28.75132  -90.29962    120.501    102.377  201.09110  200.57442 7.7379e+00 2.6350e+01     24.060          1       6827    431.441    26.3490    26.3471    430.668    284.417     1.9072     1.7790     0.0684     1.9621     1.8095     0.2930     1.9072          1  0.000e+00
       1.34     3.4760          1   5.569184     -0.000     5.5260   28.75132  -90.29962    120.388    102.282  201.07694  200.56026 7.7379e+00 2.6355e+01     24.060          1       6828    431.703    26.3539    26.3452    430.929    284.458     1.9060     1.7778     0.0672     1.9597     1.8095     0.2930     1.9060          1  0.000e+00
       1.34     3.4735          1   5.569410     -0.338     5.5260   28.75132  -90.29962    120.488    102.284  201.06896  200.55229 7.7162e+00 2.6357e+01     24.046          1       6829    431.805    26.3564    26.3438    431.032    284.500     1.9072     1.7778     0.0672     1.9609     1.8083     0.2930     1.9072          1  0.000e+00
       1.32     3.4760          1   5.569620      0.337     5.5260   28.75132  -90.29962    120.380    102.289  201.06331  200.54664 7.7162e+00 2.6359e+01     24.060          1       6830    431.835    26.3581    26.3401    431.062    284.542     1.9060     1.7778     0.0659     1.9597     1.8083     0.2930     1.9060          1  0.000e+00
       1.32     3.4760          1   5.569652     -0.000     5.5260   28.75132  -90.29962    120.377    102.193  201.05965  200.54297 7.7162e+00 2.6360e+01     24.060          1       6831    431.946    26.3595    26.3376    431.173    284.583     1.9060     1.7766     0.0659     1.9597     1.8083     0.2930     1.9060          1  0.000e+00
       1.32     3.4735          1   5.569511     -0.000     5.5260   28.75132  -90.29962    120.275    102.195  201.06473  200.54806 7.6514e+00 2.6359e+01     24.060          1       6832    431.877    26.3579    26.3363    431.104    284.625     1.9048     1.7766     0.0659     1.9609     1.8046     0.2930     1.9048          1  0.000e+00
       1.32     3.4760          1   5.569379     -0.000     5.5260   28.75132  -90.29962    120.174    102.098  201.07014  200.55347 7.7379e+00 2.6357e+01     24.060          1       6833    431.789    26.3561    26.3352    431.015    284.667     1.9035     1.7753     0.0659     1.9597     1.8095     0.2930     1.9035          1  0.000e+00
       1.34     3.4760          1   5.569161 -2.095e-09     5.5260   28.75132  -90.29962    120.389    102.001  201.07885  200.56217 7.7379e+00 2.6354e+01     24.060          1       6834    431.651    26.3531    26.3341    430.878    284.708     1.9060     1.7741     0.0672     1.9597     1.8095     0.2930     1.9060          1  0.000e+00
       1.32     3.4760          1   5.568974     -0.338     5.5260   28.75132  -90.29962    120.289    102.002  201.08725  200.57058 7.7379e+00 2.6351e+01     24.046          1       6835    431.497    26.3502    26.3332    430.724    284.750     1.9048     1.7741     0.0659     1.9597     1.8095     0.2930     1.9048          1  0.000e+00
       1.32     3.4735          1   5.568842      0.337     5.5260   28.75132  -90.29962    120.293    101.905  201.09348  200.57680 7.7379e+00 2.6349e+01     24.060          1       6836    431.379    26.3481    26.3319    430.606    284.792     1.9048     1.7729     0.0659     1.9609     1.8095     0.2930     1.9048          1  0.000e+00
       1.32     3.4760          1   5.568779     -1.182     5.6481   28.75132  -90.29962    120.189    101.904  201.09790  200.58123 7.7379e+00 2.6347e+01     24.010          1       6837    431.263    26.3464    26.3321    430.492    284.833     1.9035     1.7729     0.0659     1.9597     1.8095     0.2979     1.9035          1  0.000e+00
       1.32     3.4760          1   5.568725      1.181     5.7092   28.75132  -90.29962    120.192    101.705  201.10052  200.58384 7.7379e+00 2.6346e+01     24.060          1       6838    431.216    26.3455    26.3330    430.442    284.875     1.9035     1.7705     0.0659     1.9597     1.8095     0.3004     1.9035          1  0.000e+00
       1.34     3.4710          1   5.568966     -0.000     5.7092   28.75132  -90.29962    120.289    101.604  201.08773  200.57106 7.7379e+00 2.6351e+01     24.060          1       6839    431.486    26.3501    26.3349    430.713    284.917     1.9048     1.7692     0.0672     1.9621     1.8095     0.3004     1.9048          1  0.000e+00
       1.34     3.4735          1   5.569410     -1.182     5.7092   28.75132  -90.29962    120.171    101.501  201.06646  200.54978 7.7379e+00 2.6358e+01     24.010          1       6840    431.897    26.3575    26.3374    431.125    284.958     1.9035     1.7680     0.0672     1.9609     1.8095     0.3004     1.9035          1  0.000e+00
       1.32     3.4735          1   5.569792      2.363     5.7092   28.75132  -90.29962    120.059    101.400  201.05338  200.53670 7.7379e+00 2.6363e+01     24.109          1       6841    432.064    26.3617    26.3401    431.288    285.000     1.9023     1.7668     0.0659     1.9609     1.8095     0.3004     1.9023          1  0.000e+00
       1.32     3.4735          1   5.569909     -2.701     5.7092   28.75132  -90.29962    120.160    101.297  201.04847  200.53180 7.7379e+00 2.6364e+01     23.996          1       6842    432.138    26.3634    26.3418    431.367    285.042     1.9035     1.7656     0.0659     1.9609     1.8095     0.3004     1.9035          1  0.000e+00
       1.32     3.4760          1   5.569909      0.338     5.7092   28.75132  -90.29962    120.055    101.198  201.04807  200.53140 7.7162e+00 2.6364e+01     24.010          1       6843    432.154    26.3635    26.3425    431.383    285.083     1.9023     1.7643     0.0659     1.9597     1.8083     0.3004     1.9023          1  0.000e+00
       1.34     3.4412          1   5.569885     -0.000     5.7092   28.75132  -90.29962    120.056    101.099  201.04909  200.53242 7.7597e+00 2.6364e+01     24.010          1       6844    432.136    26.3632    26.3428    431.364    285.125     1.9023     1.7631     0.0672     1.9768     1.8107     0.3004     1.9023          1  0.000e+00
