ctd/tests/data/CTD/g01mcan06c.ros
* Sea-Bird SBE 9 Data File:
* FileName = D:\CTD DATA\2013\PE13-01 DiMarco\G01MCAN06C.hex
* Software Version Seasave V 7.21g
* Temperature SN = 4515
* Conductivity SN = 3079
* Number of Bytes Per Scan = 40
* Number of Voltage Words = 5
* Number of Scans Averaged by the Deck Unit = 1
* NMEA Latitude = 28 50.98 N
* NMEA Longitude = 090 30.00 W
* NMEA UTC (Time) = Jul 11 2012  14:25:43
* NMEA baud rate = 4800
# nquan = 31
# nvalues = 196                                   
# units = specified
# name 0 = altM: Altimeter [m]
# name 1 = bat: Beam Attenuation, Chelsea/Seatech [1/m]
# name 2 = bpos: Bottle Position in Carousel
# name 3 = c0S/m: Conductivity [S/m]
# name 4 = dz/dtM: Descent Rate [m/s]
# name 5 = wetCDOM: Fluorescence, WET Labs CDOM [mg/m^3]
# name 6 = latitude: Latitude [deg]
# name 7 = longitude: Longitude [deg]
# name 8 = sbeox0Mm/Kg: Oxygen, SBE 43 [umol/kg]
# name 9 = sbeox1Mm/Kg: Oxygen, SBE 43, 2 [umol/kg]
# name 10 = oxsolMm/Kg: Oxygen Saturation, Garcia & Gordon [umol/kg]
# name 11 = oxsatMm/Kg: Oxygen Saturation, Weiss [umol/kg]
# name 12 = par: PAR/Irradiance, Biospherical/Licor
# name 13 = pla: Plume Anomaly
# name 14 = prDM: Pressure, Digiquartz [db]
# name 15 = pumps: Pump Status
# name 16 = scan: Scan Count
# name 17 = sva: Specific Volume Anomaly [10^-8 * m^3/kg]
# name 18 = t090C: Temperature [ITS-90, deg C]
# name 19 = t190C: Temperature, 2 [ITS-90, deg C]
# name 20 = tsa: Thermosteric Anomaly [10^-8 * m^3/kg]
# name 21 = timeS: Time, Elapsed [seconds]
# name 22 = v0: Voltage 0
# name 23 = v1: Voltage 1
# name 24 = v2: Voltage 2
# name 25 = v3: Voltage 3
# name 26 = v4: Voltage 4
# name 27 = v5: Voltage 5
# name 28 = sbeox0V: Oxygen raw, SBE 43 [V]
# name 29 = nbf: Bottles Fired
# name 30 = flag:  0.000e+00
# interval = seconds: 0.0416667
# start_time = Jul 11 2012 14:25:43 [NMEA time, header]
# bad_flag = -9.990e-29
*END*
[from data line 94]
       7.99     0.1722          2   5.349271     -1.181     6.8386   28.85124  -90.49994    203.705    177.493  195.31049  194.80769 1.2730e+02 2.9718e+01     10.059          1       8311    819.901    29.7137    29.7147    819.722    346.250     2.9487     2.7668     0.3993     4.4713     3.0256     0.3455     2.9487          2  0.000e+00
       7.99     0.1722          2   5.351438     -0.000     6.8386   28.85124  -90.49994    203.790    177.491  195.29444  194.79172 1.2658e+02 2.9718e+01     10.059          1       8312    818.796    29.7130    29.7149    818.617    346.292     2.9499     2.7668     0.3993     4.4713     3.0232     0.3455     2.9499          2  0.000e+00
       8.03     0.1711          2   5.352947     -0.000     6.8691   28.85124  -90.49994    203.777    177.480  195.28231  194.77967 1.2658e+02 2.9718e+01     10.059          1       8313    818.060    29.7129    29.7141    817.881    346.333     2.9499     2.7668     0.4017     4.4725     3.0232     0.3468     2.9499          2  0.000e+00
       8.03     0.1722          2   5.353300     -0.000     6.8386   28.85124  -90.49994    203.774    177.468  195.27920  194.77657 1.2552e+02 2.9718e+01     10.059          1       8314    817.898    29.7130    29.7134    817.719    346.375     2.9499     2.7668     0.4017     4.4713     3.0195     0.3455     2.9499          2  0.000e+00
      12.38     0.1930          3   5.283359     -4.893     7.3270   28.85140  -90.49988    204.146    178.540  195.84445  195.33871 3.0007e+02 2.9721e+01      5.280          1       9407    851.554    29.7156    29.7153    851.559    391.917     2.9487     2.7753     0.6190     4.4481     3.3980     0.3651     2.9487          3  0.000e+00
      12.38     0.1930          3   5.283351      1.181     7.3270   28.85140  -90.49988    204.147    178.541  195.84437  195.33864 2.9923e+02 2.9721e+01      5.329          1       9408    851.566    29.7157    29.7154    851.569    391.958     2.9487     2.7753     0.6190     4.4481     3.3968     0.3651     2.9487          3  0.000e+00
      12.41     0.1919          3   5.283412 1.0477e-09     7.3575   28.85140  -90.49988    204.146    178.542  195.84403  195.33829 3.0176e+02 2.9721e+01      5.329          1       9409    851.531    29.7156    29.7152    851.535    392.000     2.9487     2.7753     0.6203     4.4493     3.4005     0.3663     2.9487          3  0.000e+00
      12.38     0.1930          3   5.283351      1.181     7.3270   28.85140  -90.49988    204.148    178.543  195.84454  195.33880 3.0432e+02 2.9721e+01      5.379          1       9410    851.563    29.7156    29.7149    851.565    392.042     2.9487     2.7753     0.6190     4.4481     3.4042     0.3651     2.9487          3  0.000e+00
      12.38     0.1919          3   5.283374     -1.181     7.3270   28.85140  -90.49988    204.147    178.543  195.84504  195.33929 3.0432e+02 2.9721e+01      5.329          1       9411    851.525    29.7153    29.7149    851.529    392.083     2.9487     2.7753     0.6190     4.4493     3.4042     0.3651     2.9487          3  0.000e+00
      12.41     0.1919          3   5.283404     -0.000     7.2965   28.85140  -90.49988    204.249    178.542  195.84456  195.33882 3.0261e+02 2.9721e+01      5.329          1       9412    851.519    29.7154    29.7150    851.522    392.125     2.9499     2.7753     0.6203     4.4493     3.4017     0.3639     2.9499          3  0.000e+00
      12.41     0.1919          3   5.283427      0.000     7.2965   28.85140  -90.49988    204.249    178.638  195.84460  195.33886 3.0261e+02 2.9721e+01      5.329          1       9413    851.500    29.7153    29.7152    851.503    392.167     2.9499     2.7766     0.6203     4.4493     3.4017     0.3639     2.9499          3  0.000e+00
      12.41     0.1919          3   5.283351     -0.000     7.2965   28.85140  -90.49988    204.147    178.638  195.84453  195.33879 3.0261e+02 2.9721e+01      5.329          1       9414    851.560    29.7156    29.7152    851.564    392.208     2.9487     2.7766     0.6203     4.4493     3.4017     0.3639     2.9487          3  0.000e+00
      12.41     0.1930          3   5.283404     -0.000     7.2965   28.85140  -90.49988    204.146    178.639  195.84409  195.33835 3.0347e+02 2.9721e+01      5.329          1       9415    851.535    29.7156    29.7149    851.538    392.250     2.9487     2.7766     0.6203     4.4481     3.4029     0.3639     2.9487          3  0.000e+00
      12.41     0.1930          3   5.283366      0.000     7.2965   28.85140  -90.49988    204.147    178.735  195.84471  195.33897 3.0604e+02 2.9721e+01      5.329          1       9416    851.542    29.7155    29.7149    851.546    392.292     2.9487     2.7778     0.6203     4.4481     3.4066     0.3639     2.9487          3  0.000e+00
      12.41     0.1930          3   5.283359 -1.048e-09     7.3270   28.85140  -90.49988    204.044    178.735  195.84408  195.33834 3.0690e+02 2.9722e+01      5.329          1       9417    851.570    29.7158    29.7150    851.574    392.333     2.9475     2.7778     0.6203     4.4481     3.4078     0.3651     2.9475          3  0.000e+00
      12.41     0.1930          3   5.283412      1.181     7.2965   28.85140  -90.49988    204.147    178.639  195.84366  195.33792 3.1037e+02 2.9722e+01      5.379          1       9418    851.547    29.7158    29.7150    851.549    392.375     2.9487     2.7766     0.6203     4.4481     3.4127     0.3639     2.9487          3  0.000e+00
      12.41     0.1919          3   5.283480     -1.181     7.3270   28.85140  -90.49988    204.144    178.639  195.84207  195.33635 3.2102e+02 2.9722e+01      5.329          1       9419    851.546    29.7162    29.7150    851.549    392.417     2.9487     2.7766     0.6203     4.4493     3.4274     0.3651     2.9487          3  0.000e+00
      12.41     0.1919          3   5.283450     -1.350     7.2965   28.85140  -90.49988    204.143    178.635  195.84200  195.33628 3.2374e+02 2.9722e+01      5.273          1       9420    851.568    29.7163    29.7156    851.574    392.458     2.9487     2.7766     0.6203     4.4493     3.4310     0.3639     2.9487          3  0.000e+00
      12.43     0.1919          3   5.283481      2.531     7.2965   28.85140  -90.49988    204.249    178.632  195.84294  195.33721 3.2648e+02 2.9722e+01      5.379          1       9421    851.519    29.7158    29.7175    851.521    392.500     2.9499     2.7766     0.6215     4.4493     3.4347     0.3639     2.9499          3  0.000e+00
      12.43     0.1930          3   5.283450     -2.362     7.2965   28.85140  -90.49988    204.144    178.628  195.84246  195.33674 3.3673e+02 2.9722e+01      5.280          1       9422    851.553    29.7161    29.7184    851.558    392.542     2.9487     2.7766     0.6215     4.4481     3.4481     0.3639     2.9487          3  0.000e+00
      12.43     0.1930          3   5.283435      1.181     7.2965   28.85140  -90.49988    204.145    178.628  195.84299  195.33726 3.4150e+02 2.9722e+01      5.329          1       9423    851.549    29.7160    29.7188    851.553    392.583     2.9487     2.7766     0.6215     4.4481     3.4542     0.3639     2.9487          3  0.000e+00
      12.43     0.1919          3   5.283480     -1.350     7.3270   28.85140  -90.49988    204.245    178.626  195.84206  195.33633 3.4150e+02 2.9722e+01      5.273          1       9424    851.543    29.7162    29.7191    851.548    392.625     2.9499     2.7766     0.6215     4.4493     3.4542     0.3651     2.9499          3  0.000e+00
      12.43     0.1930          3   5.283412      1.350     7.2965   28.85140  -90.49988    204.146    178.627  195.84318  195.33745 3.4439e+02 2.9722e+01      5.329          1       9425    851.560    29.7160    29.7191    851.564    392.667     2.9487     2.7766     0.6215     4.4481     3.4579     0.3639     2.9487          3  0.000e+00
      12.45     0.1952          3   5.283404     -1.181     7.3270   28.85140  -90.49988    204.246    178.628  195.84323  195.33750 3.4634e+02 2.9722e+01      5.280          1       9426    851.561    29.7160    29.7184    851.567    392.708     2.9499     2.7766     0.6227     4.4457     3.4603     0.3651     2.9499          3  0.000e+00
      12.43     0.1963          3   5.283427      1.181     7.2965   28.85140  -90.49988    204.247    178.631  195.84290  195.33717 3.4634e+02 2.9722e+01      5.329          1       9427    851.558    29.7160    29.7178    851.562    392.750     2.9499     2.7766     0.6215     4.4444     3.4603     0.3639     2.9499          3  0.000e+00
      12.43     0.1963          3   5.283450     -1.181     7.2965   28.85140  -90.49988    204.245    178.628  195.84200  195.33628 3.4731e+02 2.9722e+01      5.280          1       9428    851.568    29.7163    29.7182    851.574    392.792     2.9499     2.7766     0.6215     4.4444     3.4615     0.3639     2.9499          3  0.000e+00
      12.45     0.1963          3   5.283435 -1.048e-09     7.2965   28.85140  -90.49988    204.246    178.628  195.84259  195.33686 3.4829e+02 2.9722e+01      5.280          1       9429    851.560    29.7161    29.7186    851.565    392.833     2.9499     2.7766     0.6227     4.4444     3.4628     0.3639     2.9499          3  0.000e+00
      12.43     0.1963          3   5.283397      0.000     7.3270   28.85140  -90.49988    204.246    178.532  195.84275  195.33702 3.4829e+02 2.9722e+01      5.280          1       9430    851.584    29.7162    29.7184    851.589    392.875     2.9499     2.7753     0.6215     4.4444     3.4628     0.3651     2.9499          3  0.000e+00
      12.45     0.1952          3   5.283473     -0.169     7.2965   28.85140  -90.49988    204.245    178.535  195.84228  195.33655 3.3485e+02 2.9722e+01      5.273          1       9431    851.541    29.7161    29.7171    851.547    392.917     2.9499     2.7753     0.6227     4.4457     3.4457     0.3639     2.9499          3  0.000e+00
      12.45     0.1963          3   5.283480      0.169     7.2965   28.85140  -90.49988    204.143    178.536  195.84206  195.33634 3.2648e+02 2.9722e+01      5.280          1       9432    851.543    29.7162    29.7167    851.549    392.958     2.9487     2.7753     0.6227     4.4444     3.4347     0.3639     2.9487          3  0.000e+00
      12.45     0.1974          3   5.283496     -0.000     7.2965   28.85140  -90.49988    204.142    178.535  195.84124  195.33552 3.2465e+02 2.9722e+01      5.280          1       9433    851.560    29.7165    29.7169    851.565    393.000     2.9487     2.7753     0.6227     4.4432     3.4322     0.3639     2.9487          3  0.000e+00
      12.45     0.1963          3   5.283618     -1.350     7.2965   28.85140  -90.49988    204.137    178.531  195.83759  195.33190 3.2192e+02 2.9724e+01      5.224          1       9434    851.588    29.7176    29.7180    851.596    393.042     2.9487     2.7753     0.6227     4.4444     3.4286     0.3639     2.9487          3  0.000e+00
      12.45     0.1963          3   5.283739      1.181     7.2965   28.85140  -90.49988    204.237    178.531  195.83436  195.32870 3.1922e+02 2.9724e+01      5.273          1       9435    851.610    29.7186    29.7187    851.615    393.083     2.9499     2.7753     0.6227     4.4444     3.4249     0.3639     2.9499          3  0.000e+00
      12.48     0.1963          3   5.283747     -1.181     7.3270   28.85140  -90.49988    204.133    178.529  195.83359  195.32793 3.1832e+02 2.9725e+01      5.224          1       9436    851.627    29.7189    29.7187    851.635    393.125     2.9487     2.7753     0.6239     4.4444     3.4237     0.3651     2.9487          3  0.000e+00
      12.48     0.1963          3   5.283747      1.350     7.2965   28.85140  -90.49988    204.133    178.531  195.83229  195.32664 3.1565e+02 2.9725e+01      5.280          1       9437    851.676    29.7195    29.7184    851.681    393.167     2.9487     2.7753     0.6239     4.4444     3.4200     0.3639     2.9487          3  0.000e+00
      12.48     0.1963          3   5.283793     -1.350     7.3575   28.85140  -90.49988    204.130    178.529  195.83090  195.32525 3.1300e+02 2.9726e+01      5.224          1       9438    851.685    29.7199    29.7187    851.693    393.208     2.9487     2.7753     0.6239     4.4444     3.4164     0.3663     2.9487          3  0.000e+00
      12.48     0.1963          3   5.283785     -0.000     7.3575   28.85140  -90.49988    204.131    178.530  195.83196  195.32631 3.1212e+02 2.9725e+01      5.224          1       9439    851.654    29.7195    29.7184    851.662    393.250     2.9487     2.7753     0.6239     4.4444     3.4151     0.3663     2.9487          3  0.000e+00
      12.48     0.1963          3   5.283739      1.350     7.3575   28.85140  -90.49988    204.236    178.435  195.83305  195.32739 3.1388e+02 2.9725e+01      5.280          1       9440    851.655    29.7192    29.7184    851.661    393.292     2.9499     2.7741     0.6239     4.4444     3.4176     0.3663     2.9499          3  0.000e+00
      12.48     0.1963          3   5.283701     -1.350     7.3880   28.85140  -90.49988    204.133    178.433  195.83350  195.32784 3.1654e+02 2.9725e+01      5.224          1       9441    851.665    29.7191    29.7186    851.673    393.333     2.9487     2.7741     0.6239     4.4444     3.4212     0.3675     2.9487          3  0.000e+00
      12.48     0.1963          3   5.283678      1.181     7.3575   28.85140  -90.49988    204.237    178.433  195.83455  195.32889 3.1832e+02 2.9725e+01      5.273          1       9442    851.650    29.7188    29.7189    851.655    393.375     2.9499     2.7741     0.6239     4.4444     3.4237     0.3663     2.9499          3  0.000e+00
      12.48     0.1963          3   5.283694     -1.181     7.3880   28.85140  -90.49988    204.237    178.527  195.83511  195.32944 3.1743e+02 2.9724e+01      5.224          1       9443    851.616    29.7185    29.7195    851.623    393.417     2.9499     2.7753     0.6239     4.4444     3.4225     0.3675     2.9499          3  0.000e+00
      12.48     0.1963          3   5.283602     -0.000     7.3575   28.85140  -90.49988    204.239    178.429  195.83772  195.33203 3.1388e+02 2.9724e+01      5.224          1       9444    851.596    29.7176    29.7201    851.603    393.458     2.9499     2.7741     0.6239     4.4444     3.4176     0.3663     2.9499          3  0.000e+00
      12.50     0.1963          3   5.283618      1.350     7.3880   28.85140  -90.49988    204.343    178.527  195.83838  195.33269 3.1300e+02 2.9723e+01      5.280          1       9445    851.565    29.7173    29.7201    851.570    393.500     2.9512     2.7753     0.6252     4.4444     3.4164     0.3675     2.9512          3  0.000e+00
      12.50     0.1952          3   5.283717     -2.531     7.3575   28.85140  -90.49988    204.234    178.525  195.83336  195.32770 3.1212e+02 2.9725e+01      5.175          1       9446    851.655    29.7191    29.7201    851.664    393.542     2.9499     2.7753     0.6252     4.4457     3.4151     0.3663     2.9499          3  0.000e+00
      12.50     0.1919          3   5.283793      2.531     7.3880   28.85140  -90.49988    204.335    178.528  195.83022  195.32458 3.0863e+02 2.9726e+01      5.280          1       9447    851.712    29.7202    29.7199    851.718    393.583     2.9512     2.7753     0.6252     4.4493     3.4103     0.3675     2.9512          3  0.000e+00
      12.50     0.1919          3   5.283854     -1.350     7.3575   28.85140  -90.49988    204.332    178.525  195.82869  195.32307 3.0776e+02 2.9727e+01      5.224          1       9448    851.714    29.7207    29.7208    851.722    393.625     2.9512     2.7753     0.6252     4.4493     3.4090     0.3663     2.9512          3  0.000e+00
