ctd/tests/data/CTD/g01mcan05c.ros
* Sea-Bird SBE 9 Data File:
* FileName = D:\CTD DATA\2013\PE13-01 DiMarco\G01MCAN05C.hex
* Software Version Seasave V 7.21g
* Temperature SN = 4515
* Conductivity SN = 3079
* Number of Bytes Per Scan = 40
* Number of Voltage Words = 5
* Number of Scans Averaged by the Deck Unit = 1
* NMEA Latitude = 28 45.02 N
* NMEA Longitude = 090 17.98 W
* NMEA UTC (Time) = Jul 11 2012  12:49:08
* NMEA baud rate = 4800
# nquan = 31
# nvalues = 245                                   
# units = specified
# name 0 = altM: Altimeter [m]
# name 1 = bat: Beam Attenuation, Chelsea/Seatech [1/m]
# name 2 = bpos: Bottle Position in Carousel
# name 3 = c0S/m: Conductivity [S/m]
# name 4 = dz/dtM: Descent Rate [m/s]
# name 5 = wetCDOM: Fluorescence, WET Labs CDOM [mg/m^3]
# name 6 = latitude: Latitude [deg]
# name 7 = longitude: Longitude [deg]
# name 8 = sbeox0Mm/Kg: Oxygen, SBE 43 [umol/kg]
# name 9 = sbeox1Mm/Kg: Oxygen, SBE 43, 2 [umol/kg]
# name 10 = oxsolMm/Kg: Oxygen Saturation, Garcia & Gordon [umol/kg]
# name 11 = oxsatMm/Kg: Oxygen Saturation, Weiss [umol/kg]
# name 12 = par: PAR/Irradiance, Biospherical/Licor
# name 13 = pla: Plume Anomaly
# name 14 = prDM: Pressure, Digiquartz [db]
# name 15 = pumps: Pump Status
# name 16 = scan: Scan Count
# name 17 = sva: Specific Volume Anomaly [10^-8 * m^3/kg]
# name 18 = t090C: Temperature [ITS-90, deg C]
# name 19 = t190C: Temperature, 2 [ITS-90, deg C]
# name 20 = tsa: Thermosteric Anomaly [10^-8 * m^3/kg]
# name 21 = timeS: Time, Elapsed [seconds]
# name 22 = v0: Voltage 0
# name 23 = v1: Voltage 1
# name 24 = v2: Voltage 2
# name 25 = v3: Voltage 3
# name 26 = v4: Voltage 4
# name 27 = v5: Voltage 5
# name 28 = sbeox0V: Oxygen raw, SBE 43 [V]
# name 29 = nbf: Bottles Fired
# name 30 = flag:  0.000e+00
# interval = seconds: 0.0416667
# start_time = Jul 11 2012 12:49:08 [NMEA time, header]
# bad_flag = -9.990e-29
*END*
[from data line 47]
       1.34     3.4067          1   5.569652     -1.182     5.7092   28.75132  -90.29962    119.955    100.797  201.05625  200.53958 7.7816e+00 2.6362e+01     24.010          1       6846    432.070    26.3610    26.3462    431.299    285.208     1.9011     1.7595     0.0672     1.9939     1.8120     0.3004     1.9011          1  0.000e+00
       1.32     3.4091          1   5.569566      1.181     5.7092   28.75132  -90.29962    119.853    100.696  201.05964  200.54296 7.7816e+00 2.6361e+01     24.060          1       6847    432.021    26.3599    26.3484    431.248    285.250     1.8999     1.7582     0.0659     1.9927     1.8120     0.3004     1.8999          1  0.000e+00
       9.57     0.1700          2   5.486618      0.169     5.4650   28.75150  -90.29960    183.870    160.363  196.07316  195.56399 3.2010e+01 2.8879e+01     15.425          1       8190    685.296    28.8754    28.8737    684.893    341.208     2.7009     2.5421     0.4786     4.4737     2.4261     0.2906     2.7009          2  0.000e+00
       9.55     0.1700          2   5.486603      2.363     5.4650   28.75150  -90.29960    183.772    160.460  196.07540  195.56622 3.1921e+01 2.8878e+01     15.524          1       8191    685.234    28.8745    28.8743    684.828    341.250     2.6996     2.5433     0.4774     4.4737     2.4249     0.2906     2.6996          2  0.000e+00
       9.57     0.1700          2   5.486626     -1.182     5.4650   28.75150  -90.29960    183.875    160.460  196.07733  195.56814 3.1831e+01 2.8877e+01     15.474          1       8192    685.142    28.8735    28.8746    684.737    341.292     2.7009     2.5433     0.4786     4.4737     2.4237     0.2906     2.7009          2  0.000e+00
       9.57     0.1700          2   5.486603      1.181     5.4650   28.75150  -90.29960    183.877    160.460  196.07831  195.56912 3.1742e+01 2.8876e+01     15.524          1       8193    685.128    28.8732    28.8748    684.721    341.333     2.7009     2.5433     0.4786     4.4737     2.4225     0.2906     2.7009          2  0.000e+00
       9.60     0.1700          2   5.486657     -1.182     5.4650   28.75150  -90.29960    183.876    160.555  196.07830  195.56910 3.1742e+01 2.8876e+01     15.474          1       8194    685.082    28.8730    28.8748    684.677    341.375     2.7009     2.5446     0.4799     4.4737     2.4225     0.2906     2.7009          2  0.000e+00
       9.57     0.1711          2   5.486649     -0.000     5.4650   28.75150  -90.29960    183.774    160.556  196.07875  195.56955 3.1742e+01 2.8876e+01     15.474          1       8195    685.071    28.8728    28.8745    684.667    341.417     2.6996     2.5446     0.4786     4.4725     2.4225     0.2906     2.6996          2  0.000e+00
       9.60     0.1700          2   5.486665      1.181     5.4650   28.75150  -90.29960    183.878    160.653  196.07863  195.56944 3.1652e+01 2.8876e+01     15.524          1       8196    685.067    28.8728    28.8743    684.660    341.458     2.7009     2.5458     0.4799     4.4737     2.4212     0.2906     2.7009          2  0.000e+00
       9.60     0.1668          2   5.486649      1.181     5.4650   28.75150  -90.29960    183.879    160.655  196.07878  195.56958 3.1652e+01 2.8876e+01     15.573          1       8197    685.077    28.8728    28.8739    684.669    341.500     2.7009     2.5458     0.4799     4.4774     2.4212     0.2906     2.7009          2  0.000e+00
       9.57     0.1646          2   5.486603     -1.182     5.4650   28.75150  -90.29960    183.878    160.654  196.07877  195.56957 3.1652e+01 2.8876e+01     15.524          1       8198    685.111    28.8730    28.8739    684.705    341.542     2.7009     2.5458     0.4786     4.4799     2.4212     0.2906     2.7009          2  0.000e+00
       9.60     0.1635          2   5.486626     -1.181     5.4650   28.75150  -90.29960    183.979    160.749  196.07856  195.56936 3.1652e+01 2.8876e+01     15.474          1       8199    685.097    28.8730    28.8743    684.692    341.583     2.7021     2.5470     0.4799     4.4811     2.4212     0.2906     2.7021          2  0.000e+00
       9.57     0.1635          2   5.486603      1.181     5.4650   28.75150  -90.29960    183.980    160.750  196.07839  195.56919 3.1742e+01 2.8876e+01     15.524          1       8200    685.125    28.8732    28.8743    684.719    341.625     2.7021     2.5470     0.4786     4.4811     2.4225     0.2906     2.7021          2  0.000e+00
       9.60     0.1646          2   5.486665      1.181     5.4650   28.75150  -90.29960    183.981    160.751  196.07827  195.56907 3.1564e+01 2.8876e+01     15.573          1       8201    685.084    28.8730    28.8739    684.675    341.667     2.7021     2.5470     0.4799     4.4799     2.4200     0.2906     2.7021          2  0.000e+00
       9.57     0.1657          2   5.486649     -0.000     5.4650   28.75150  -90.29960    183.981    160.848  196.07878  195.56958 3.1475e+01 2.8876e+01     15.573          1       8202    685.077    28.8728    28.8741    684.669    341.708     2.7021     2.5482     0.4786     4.4786     2.4188     0.2906     2.7021          2  0.000e+00
       9.60     0.1646          2   5.486642     -1.182     5.4650   28.75150  -90.29960    184.081    160.750  196.07760  195.56841 3.1387e+01 2.8877e+01     15.524          1       8203    685.123    28.8734    28.8739    684.716    341.750     2.7033     2.5470     0.4799     4.4799     2.4176     0.2906     2.7033          2  0.000e+00
       9.57     0.1646          2   5.486642      1.181     5.4650   28.75150  -90.29960    184.081    160.752  196.07639  195.56720 3.1387e+01 2.8877e+01     15.573          1       8204    685.170    28.8739    28.8732    684.762    341.792     2.7033     2.5470     0.4786     4.4799     2.4176     0.2906     2.7033          2  0.000e+00
       9.60     0.1646          2   5.486603     -1.182     5.4650   28.75150  -90.29960    184.079    160.751  196.07540  195.56622 3.1387e+01 2.8878e+01     15.524          1       8205    685.234    28.8745    28.8732    684.828    341.833     2.7033     2.5470     0.4799     4.4799     2.4176     0.2906     2.7033          2  0.000e+00
       9.57     0.1635          2   5.486595      1.181     5.4650   28.75150  -90.29960    184.080    160.850  196.07510  195.56592 3.1387e+01 2.8878e+01     15.573          1       8206    685.255    28.8747    28.8728    684.846    341.875     2.7033     2.5482     0.4786     4.4811     2.4176     0.2906     2.7033          2  0.000e+00
       9.60     0.1646          2   5.486595     -1.182     5.4650   28.75150  -90.29960    184.080    160.752  196.07677  195.56758 3.1387e+01 2.8877e+01     15.524          1       8207    685.190    28.8739    28.8732    684.784    341.917     2.7033     2.5470     0.4799     4.4799     2.4176     0.2906     2.7033          2  0.000e+00
       9.57     0.1635          2   5.486657      2.363     5.4650   28.75150  -90.29960    184.084    160.754  196.07835  195.56915 3.1298e+01 2.8876e+01     15.622          1       8208    685.090    28.8730    28.8726    684.680    341.958     2.7033     2.5470     0.4786     4.4811     2.4164     0.2906     2.7033          2  0.000e+00
       9.57     0.1646          2   5.486580     -1.182     5.4650   28.75150  -90.29960    184.084    160.755  196.07983  195.57062 3.1211e+01 2.8876e+01     15.573          1       8209    685.095    28.8726    28.8719    684.686    342.000     2.7033     2.5470     0.4786     4.4799     2.4151     0.2906     2.7033          2  0.000e+00
       9.57     0.1635          2   5.486642     -0.000     5.4650   28.75150  -90.29960    184.084    160.660  196.07969  195.57049 3.1211e+01 2.8876e+01     15.573          1       8210    685.050    28.8724    28.8711    684.642    342.042     2.7033     2.5458     0.4786     4.4811     2.4151     0.2906     2.7033          2  0.000e+00
       9.55     0.1646          2   5.486649      0.000     5.4650   28.75150  -90.29960    184.088    160.660  196.08339  195.57416 3.1211e+01 2.8874e+01     15.573          1       8211    684.910    28.8708    28.8710    684.501    342.083     2.7033     2.5458     0.4774     4.4799     2.4151     0.2906     2.7033          2  0.000e+00
       9.57     0.1646          2   5.486642 2.0955e-09     5.4955   28.75150  -90.29960    184.088    160.660  196.08345  195.57423 3.1123e+01 2.8874e+01     15.573          1       8212    684.913    28.8708    28.8708    684.505    342.125     2.7033     2.5458     0.4786     4.4799     2.4139     0.2918     2.7033          2  0.000e+00
       9.55     0.1646          2   5.486533     -0.000     5.5260   28.75150  -90.29960    184.094    160.662  196.08981  195.58055 3.1123e+01 2.8872e+01     15.573          1       8213    684.768    28.8684    28.8700    684.360    342.167     2.7033     2.5458     0.4774     4.4799     2.4139     0.2930     2.7033          2  0.000e+00
       9.57     0.1646          2   5.486502      1.181     5.5260   28.75150  -90.29960    184.200    160.567  196.09309  195.58381 3.1123e+01 2.8870e+01     15.622          1       8214    684.678    28.8670    28.8697    684.267    342.208     2.7045     2.5446     0.4786     4.4799     2.4139     0.2930     2.7045          2  0.000e+00
       9.57     0.1646          2   5.486533     -1.182     5.5260   28.75150  -90.29960    184.093    160.566  196.08943  195.58017 3.1123e+01 2.8872e+01     15.573          1       8215    684.782    28.8685    28.8695    684.374    342.250     2.7033     2.5446     0.4786     4.4799     2.4139     0.2930     2.7033          2  0.000e+00
       9.57     0.1646          2   5.486510      2.700     5.5260   28.75150  -90.29960    184.095    160.473  196.08836  195.57911 3.1123e+01 2.8872e+01     15.685          1       8216    684.848    28.8691    28.8689    684.435    342.292     2.7033     2.5433     0.4786     4.4799     2.4139     0.2930     2.7033          2  0.000e+00
       9.57     0.1635          2   5.486533     -3.882     5.5260   28.75150  -90.29960    184.091    160.470  196.08773  195.57848 3.1123e+01 2.8872e+01     15.523          1       8217    684.841    28.8693    28.8687    684.434    342.333     2.7033     2.5433     0.4786     4.4811     2.4139     0.2930     2.7033          2  0.000e+00
       9.52     0.1646          2   5.486580      2.363     5.5565   28.75150  -90.29960    184.092    160.472  196.08737  195.57812 3.1123e+01 2.8872e+01     15.622          1       8218    684.824    28.8693    28.8687    684.413    342.375     2.7033     2.5433     0.4762     4.4799     2.4139     0.2943     2.7033          2  0.000e+00
       9.52     0.1635          2   5.486595     -1.182     5.5260   28.75150  -90.29960    184.091    160.470  196.08676  195.57752 3.1123e+01 2.8873e+01     15.573          1       8219    684.830    28.8695    28.8693    684.422    342.417     2.7033     2.5433     0.4762     4.4811     2.4139     0.2930     2.7033          2  0.000e+00
       9.52     0.1635          2   5.486626     -0.000     5.5260   28.75150  -90.29960    184.090    160.374  196.08611  195.57687 3.1123e+01 2.8873e+01     15.573          1       8220    684.829    28.8697    28.8693    684.420    342.458     2.7033     2.5421     0.4762     4.4811     2.4139     0.2930     2.7033          2  0.000e+00
       9.52     0.1646          2   5.486572      1.181     5.5260   28.75150  -90.29960    184.092    160.375  196.08659  195.57735 3.1123e+01 2.8873e+01     15.622          1       8221    684.858    28.8697    28.8689    684.448    342.500     2.7033     2.5421     0.4762     4.4799     2.4139     0.2930     2.7033          2  0.000e+00
       9.52     0.1646          2   5.486580     -0.000     5.5260   28.75150  -90.29960    183.991    160.375  196.08783  195.57858 3.1036e+01 2.8872e+01     15.622          1       8222    684.807    28.8691    28.8691    684.397    342.542     2.7021     2.5421     0.4762     4.4799     2.4127     0.2930     2.7021          2  0.000e+00
       9.50     0.1635          2   5.486556     -1.182     5.5260   28.75150  -90.29960    183.992    160.375  196.09000  195.58074 3.1036e+01 2.8871e+01     15.573          1       8223    684.743    28.8682    28.8687    684.335    342.583     2.7021     2.5421     0.4750     4.4811     2.4127     0.2930     2.7021          2  0.000e+00
       9.50     0.1646          2   5.486510     -0.000     5.5260   28.75150  -90.29960    183.991    160.375  196.08963  195.58037 3.1123e+01 2.8872e+01     15.573          1       8224    684.794    28.8685    28.8685    684.385    342.625     2.7021     2.5421     0.4750     4.4799     2.4139     0.2930     2.7021          2  0.000e+00
       9.50     0.1646          2   5.486572      2.531     5.5260   28.75150  -90.29960    184.095    160.378  196.08914  195.57988 3.1123e+01 2.8872e+01     15.678          1       8225    684.770    28.8685    28.8682    684.357    342.667     2.7033     2.5421     0.4750     4.4799     2.4139     0.2930     2.7033          2  0.000e+00
       9.52     0.1635          2   5.486487     -2.532     5.5260   28.75150  -90.29960    183.992    160.377  196.09097  195.58171 3.1211e+01 2.8871e+01     15.573          1       8226    684.763    28.8680    28.8674    684.355    342.708     2.7021     2.5421     0.4762     4.4811     2.4151     0.2930     2.7021          2  0.000e+00
       9.50     0.1646          2   5.486487      1.181     5.5260   28.75150  -90.29960    183.994    160.381  196.09107  195.58180 3.1123e+01 2.8871e+01     15.622          1       8227    684.764    28.8680    28.8652    684.353    342.750     2.7021     2.5421     0.4750     4.4799     2.4139     0.2930     2.7021          2  0.000e+00
       9.50     0.1635          2   5.486502     -1.181     5.5260   28.75150  -90.29960    183.993    160.479  196.09138  195.58211 3.1211e+01 2.8871e+01     15.573          1       8228    684.736    28.8678    28.8639    684.328    342.792     2.7021     2.5433     0.4750     4.4811     2.4151     0.2930     2.7021          2  0.000e+00
       9.47     0.1646          2   5.486464      1.181     5.5260   28.75150  -90.29960    183.994    160.481  196.09126  195.58200 3.1211e+01 2.8871e+01     15.622          1       8229    684.775    28.8680    28.8638    684.365    342.833     2.7021     2.5433     0.4737     4.4799     2.4151     0.2930     2.7021          2  0.000e+00
       9.47     0.1646          2   5.486417     -1.182     5.5260   28.75150  -90.29960    183.890    160.576  196.09118  195.58191 3.1211e+01 2.8871e+01     15.573          1       8230    684.812    28.8682    28.8639    684.403    342.875     2.7009     2.5446     0.4737     4.4799     2.4151     0.2930     2.7009          2  0.000e+00
       9.47     0.1646          2   5.486409      1.181     5.5260   28.75150  -90.29960    183.892    160.482  196.09172  195.58245 3.1211e+01 2.8871e+01     15.622          1       8231    684.802    28.8680    28.8626    684.391    342.917     2.7009     2.5433     0.4737     4.4799     2.4151     0.2930     2.7009          2  0.000e+00
       9.47     0.1646          2   5.486440     -1.182     5.5260   28.75150  -90.29960    183.993    160.483  196.09144  195.58218 3.1211e+01 2.8871e+01     15.573          1       8232    684.784    28.8680    28.8615    684.375    342.958     2.7021     2.5433     0.4737     4.4799     2.4151     0.2930     2.7021          2  0.000e+00
       9.50     0.1635          2   5.486417      1.181     5.5565   28.75150  -90.29960    183.994    160.485  196.09158  195.58231 3.1298e+01 2.8871e+01     15.622          1       8233    684.801    28.8680    28.8610    684.390    343.000     2.7021     2.5433     0.4750     4.4811     2.4164     0.2943     2.7021          2  0.000e+00
