test/data/CTD/g01l01s01.ros
* Sea-Bird SBE 9 Data File:
* FileName = D:\CTD DATA\2013\PE13-01 DiMarco\G01L01S01.hex
* Software Version Seasave V 7.21g
* Temperature SN = 4515
* Conductivity SN = 3079
* Number of Bytes Per Scan = 40
* Number of Voltage Words = 5
* Number of Scans Averaged by the Deck Unit = 1
* NMEA Latitude = 28 15.01 N
* NMEA Longitude = 089 15.02 W
* NMEA UTC (Time) = Jul 11 2012  02:22:32
* NMEA baud rate = 4800
# nquan = 31
# nvalues = 588                                   
# units = specified
# name 0 = altM: Altimeter [m]
# name 1 = bat: Beam Attenuation, Chelsea/Seatech [1/m]
# name 2 = bpos: Bottle Position in Carousel
# name 3 = c0S/m: Conductivity [S/m]
# name 4 = dz/dtM: Descent Rate [m/s]
# name 5 = wetCDOM: Fluorescence, WET Labs CDOM [mg/m^3]
# name 6 = latitude: Latitude [deg]
# name 7 = longitude: Longitude [deg]
# name 8 = sbeox0Mm/Kg: Oxygen, SBE 43 [umol/kg]
# name 9 = sbeox1Mm/Kg: Oxygen, SBE 43, 2 [umol/kg]
# name 10 = oxsolMm/Kg: Oxygen Saturation, Garcia & Gordon [umol/kg]
# name 11 = oxsatMm/Kg: Oxygen Saturation, Weiss [umol/kg]
# name 12 = par: PAR/Irradiance, Biospherical/Licor
# name 13 = pla: Plume Anomaly
# name 14 = prDM: Pressure, Digiquartz [db]
# name 15 = pumps: Pump Status
# name 16 = scan: Scan Count
# name 17 = sva: Specific Volume Anomaly [10^-8 * m^3/kg]
# name 18 = t090C: Temperature [ITS-90, deg C]
# name 19 = t190C: Temperature, 2 [ITS-90, deg C]
# name 20 = tsa: Thermosteric Anomaly [10^-8 * m^3/kg]
# name 21 = timeS: Time, Elapsed [seconds]
# name 22 = v0: Voltage 0
# name 23 = v1: Voltage 1
# name 24 = v2: Voltage 2
# name 25 = v3: Voltage 3
# name 26 = v4: Voltage 4
# name 27 = v5: Voltage 5
# name 28 = sbeox0V: Oxygen raw, SBE 43 [V]
# name 29 = nbf: Bottles Fired
# name 30 = flag:  0.000e+00
# interval = seconds: 0.0416667
# start_time = Jul 11 2012 02:22:32 [NMEA time, header]
# bad_flag = -9.990e-29
*END*
[from data line 234]
      98.73     0.0506          5   3.697979     -1.192     3.7250   28.24802  -89.26024    122.444    103.742  283.39957  283.68308 1.3360e-01 8.4911e+00    503.895          1      58653     93.463     8.5432     8.5431     84.173   2443.833     1.4530     1.3822     4.9365     4.6093     0.0513     0.2210     1.4530          5  0.000e+00
      98.73     0.0516          5   3.697920      1.193     3.6945   28.24802  -89.26024    122.287    103.742  283.40110  283.68460 1.3284e-01 8.4911e+00    503.944          1      58654     93.508     8.5431     8.5433     84.217   2443.875     1.4518     1.3822     4.9365     4.6081     0.0488     0.2198     1.4518          5  0.000e+00
      98.73     0.0506          5   3.697887     -1.192     3.7250   28.24802  -89.26024    122.288    103.742  283.40368  283.68723 1.3284e-01 8.4906e+00    503.895          1      58655     93.491     8.5427     8.5431     84.201   2443.917     1.4518     1.3822     4.9365     4.6093     0.0488     0.2210     1.4518          5  0.000e+00
      98.73     0.0516          5   3.697900      1.193     3.7250   28.24802  -89.26024    122.289    103.597  283.40420  283.68778 1.3284e-01 8.4904e+00    503.944          1      58656     93.467     8.5425     8.5430     84.177   2443.958     1.4518     1.3810     4.9365     4.6081     0.0488     0.2210     1.4518          5  0.000e+00
      98.73     0.0506          5   3.697906      0.001     3.7250   28.24802  -89.26024    122.289    103.597  283.40406  283.68763 1.3322e-01 8.4904e+00    503.944          1      58657     93.462     8.5425     8.5428     84.171   2444.000     1.4518     1.3810     4.9365     4.6093     0.0501     0.2210     1.4518          5  0.000e+00
      98.73     0.0506          5   3.697880      0.001     3.7250   28.24802  -89.26024    122.289    103.598  283.40387  283.68742 1.3322e-01 8.4906e+00    503.944          1      58658     93.499     8.5427     8.5423     84.208   2444.042     1.4518     1.3810     4.9365     4.6093     0.0501     0.2210     1.4518          5  0.000e+00
      98.73     0.0516          5   3.697900      0.001     3.7250   28.24802  -89.26024    122.288    103.599  283.40287  283.68640 1.3284e-01 8.4908e+00    503.944          1      58659     93.495     8.5428     8.5423     84.204   2444.083     1.4518     1.3810     4.9365     4.6081     0.0488     0.2210     1.4518          5  0.000e+00
      98.73     0.0506          5   3.697880      0.001     3.7250   28.24802  -89.26024    122.289    103.598  283.40463  283.68820 1.3284e-01 8.4904e+00    503.945          1      58660     93.483     8.5425     8.5423     84.192   2444.125     1.4518     1.3810     4.9365     4.6093     0.0488     0.2210     1.4518          5  0.000e+00
      98.73     0.0516          5   3.697847      0.001     3.7250   28.24802  -89.26024    122.290    103.743  283.40592  283.68950 1.3284e-01 8.4903e+00    503.945          1      58661     93.496     8.5423     8.5428     84.206   2444.167     1.4518     1.3822     4.9365     4.6081     0.0488     0.2210     1.4518          5  0.000e+00
      98.73     0.0516          5   3.697887      0.001     3.7250   28.24802  -89.26024    122.290    103.743  283.40640  283.69002 1.3284e-01 8.4900e+00    503.945          1      58662     93.438     8.5420     8.5426     84.147   2444.208     1.4518     1.3822     4.9365     4.6081     0.0488     0.2210     1.4518          5  0.000e+00
      98.73     0.0516          5   3.697906      1.193     3.7250   28.24802  -89.26024    122.132    103.746  283.40430  283.68788 1.3284e-01 8.4904e+00    503.994          1      58663     93.461     8.5424     8.5421     84.169   2444.250     1.4505     1.3822     4.9365     4.6081     0.0488     0.2210     1.4505          5  0.000e+00
      98.73     0.0516          6   3.857125      0.681     3.6945   28.24822  -89.26140    121.808    103.223  273.62908  273.77269 1.3134e-01 1.0051e+01    404.314          1      64375    103.938    10.0961    10.0983     95.328   2682.250     1.4957     1.4212     4.9365     4.6081     0.0440     0.2198     1.4957          6  0.000e+00
      98.71     0.0516          6   3.857024     -3.060     3.6945   28.24822  -89.26140    121.808    103.224  273.63413  273.77780 1.3134e-01 1.0050e+01    404.186          1      64376    103.936    10.0953    10.0973     95.330   2682.292     1.4957     1.4212     4.9353     4.6081     0.0440     0.2198     1.4957          6  0.000e+00
      98.73     0.0527          6   3.856930      2.382     3.6945   28.24822  -89.26140    121.662    103.227  273.63942  273.78316 1.3172e-01 1.0049e+01    404.286          1      64377    103.938    10.0945    10.0965     95.330   2682.333     1.4945     1.4212     4.9365     4.6068     0.0452     0.2198     1.4945          6  0.000e+00
      98.73     0.0516          6   3.856950      1.361     3.6945   28.24822  -89.26140    121.813    103.229  273.63924  273.78299 1.3134e-01 1.0049e+01    404.342          1      64378    103.922    10.0944    10.0959     95.312   2682.375     1.4957     1.4212     4.9365     4.6081     0.0440     0.2198     1.4957          6  0.000e+00
      98.71     0.0527          6   3.856944      0.001     3.6945   28.24822  -89.26140    121.813    103.230  273.63990  273.78366 1.3134e-01 1.0049e+01    404.342          1      64379    103.915    10.0943    10.0957     95.306   2682.417     1.4957     1.4212     4.9353     4.6068     0.0440     0.2198     1.4957          6  0.000e+00
      98.73     0.0516          6   3.856984     -1.360     3.6945   28.24822  -89.26140    121.811    103.230  273.63765  273.78138 1.3097e-01 1.0049e+01    404.286          1      64380    103.913    10.0947    10.0950     95.305   2682.458     1.4957     1.4212     4.9365     4.6081     0.0427     0.2198     1.4957          6  0.000e+00
      98.73     0.0527          6   3.856923      2.551     3.6945   28.24822  -89.26140    121.814    103.371  273.64035  273.78410 1.3134e-01 1.0049e+01    404.392          1      64381    103.933    10.0943    10.0945     95.323   2682.500     1.4957     1.4225     4.9365     4.6068     0.0440     0.2198     1.4957          6  0.000e+00
      98.71     0.0527          6   3.856870     -1.190     3.6945   28.24822  -89.26140    121.815    103.371  273.64330  273.78710 1.3134e-01 1.0048e+01    404.342          1      64382    103.927    10.0938    10.0946     95.319   2682.542     1.4957     1.4225     4.9353     4.6068     0.0440     0.2198     1.4957          6  0.000e+00
      98.73     0.0516          6   3.856863      1.191     3.6945   28.24822  -89.26140    121.816    103.233  273.64348  273.78728 1.3134e-01 1.0048e+01    404.392          1      64383    103.935    10.0938    10.0943     95.325   2682.583     1.4957     1.4212     4.9365     4.6081     0.0440     0.2198     1.4957          6  0.000e+00
      98.71     0.0527          6   3.856863      0.001     3.6945   28.24822  -89.26140    121.816    103.234  273.64418  273.78799 1.3134e-01 1.0048e+01    404.392          1      64384    103.920    10.0937    10.0941     95.310   2682.625     1.4957     1.4212     4.9353     4.6068     0.0440     0.2198     1.4957          6  0.000e+00
      98.71     0.0527          6   3.856843     -0.510     3.6945   28.24822  -89.26140    121.666    103.373  273.64579  273.78963 1.3134e-01 1.0048e+01    404.371          1      64385    103.906    10.0933    10.0936     95.297   2682.667     1.4945     1.4225     4.9353     4.6068     0.0440     0.2198     1.4945          6  0.000e+00
      98.71     0.0527          6   3.856910      1.701     3.6945   28.24822  -89.26140    121.816    103.373  273.64188  273.78567 1.3134e-01 1.0049e+01    404.442          1      64386    103.918    10.0940    10.0941     95.307   2682.708     1.4957     1.4225     4.9353     4.6068     0.0440     0.2198     1.4957          6  0.000e+00
      98.71     0.0516          6   3.857037     -1.190     3.6945   28.24822  -89.26140    121.813    103.370  273.63807  273.78184 1.3172e-01 1.0049e+01    404.392          1      64387    103.847    10.0943    10.0948     95.237   2682.750     1.4957     1.4225     4.9353     4.6081     0.0452     0.2198     1.4957          6  0.000e+00
      98.71     0.0527          6   3.857071      2.551     3.6945   28.24820  -89.26140    121.663    103.232  273.63416  273.77786 1.3134e-01 1.0050e+01    404.498          1      64388    103.902    10.0952    10.0951     95.289   2682.792     1.4945     1.4212     4.9353     4.6068     0.0440     0.2198     1.4945          6  0.000e+00
      98.71     0.0527          6   3.857044     -1.360     3.6945   28.24820  -89.26140    121.662    103.233  273.63413  273.77780 1.3134e-01 1.0050e+01    404.442          1      64389    103.931    10.0953    10.0948     95.319   2682.833     1.4945     1.4212     4.9353     4.6068     0.0440     0.2198     1.4945          6  0.000e+00
      98.71     0.0527          6   3.857058      0.001     3.6945   28.24820  -89.26140    121.662    103.234  273.63438  273.77808 1.3134e-01 1.0050e+01    404.442          1      64390    103.909    10.0952    10.0941     95.297   2682.875     1.4945     1.4212     4.9353     4.6068     0.0440     0.2198     1.4945          6  0.000e+00
      98.73     0.0527          6   3.856991      0.001     3.7250   28.24820  -89.26140    121.814    103.374  273.63765  273.78138 1.3134e-01 1.0049e+01    404.442          1      64391    103.917    10.0947    10.0938     95.305   2682.917     1.4957     1.4225     4.9365     4.6068     0.0440     0.2210     1.4957          6  0.000e+00
      98.73     0.0527          6   3.856950      1.361     3.7556   28.24820  -89.26140    121.816    103.374  273.63990  273.78366 1.3134e-01 1.0049e+01    404.499          1      64392    103.919    10.0943    10.0943     95.306   2682.958     1.4957     1.4225     4.9365     4.6068     0.0440     0.2222     1.4957          6  0.000e+00
      98.73     0.0506          6   3.856984      0.001     3.7556   28.24820  -89.26140    121.815    103.373  273.63923  273.78300 1.3134e-01 1.0049e+01    404.499          1      64393    103.893    10.0943    10.0945     95.281   2683.000     1.4957     1.4225     4.9365     4.6093     0.0440     0.2222     1.4957          6  0.000e+00
      98.73     0.0527          6   3.857004     -0.510     3.7556   28.24820  -89.26140    121.665    103.372  273.63881  273.78258 1.3134e-01 1.0049e+01    404.477          1      64394    103.877    10.0943    10.0946     95.265   2683.042     1.4945     1.4225     4.9365     4.6068     0.0440     0.2222     1.4945          6  0.000e+00
      98.71     0.0506          6   3.857004      0.511     3.7556   28.24820  -89.26140    121.814    103.373  273.63691  273.78063 1.3134e-01 1.0049e+01    404.499          1      64395    103.921    10.0948    10.0945     95.308   2683.083     1.4957     1.4225     4.9353     4.6093     0.0440     0.2222     1.4957          6  0.000e+00
      98.73     0.0516          6   3.857024      1.191     3.7556   28.24820  -89.26140    121.664    103.373  273.63585  273.77955 1.3134e-01 1.0050e+01    404.548          1      64396    103.925    10.0950    10.0946     95.310   2683.125     1.4945     1.4225     4.9365     4.6081     0.0440     0.2222     1.4945          6  0.000e+00
      98.73     0.0516          6   3.857037     -1.190     3.7556   28.24820  -89.26140    121.814    103.373  273.63553  273.77924 1.3060e-01 1.0050e+01    404.499          1      64397    103.912    10.0950    10.0946     95.299   2683.167     1.4957     1.4225     4.9365     4.6081     0.0415     0.2222     1.4957          6  0.000e+00
      98.73     0.0516          6   3.857037      1.191     3.7556   28.24820  -89.26140    121.814    103.374  273.63558  273.77929 1.3134e-01 1.0050e+01    404.548          1      64398    103.914    10.0950    10.0945     95.300   2683.208     1.4957     1.4225     4.9365     4.6081     0.0440     0.2222     1.4957          6  0.000e+00
      98.73     0.0506          6   3.857037     -1.190     3.7556   28.24820  -89.26140    121.664    103.234  273.63641  273.78014 1.3134e-01 1.0049e+01    404.499          1      64399    103.892    10.0948    10.0946     95.279   2683.250     1.4945     1.4212     4.9365     4.6093     0.0440     0.2222     1.4945          6  0.000e+00
      98.73     0.0516          6   3.857044      2.551     3.7556   28.24820  -89.26140    121.665    103.374  273.63549  273.77920 1.3134e-01 1.0050e+01    404.605          1      64400    103.913    10.0950    10.0945     95.297   2683.292     1.4945     1.4225     4.9365     4.6081     0.0440     0.2222     1.4945          6  0.000e+00
      98.71     0.0516          6   3.857037     -2.550     3.7556   28.24820  -89.26140    121.663    103.235  273.63483  273.77852 1.3134e-01 1.0050e+01    404.499          1      64401    103.927    10.0952    10.0943     95.314   2683.333     1.4945     1.4212     4.9353     4.6081     0.0440     0.2222     1.4945          6  0.000e+00
      98.71     0.0516          6   3.857011      1.191     3.7556   28.24820  -89.26140    121.665    103.236  273.63734  273.78107 1.3134e-01 1.0049e+01    404.548          1      64402    103.907    10.0947    10.0941     95.293   2683.375     1.4945     1.4212     4.9353     4.6081     0.0440     0.2222     1.4945          6  0.000e+00
      98.71     0.0516          6   3.856924      0.001     3.7556   28.24820  -89.26140    121.816    103.235  273.63978  273.78352 1.3134e-01 1.0049e+01    404.548          1      64403    103.957    10.0945    10.0943     95.343   2683.417     1.4957     1.4212     4.9353     4.6081     0.0440     0.2222     1.4957          6  0.000e+00
      98.73     0.0516          6   3.856924      0.681     3.7556   28.24820  -89.26140    121.817    103.374  273.64051  273.78426 1.3134e-01 1.0049e+01    404.577          1      64404    103.943    10.0943    10.0948     95.329   2683.458     1.4957     1.4225     4.9365     4.6081     0.0440     0.2222     1.4957          6  0.000e+00
      98.71     0.0527          6   3.856984     -1.870     3.7556   28.24820  -89.26140    121.664    103.373  273.63783  273.78156 1.3134e-01 1.0049e+01    404.499          1      64405    103.925    10.0947    10.0945     95.312   2683.500     1.4945     1.4225     4.9353     4.6068     0.0440     0.2222     1.4945          6  0.000e+00
      98.71     0.0516          6   3.857004      2.552     3.7556   28.24820  -89.26140    121.816    103.236  273.63700  273.78072 1.3134e-01 1.0049e+01    404.605          1      64406    103.927    10.0948    10.0943     95.312   2683.542     1.4957     1.4212     4.9353     4.6081     0.0440     0.2222     1.4957          6  0.000e+00
      98.71     0.0516          6   3.857084     -1.360     3.7556   28.24820  -89.26140    121.664    103.373  273.63464  273.77836 1.3134e-01 1.0050e+01    404.548          1      64407    103.879    10.0950    10.0946     95.265   2683.583     1.4945     1.4225     4.9353     4.6081     0.0440     0.2222     1.4945          6  0.000e+00
      98.73     0.0516          6   3.857058      0.001     3.7556   28.24820  -89.26140    121.814    103.373  273.63448  273.77817 1.3134e-01 1.0050e+01    404.548          1      64408    103.915    10.0952    10.0948     95.301   2683.625     1.4957     1.4225     4.9365     4.6081     0.0440     0.2222     1.4957          6  0.000e+00
      98.73     0.0516          6   3.857058      0.001     3.7556   28.24820  -89.26140    121.814    103.373  273.63535  273.77907 1.3134e-01 1.0050e+01    404.549          1      64409    103.896    10.0949    10.0949     95.281   2683.667     1.4957     1.4225     4.9365     4.6081     0.0440     0.2222     1.4957          6  0.000e+00
