test/data/CTD/g01l05s01.ros
* Sea-Bird SBE 9 Data File:
* FileName = D:\CTD DATA\2013\PE13-01 DiMarco\G01L05S01.hex
* Software Version Seasave V 7.21g
* Temperature SN = 4515
* Conductivity SN = 3079
* Number of Bytes Per Scan = 40
* Number of Voltage Words = 5
* Number of Scans Averaged by the Deck Unit = 1
* NMEA Latitude = 28 59.98 N
* NMEA Longitude = 088 15.00 W
* NMEA UTC (Time) = Jul 06 2012  08:14:22
* NMEA baud rate = 4800
# nquan = 31
# nvalues = 588                                   
# units = specified
# name 0 = altM: Altimeter [m]
# name 1 = bat: Beam Attenuation, Chelsea/Seatech [1/m]
# name 2 = bpos: Bottle Position in Carousel
# name 3 = c0S/m: Conductivity [S/m]
# name 4 = dz/dtM: Descent Rate [m/s]
# name 5 = wetCDOM: Fluorescence, WET Labs CDOM [mg/m^3]
# name 6 = latitude: Latitude [deg]
# name 7 = longitude: Longitude [deg]
# name 8 = sbeox0Mm/Kg: Oxygen, SBE 43 [umol/kg]
# name 9 = sbeox1Mm/Kg: Oxygen, SBE 43, 2 [umol/kg]
# name 10 = oxsolMm/Kg: Oxygen Saturation, Garcia & Gordon [umol/kg]
# name 11 = oxsatMm/Kg: Oxygen Saturation, Weiss [umol/kg]
# name 12 = par: PAR/Irradiance, Biospherical/Licor
# name 13 = pla: Plume Anomaly
# name 14 = prDM: Pressure, Digiquartz [db]
# name 15 = pumps: Pump Status
# name 16 = scan: Scan Count
# name 17 = sva: Specific Volume Anomaly [10^-8 * m^3/kg]
# name 18 = t090C: Temperature [ITS-90, deg C]
# name 19 = t190C: Temperature, 2 [ITS-90, deg C]
# name 20 = tsa: Thermosteric Anomaly [10^-8 * m^3/kg]
# name 21 = timeS: Time, Elapsed [seconds]
# name 22 = v0: Voltage 0
# name 23 = v1: Voltage 1
# name 24 = v2: Voltage 2
# name 25 = v3: Voltage 3
# name 26 = v4: Voltage 4
# name 27 = v5: Voltage 5
# name 28 = sbeox0V: Oxygen raw, SBE 43 [V]
# name 29 = nbf: Bottles Fired
# name 30 = flag:  0.000e+00
# interval = seconds: 0.0416667
# start_time = Jul 06 2012 08:14:22 [NMEA time, header]
# bad_flag = -9.990e-29
*END*
[from data line 47]
       6.94     0.2797          1   3.409139     -1.202     4.0303   29.00300  -88.24934    174.948    148.786  305.32540  305.96993 1.2198e-01 5.2283e+00    942.826          1      41101     61.399     5.3081     5.3079     50.024   1712.500     1.6874     1.6007     0.3468     4.3529     0.0122     0.2332     1.6874          1  0.000e+00
       6.91     0.2786          1   3.409107      1.203     4.0608   29.00300  -88.24934    174.950    148.620  305.32697  305.97152 1.2198e-01 5.2282e+00    942.876          1      41102     61.416     5.3079     5.3078     50.041   1712.542     1.6874     1.5995     0.3455     4.3541     0.0122     0.2344     1.6874          1  0.000e+00
      98.68     0.1136          2   3.425757      1.889     3.8471   29.00318  -88.24930    169.155    143.873  303.86618  304.48424 1.2550e-01 5.4367e+00    908.307          1      43412     64.266     5.5146     5.5142     52.928   1808.792     1.6593     1.5751     4.9341     4.5372     0.0244     0.2259     1.6593          2  0.000e+00
      98.68     0.1147          2   3.425751     -4.464     3.8471   29.00318  -88.24930    169.151    143.704  303.86659  304.48467 1.2550e-01 5.4366e+00    908.121          1      43413     64.254     5.5146     5.5144     52.918   1808.833     1.6593     1.5739     4.9341     4.5360     0.0244     0.2259     1.6593          2  0.000e+00
      98.68     0.1136          2   3.425770      4.464     3.8471   29.00318  -88.24930    169.334    143.708  303.86653  304.48462 1.2338e-01 5.4366e+00    908.308          1      43414     64.243     5.5145     5.5144     52.904   1808.875     1.6606     1.5739     4.9341     4.5372     0.0171     0.2259     1.6606          2  0.000e+00
      98.68     0.1136          2   3.425783     -1.888     3.8471   29.00318  -88.24930    169.152    143.706  303.86521  304.48327 1.2198e-01 5.4368e+00    908.229          1      43415     64.245     5.5147     5.5144     52.907   1808.917     1.6593     1.5739     4.9341     4.5372     0.0122     0.2259     1.6593          2  0.000e+00
      98.68     0.1147          2   3.425802     -0.515     3.8471   29.00318  -88.24930    169.151    143.705  303.86402  304.48206 1.2164e-01 5.4369e+00    908.207          1      43416     64.241     5.5148     5.5144     52.903   1808.958     1.6593     1.5739     4.9341     4.5360     0.0110     0.2259     1.6593          2  0.000e+00
      98.68     0.1136          2   3.425789      1.889     3.8471   29.00318  -88.24930    169.332    143.708  303.86421  304.48224 1.2198e-01 5.4370e+00    908.286          1      43417     64.260     5.5149     5.5141     52.921   1809.000     1.6606     1.5739     4.9341     4.5372     0.0122     0.2259     1.6606          2  0.000e+00
      98.68     0.1136          2   3.425783     -1.373     3.8471   29.00318  -88.24930    169.152    143.871  303.86385  304.48187 1.2198e-01 5.4371e+00    908.229          1      43418     64.271     5.5150     5.5144     52.932   1809.042     1.6593     1.5751     4.9341     4.5372     0.0122     0.2259     1.6593          2  0.000e+00
      98.68     0.1136          2   3.425783      0.687     3.8471   29.00318  -88.24930    169.153    143.872  303.86456  304.48260 1.2198e-01 5.4369e+00    908.258          1      43419     64.260     5.5148     5.5144     52.921   1809.083     1.6593     1.5751     4.9341     4.5372     0.0122     0.2259     1.6593          2  0.000e+00
      98.68     0.1136          2   3.425802      0.687     3.8777   29.00318  -88.24930    169.153    143.872  303.86388  304.48192 1.2198e-01 5.4370e+00    908.286          1      43420     64.249     5.5149     5.5144     52.910   1809.125     1.6593     1.5751     4.9341     4.5372     0.0122     0.2271     1.6593          2  0.000e+00
      98.68     0.1136          2   3.425789     -0.686     3.8777   29.00318  -88.24930    169.153    143.871  303.86440  304.48244 1.2198e-01 5.4369e+00    908.258          1      43421     64.254     5.5148     5.5148     52.915   1809.167     1.6593     1.5751     4.9341     4.5372     0.0122     0.2271     1.6593          2  0.000e+00
      98.68     0.1136          2   3.425783      0.687     3.8777   29.00318  -88.24930    169.153    143.708  303.86437  304.48240 1.2198e-01 5.4370e+00    908.286          1      43422     64.265     5.5149     5.5142     52.926   1809.208     1.6593     1.5739     4.9341     4.5372     0.0122     0.2271     1.6593          2  0.000e+00
      98.68     0.1136          2   3.425783     -0.686     3.8777   29.00318  -88.24930    169.154    143.707  303.86615  304.48424 1.2198e-01 5.4366e+00    908.258          1      43423     64.230     5.5145     5.5143     52.891   1809.250     1.6593     1.5739     4.9341     4.5372     0.0122     0.2271     1.6593          2  0.000e+00
      98.68     0.1136          2   3.425783      0.687     3.8777   29.00318  -88.24930    169.153    143.873  303.86460  304.48264 1.2198e-01 5.4369e+00    908.286          1      43424     64.261     5.5148     5.5142     52.922   1809.292     1.6593     1.5751     4.9341     4.5372     0.0122     0.2271     1.6593          2  0.000e+00
      98.68     0.1136          2   3.425802      0.000     3.8777   29.00318  -88.24930    169.153    143.874  303.86478  304.48285 1.2164e-01 5.4368e+00    908.286          1      43425     64.232     5.5147     5.5141     52.893   1809.333     1.6593     1.5751     4.9341     4.5372     0.0110     0.2271     1.6593          2  0.000e+00
      98.68     0.1136          2   3.425834     -0.686     3.8777   29.00318  -88.24930    169.151    143.708  303.86167  304.47967 1.2198e-01 5.4372e+00    908.258          1      43426     64.246     5.5152     5.5139     52.907   1809.375     1.6593     1.5739     4.9341     4.5372     0.0122     0.2271     1.6593          2  0.000e+00
      98.68     0.1136          2   3.425815     -0.686     3.8777   29.00318  -88.24930    169.329    143.872  303.86190  304.47989 1.2198e-01 5.4373e+00    908.229          1      43427     64.265     5.5152     5.5144     52.926   1809.417     1.6606     1.5751     4.9341     4.5372     0.0122     0.2271     1.6606          2  0.000e+00
      98.68     0.1136          2   3.425834      1.889     3.8777   29.00318  -88.24930    169.152    143.709  303.86104  304.47903 1.2198e-01 5.4374e+00    908.308          1      43428     64.261     5.5153     5.5141     52.921   1809.458     1.6593     1.5739     4.9341     4.5372     0.0122     0.2271     1.6593          2  0.000e+00
      98.68     0.1136          2   3.425815     -0.515     3.8777   29.00318  -88.24930    169.151    143.873  303.86129  304.47926 1.2198e-01 5.4374e+00    908.286          1      43429     64.281     5.5154     5.5142     52.941   1809.500     1.6593     1.5751     4.9341     4.5372     0.0122     0.2271     1.6593          2  0.000e+00
      98.68     0.1136          2   3.425809      0.516     3.8777   29.00318  -88.24930    169.152    143.708  303.86170  304.47967 1.2198e-01 5.4374e+00    908.308          1      43430     64.283     5.5153     5.5141     52.943   1809.542     1.6593     1.5739     4.9341     4.5372     0.0122     0.2271     1.6593          2  0.000e+00
      98.68     0.1136          2   3.425789     -0.515     3.8777   29.00318  -88.24930    169.153    143.874  303.86443  304.48247 1.2164e-01 5.4369e+00    908.286          1      43431     64.256     5.5148     5.5141     52.916   1809.583     1.6593     1.5751     4.9341     4.5372     0.0110     0.2271     1.6593          2  0.000e+00
      98.68     0.1125          2   3.425783      0.000     3.8777   29.00318  -88.24930    169.153    143.874  303.86437  304.48240 1.2198e-01 5.4370e+00    908.286          1      43432     64.265     5.5149     5.5139     52.926   1809.625     1.6593     1.5751     4.9341     4.5385     0.0122     0.2271     1.6593          2  0.000e+00
      98.68     0.1136          2   3.425783     -0.686     3.8777   29.00318  -88.24930    169.154    143.707  303.86615  304.48424 1.2198e-01 5.4366e+00    908.258          1      43433     64.230     5.5145     5.5141     52.891   1809.667     1.6593     1.5739     4.9341     4.5372     0.0122     0.2271     1.6593          2  0.000e+00
      98.68     0.1136          2   3.425802      1.889     3.8777   29.00318  -88.24930    168.976    143.874  303.86484  304.48290 1.2164e-01 5.4368e+00    908.336          1      43434     64.235     5.5147     5.5143     52.895   1809.708     1.6581     1.5751     4.9341     4.5372     0.0110     0.2271     1.6581          2  0.000e+00
      98.68     0.1136          2   3.425789     -1.888     3.8777   29.00318  -88.24930    169.153    143.707  303.86440  304.48244 1.2164e-01 5.4369e+00    908.258          1      43435     64.254     5.5148     5.5142     52.915   1809.750     1.6593     1.5739     4.9341     4.5372     0.0110     0.2271     1.6593          2  0.000e+00
      98.68     0.1136          2   3.425828      0.687     3.8777   29.00318  -88.24930    169.152    143.873  303.86186  304.47987 1.2164e-01 5.4372e+00    908.286          1      43436     64.253     5.5152     5.5142     52.913   1809.792     1.6593     1.5751     4.9341     4.5372     0.0110     0.2271     1.6593          2  0.000e+00
      98.68     0.1147          2   3.425866      0.516     3.8777   29.00318  -88.24930    169.151    143.709  303.86000  304.47798 1.2198e-01 5.4374e+00    908.308          1      43437     64.239     5.5154     5.5141     52.898   1809.833     1.6593     1.5739     4.9341     4.5360     0.0122     0.2271     1.6593          2  0.000e+00
      98.68     0.1136          2   3.425828     -0.515     3.8777   29.00318  -88.24930    169.151    143.708  303.86051  304.47846 1.2198e-01 5.4375e+00    908.286          1      43438     64.278     5.5155     5.5144     52.938   1809.875     1.6593     1.5739     4.9341     4.5372     0.0122     0.2271     1.6593          2  0.000e+00
      98.68     0.1136          2   3.425834      0.000     3.8777   29.00318  -88.24930    169.151    143.708  303.86012  304.47807 1.2198e-01 5.4376e+00    908.286          1      43439     64.277     5.5155     5.5141     52.937   1809.917     1.6593     1.5739     4.9341     4.5372     0.0122     0.2271     1.6593          2  0.000e+00
      98.68     0.1136          2   3.425796     -0.686     3.8777   29.00318  -88.24930    169.151    143.708  303.86197  304.47994 1.2198e-01 5.4374e+00    908.258          1      43440     64.291     5.5153     5.5141     52.952   1809.958     1.6593     1.5739     4.9341     4.5372     0.0122     0.2271     1.6593          2  0.000e+00
      98.68     0.1136          2   3.425821      1.889     3.8777   29.00318  -88.24930    169.152    143.708  303.86118  304.47915 1.2198e-01 5.4374e+00    908.337          1      43441     64.278     5.5154     5.5143     52.937   1810.000     1.6593     1.5739     4.9341     4.5372     0.0122     0.2271     1.6593          2  0.000e+00
      98.68     0.1136          2   3.425841     -1.888     3.8777   29.00318  -88.24930    169.150    143.708  303.86082  304.47881 1.2198e-01 5.4374e+00    908.258          1      43442     64.254     5.5153     5.5141     52.914   1810.042     1.6593     1.5739     4.9341     4.5372     0.0122     0.2271     1.6593          2  0.000e+00
      98.68     0.1147          2   3.425847      0.687     3.8777   29.00318  -88.24930    168.972    143.874  303.86069  304.47868 1.2198e-01 5.4374e+00    908.287          1      43443     64.250     5.5153     5.5139     52.909   1810.083     1.6581     1.5751     4.9341     4.5360     0.0122     0.2271     1.6581          2  0.000e+00
      98.68     0.1147          2   3.425841     -0.686     3.8777   29.00318  -88.24930    168.972    143.872  303.86128  304.47928 1.2198e-01 5.4373e+00    908.258          1      43444     64.245     5.5152     5.5142     52.905   1810.125     1.6581     1.5751     4.9341     4.5360     0.0122     0.2271     1.6581          2  0.000e+00
      98.68     0.1147          2   3.425821      0.687     3.8777   29.00318  -88.24930    169.151    143.872  303.86135  304.47933 1.2198e-01 5.4374e+00    908.287          1      43445     64.271     5.5153     5.5146     52.931   1810.167     1.6593     1.5751     4.9341     4.5360     0.0122     0.2271     1.6593          2  0.000e+00
      98.68     0.1147          2   3.425834      0.000     3.8777   29.00318  -88.24930    169.151    143.872  303.86079  304.47877 1.2164e-01 5.4374e+00    908.287          1      43446     64.265     5.5154     5.5144     52.924   1810.208     1.6593     1.5751     4.9341     4.5360     0.0110     0.2271     1.6593          2  0.000e+00
      98.68     0.1147          2   3.425866     -0.686     3.8777   29.00318  -88.24930    169.150    143.871  303.85949  304.47746 1.2198e-01 5.4375e+00    908.258          1      43447     64.245     5.5155     5.5147     52.905   1810.250     1.6593     1.5751     4.9341     4.5360     0.0122     0.2271     1.6593          2  0.000e+00
      98.68     0.1136          2   3.425853      0.687     3.8777   29.00318  -88.24930    169.151    143.871  303.86053  304.47852 1.2198e-01 5.4374e+00    908.287          1      43448     64.244     5.5153     5.5148     52.904   1810.292     1.6593     1.5751     4.9341     4.5372     0.0122     0.2271     1.6593          2  0.000e+00
      98.68     0.1136          2   3.425841     -0.686     3.8777   29.00318  -88.24930    169.150    143.869  303.86060  304.47858 1.2198e-01 5.4374e+00    908.258          1      43449     64.258     5.5154     5.5150     52.918   1810.333     1.6593     1.5751     4.9341     4.5372     0.0122     0.2271     1.6593          2  0.000e+00
      98.68     0.1136          2   3.425841      0.687     3.8777   29.00318  -88.24930    169.150    143.870  303.85927  304.47721 1.2198e-01 5.4377e+00    908.287          1      43450     64.285     5.5156     5.5149     52.944   1810.375     1.6593     1.5751     4.9341     4.5372     0.0122     0.2271     1.6593          2  0.000e+00
      98.68     0.1136          2   3.425815     -0.686     3.8777   29.00318  -88.24930    169.150    143.869  303.86058  304.47852 1.2198e-01 5.4376e+00    908.258          1      43451     64.292     5.5155     5.5150     52.952   1810.417     1.6593     1.5751     4.9341     4.5372     0.0122     0.2271     1.6593          2  0.000e+00
      98.68     0.1147          2   3.425834     -0.686     3.8777   29.00318  -88.24930    169.150    143.703  303.86096  304.47894 1.2198e-01 5.4374e+00    908.229          1      43452     64.258     5.5153     5.5150     52.918   1810.458     1.6593     1.5739     4.9341     4.5360     0.0122     0.2271     1.6593          2  0.000e+00
      98.68     0.1147          2   3.425815      1.374     3.8777   29.00318  -88.24930    169.151    143.704  303.86061  304.47856 1.2198e-01 5.4376e+00    908.287          1      43453     64.293     5.5155     5.5152     52.953   1810.500     1.6593     1.5739     4.9341     4.5360     0.0122     0.2271     1.6593          2  0.000e+00
      98.68     0.1136          2   3.425834     -1.888     3.8471   29.00318  -88.24930    169.149    143.703  303.86093  304.47892 1.2164e-01 5.4374e+00    908.208          1      43454     64.257     5.5153     5.5150     52.917   1810.542     1.6593     1.5739     4.9341     4.5372     0.0110     0.2259     1.6593          2  0.000e+00
      98.68     0.1147          2   3.425847      1.889     3.8777   29.00318  -88.24930    168.972    143.704  303.86069  304.47868 1.2164e-01 5.4374e+00    908.287          1      43455     64.250     5.5153     5.5154     52.909   1810.583     1.6581     1.5739     4.9341     4.5360     0.0110     0.2271     1.6581          2  0.000e+00
