test/data/CTD/g01l06s02.ros
* Sea-Bird SBE 9 Data File:
* FileName = D:\CTD DATA\2013\PE13-01 DiMarco\G01L06S02.hex
* Software Version Seasave V 7.21g
* Temperature SN = 4515
* Conductivity SN = 3079
* Number of Bytes Per Scan = 40
* Number of Voltage Words = 5
* Number of Scans Averaged by the Deck Unit = 1
* NMEA Latitude = 28 29.99 N
* NMEA Longitude = 087 59.94 W
* NMEA UTC (Time) = Jul 07 2012  07:20:40
* NMEA baud rate = 4800
# nquan = 31
# nvalues = 588                                   
# units = specified
# name 0 = altM: Altimeter [m]
# name 1 = bat: Beam Attenuation, Chelsea/Seatech [1/m]
# name 2 = bpos: Bottle Position in Carousel
# name 3 = c0S/m: Conductivity [S/m]
# name 4 = dz/dtM: Descent Rate [m/s]
# name 5 = wetCDOM: Fluorescence, WET Labs CDOM [mg/m^3]
# name 6 = latitude: Latitude [deg]
# name 7 = longitude: Longitude [deg]
# name 8 = sbeox0Mm/Kg: Oxygen, SBE 43 [umol/kg]
# name 9 = sbeox1Mm/Kg: Oxygen, SBE 43, 2 [umol/kg]
# name 10 = oxsolMm/Kg: Oxygen Saturation, Garcia & Gordon [umol/kg]
# name 11 = oxsatMm/Kg: Oxygen Saturation, Weiss [umol/kg]
# name 12 = par: PAR/Irradiance, Biospherical/Licor
# name 13 = pla: Plume Anomaly
# name 14 = prDM: Pressure, Digiquartz [db]
# name 15 = pumps: Pump Status
# name 16 = scan: Scan Count
# name 17 = sva: Specific Volume Anomaly [10^-8 * m^3/kg]
# name 18 = t090C: Temperature [ITS-90, deg C]
# name 19 = t190C: Temperature, 2 [ITS-90, deg C]
# name 20 = tsa: Thermosteric Anomaly [10^-8 * m^3/kg]
# name 21 = timeS: Time, Elapsed [seconds]
# name 22 = v0: Voltage 0
# name 23 = v1: Voltage 1
# name 24 = v2: Voltage 2
# name 25 = v3: Voltage 3
# name 26 = v4: Voltage 4
# name 27 = v5: Voltage 5
# name 28 = sbeox0V: Oxygen raw, SBE 43 [V]
# name 29 = nbf: Bottles Fired
# name 30 = flag:  0.000e+00
# interval = seconds: 0.0416667
# start_time = Jul 07 2012 07:20:40 [NMEA time, header]
# bad_flag = -9.990e-29
*END*
[from data line 375]
      98.73     0.0347          8   3.551884      0.171    -1.8000   28.50080  -87.97872    136.880    116.071  293.49045  293.92983 1.1856e-01 6.9616e+00    654.950          1     217475     82.390     7.0233     7.0236     72.253   9061.417     1.5067     1.4322     4.9365     4.6276     0.0000     0.0000     1.5067          8  0.000e+00
      98.71     0.0347          8   3.551871     -0.171    -1.8000   28.50080  -87.97872    136.880    116.071  293.49054  293.92991 1.1856e-01 6.9616e+00    654.943          1     217476     82.404     7.0234     7.0234     72.268   9061.458     1.5067     1.4322     4.9353     4.6276     0.0000     0.0000     1.5067          8  0.000e+00
      98.71     0.0347          8   3.551858      1.368    -1.8000   28.50080  -87.97872    136.880    115.918  293.49007  293.92941 1.1856e-01 6.9618e+00    655.000          1     217477     82.434     7.0236     7.0234     72.297   9061.500     1.5067     1.4310     4.9353     4.6276     0.0000     0.0000     1.5067          8  0.000e+00
      98.71     0.0347          8   3.551858     -1.196    -1.8000   28.50080  -87.97872    136.880    116.072  293.49085  293.93022 1.1856e-01 6.9616e+00    654.950          1     217478     82.415     7.0234     7.0230     72.278   9061.542     1.5067     1.4322     4.9353     4.6276     0.0000     0.0000     1.5067          8  0.000e+00
      98.73     0.0347          8   3.551891      1.197    -1.8000   28.50080  -87.97872    136.880    115.918  293.48868  293.92801 1.1856e-01 6.9620e+00    655.000          1     217479     82.420     7.0237     7.0232     72.282   9061.583     1.5067     1.4310     4.9365     4.6276     0.0000     0.0000     1.5067          8  0.000e+00
      98.73     0.0347          8   3.551865     -1.196    -1.8000   28.50080  -87.97872    136.879    115.918  293.48987  293.92921 1.1856e-01 6.9618e+00    654.950          1     217480     82.426     7.0236     7.0232     72.289   9061.625     1.5067     1.4310     4.9365     4.6276     0.0000     0.0000     1.5067          8  0.000e+00
      98.71     0.0357          8   3.551891      2.393    -1.8000   28.50080  -87.97872    137.047    116.073  293.48811  293.92742 1.1856e-01 6.9621e+00    655.050          1     217481     82.435     7.0238     7.0235     72.296   9061.667     1.5079     1.4322     4.9353     4.6264     0.0000     0.0000     1.5079          8  0.000e+00
      98.71     0.0357          8   3.551865     -2.393    -1.8000   28.50080  -87.97872    136.879    116.071  293.48924  293.92857 1.1856e-01 6.9620e+00    654.950          1     217482     82.438     7.0237     7.0235     72.302   9061.708     1.5067     1.4322     4.9353     4.6264     0.0000     0.0000     1.5067          8  0.000e+00
      98.71     0.0347          8   3.551878      1.197    -1.8000   28.50080  -87.97872    136.880    116.072  293.48899  293.92831 1.1856e-01 6.9620e+00    655.000          1     217483     82.430     7.0237     7.0234     72.293   9061.750     1.5067     1.4322     4.9353     4.6276     0.0000     0.0000     1.5067          8  0.000e+00
      98.71     0.0347          8   3.551897     -1.196    -1.8000   28.50080  -87.97872    136.879    116.071  293.48848  293.92781 1.1856e-01 6.9620e+00    654.950          1     217484     82.412     7.0237     7.0237     72.275   9061.792     1.5067     1.4322     4.9353     4.6276     0.0000     0.0000     1.5067          8  0.000e+00
      98.73     0.0347          8   3.551917      1.197    -1.8000   28.50080  -87.97872    136.879    115.917  293.48807  293.92740 1.1856e-01 6.9620e+00    655.000          1     217485     82.399     7.0237     7.0236     72.261   9061.833     1.5067     1.4310     4.9365     4.6276     0.0000     0.0000     1.5067          8  0.000e+00
      98.73     0.0357          8   3.551904      0.000    -1.8000   28.50080  -87.97872    136.879    116.071  293.48837  293.92771 1.1856e-01 6.9620e+00    655.000          1     217486     82.410     7.0237     7.0238     72.272   9061.875     1.5067     1.4322     4.9365     4.6264     0.0000     0.0000     1.5067          8  0.000e+00
      98.71     0.0357          8   3.551891      0.000    -1.8000   28.50080  -87.97872    136.880    115.917  293.48889  293.92822 1.1856e-01 6.9619e+00    655.000          1     217487     82.416     7.0236     7.0237     72.278   9061.917     1.5067     1.4310     4.9353     4.6264     0.0000     0.0000     1.5067          8  0.000e+00
      98.71     0.0357          8   3.551936      0.000    -1.8000   28.50080  -87.97872    137.046    116.072  293.48678  293.92609 1.1856e-01 6.9621e+00    655.000          1     217488     82.400     7.0239     7.0236     72.262   9061.958     1.5079     1.4322     4.9353     4.6264     0.0000     0.0000     1.5079          8  0.000e+00
      98.71     0.0357          8   3.551917     -1.367    -1.8000   28.50080  -87.97872    137.045    115.916  293.48655  293.92585 1.1856e-01 6.9623e+00    654.943          1     217489     82.425     7.0240     7.0236     72.288   9062.000     1.5079     1.4310     4.9353     4.6264     0.0000     0.0000     1.5079          8  0.000e+00
      98.73     0.0357          8   3.551917      1.368    -1.8000   28.50080  -87.97872    136.879    115.917  293.48661  293.92590 1.1856e-01 6.9623e+00    655.000          1     217490     82.428     7.0240     7.0238     72.290   9062.042     1.5067     1.4310     4.9365     4.6264     0.0000     0.0000     1.5067          8  0.000e+00
      98.73     0.0357          8   3.551884      0.000    -1.8000   28.50080  -87.97872    136.879    115.917  293.48800  293.92730 1.1856e-01 6.9621e+00    655.000          1     217491     82.442     7.0239     7.0240     72.304   9062.083     1.5067     1.4310     4.9365     4.6264     0.0000     0.0000     1.5067          8  0.000e+00
      98.71     0.0431          9   3.974606     -1.529    -1.8000   28.50078  -87.97628    122.374    103.959  267.05455  267.10983 1.1856e-01 1.1149e+01    353.149          1     235146    110.990    11.1910    11.1908    102.794   9797.708     1.5324     1.4567     4.9353     4.6178     0.0000     0.0000     1.5324          9  0.000e+00
      98.71     0.0431          9   3.974592      4.078    -1.8000   28.50078  -87.97628    122.377    103.826  267.05494  267.11023 1.1856e-01 1.1149e+01    353.319          1     235147    111.010    11.1910    11.1911    102.809   9797.750     1.5324     1.4554     4.9353     4.6178     0.0000     0.0000     1.5324          9  0.000e+00
      98.71     0.0431          9   3.974613     -2.719    -1.8000   28.50078  -87.97628    122.375    103.825  267.05447  267.10975 1.1856e-01 1.1149e+01    353.205          1     235148    110.988    11.1910    11.1907    102.791   9797.792     1.5324     1.4554     4.9353     4.6178     0.0000     0.0000     1.5324          9  0.000e+00
      98.71     0.0431          9   3.974599      0.170    -1.8000   28.50078  -87.97628    122.375    103.825  267.05423  267.10951 1.1856e-01 1.1149e+01    353.212          1     235149    111.010    11.1911    11.1910    102.812   9797.833     1.5324     1.4554     4.9353     4.6178     0.0000     0.0000     1.5324          9  0.000e+00
      98.71     0.0431          9   3.974592      1.360    -1.8000   28.50078  -87.97628    122.377    103.826  267.05622  267.11154 1.1856e-01 1.1149e+01    353.269          1     235150    110.976    11.1906    11.1909    102.777   9797.875     1.5324     1.4554     4.9353     4.6178     0.0000     0.0000     1.5324          9  0.000e+00
      98.71     0.0431          9   3.974565     -1.529    -1.8000   28.50078  -87.97628    122.376    103.825  267.05602  267.11132 1.1856e-01 1.1149e+01    353.205          1     235151    111.008    11.1908    11.1909    102.810   9797.917     1.5324     1.4554     4.9353     4.6178     0.0000     0.0000     1.5324          9  0.000e+00
      98.71     0.0431          9   3.974579      1.530    -1.8000   28.50078  -87.97628    122.522    103.960  267.05516  267.11044 1.1856e-01 1.1149e+01    353.269          1     235152    111.017    11.1910    11.1910    102.818   9797.958     1.5336     1.4567     4.9353     4.6178     0.0000     0.0000     1.5336          9  0.000e+00
      98.71     0.0442          9   3.974592     -1.529    -1.8000   28.50078  -87.97628    122.375    103.959  267.05485  267.11013 1.1856e-01 1.1149e+01    353.205          1     235153    111.003    11.1910    11.1907    102.806   9798.000     1.5324     1.4567     4.9353     4.6166     0.0000     0.0000     1.5324          9  0.000e+00
      98.71     0.0442          9   3.974592      1.530    -1.8000   28.50078  -87.97628    122.377    103.960  267.05622  267.11154 1.1856e-01 1.1149e+01    353.269          1     235154    110.976    11.1906    11.1908    102.777   9798.042     1.5324     1.4567     4.9353     4.6166     0.0000     0.0000     1.5324          9  0.000e+00
      98.71     0.0431          9   3.974565     -2.549    -1.8000   28.50078  -87.97628    122.375    103.824  267.05599  267.11128 1.1856e-01 1.1149e+01    353.163          1     235155    111.005    11.1908    11.1907    102.809   9798.083     1.5324     1.4554     4.9353     4.6178     0.0000     0.0000     1.5324          9  0.000e+00
      98.71     0.0431          9   3.974579      2.209    -1.8000   28.50078  -87.97628    122.376    103.825  267.05581  267.11110 1.1856e-01 1.1149e+01    353.255          1     235156    111.001    11.1908    11.1911    102.802   9798.125     1.5324     1.4554     4.9353     4.6178     0.0000     0.0000     1.5324          9  0.000e+00
      98.71     0.0431          9   3.974592      0.340    -1.8000   28.50078  -87.97628    122.376    103.825  267.05556  267.11086 1.1856e-01 1.1149e+01    353.269          1     235157    110.992    11.1908    11.1908    102.792   9798.167     1.5324     1.4554     4.9353     4.6178     0.0000     0.0000     1.5324          9  0.000e+00
      98.71     0.0431          9   3.974592     -1.529    -1.8000   28.50078  -87.97628    122.375    103.959  267.05551  267.11081 1.1856e-01 1.1149e+01    353.205          1     235158    110.988    11.1908    11.1909    102.790   9798.208     1.5324     1.4567     4.9353     4.6178     0.0000     0.0000     1.5324          9  0.000e+00
      98.71     0.0431          9   3.974592      1.530    -1.8000   28.50078  -87.97628    122.377    103.826  267.05622  267.11154 1.1856e-01 1.1149e+01    353.269          1     235159    110.976    11.1906    11.1908    102.777   9798.250     1.5324     1.4554     4.9353     4.6178     0.0000     0.0000     1.5324          9  0.000e+00
      98.71     0.0431          9   3.974565     -1.359    -1.8000   28.50078  -87.97628    122.375    103.959  267.05537  267.11065 1.1856e-01 1.1149e+01    353.213          1     235160    111.024    11.1910    11.1909    102.826   9798.292     1.5324     1.4567     4.9353     4.6178     0.0000     0.0000     1.5324          9  0.000e+00
      98.71     0.0431          9   3.974552      1.020    -1.8000   28.50078  -87.97628    122.376    103.960  267.05632  267.11161 1.1856e-01 1.1149e+01    353.255          1     235161    111.020    11.1908    11.1909    102.822   9798.333     1.5324     1.4567     4.9353     4.6178     0.0000     0.0000     1.5324          9  0.000e+00
      98.71     0.0431          9   3.974552     -1.019    -1.8000   28.50078  -87.97628    122.522    103.825  267.05694  267.11225 1.1856e-01 1.1149e+01    353.213          1     235162    111.003    11.1906    11.1908    102.805   9798.375     1.5336     1.4554     4.9353     4.6178     0.0000     0.0000     1.5336          9  0.000e+00
      98.71     0.0442          9   3.974579      0.000    -1.8000   28.50078  -87.97628    122.375    103.960  267.05511  267.11039 1.1856e-01 1.1149e+01    353.213          1     235163    111.014    11.1910    11.1909    102.816   9798.417     1.5324     1.4567     4.9353     4.6166     0.0000     0.0000     1.5324          9  0.000e+00
      98.71     0.0421          9   3.974538      2.209    -1.8000   28.50078  -87.97628    122.377    103.826  267.05662  267.11191 1.1856e-01 1.1149e+01    353.305          1     235164    111.033    11.1908    11.1908    102.833   9798.458     1.5324     1.4554     4.9353     4.6190     0.0000     0.0000     1.5324          9  0.000e+00
      98.71     0.0431          9   3.974572     -2.209    -1.8000   28.50078  -87.97628    122.376    103.959  267.05590  267.11120 1.1856e-01 1.1149e+01    353.213          1     235165    111.003    11.1908    11.1909    102.806   9798.500     1.5324     1.4567     4.9353     4.6178     0.0000     0.0000     1.5324          9  0.000e+00
      98.71     0.0421          9   3.974613     -0.170    -1.8000   28.50078  -87.97628    122.520    103.959  267.05447  267.10975 1.1856e-01 1.1149e+01    353.205          1     235166    110.988    11.1910    11.1909    102.791   9798.542     1.5336     1.4567     4.9353     4.6190     0.0000     0.0000     1.5336          9  0.000e+00
      98.71     0.0431          9   3.974599      1.530    -1.8000   28.50078  -87.97628    122.376    103.960  267.05543  267.11074 1.1856e-01 1.1149e+01    353.269          1     235167    110.987    11.1908    11.1908    102.787   9798.583     1.5324     1.4567     4.9353     4.6178     0.0000     0.0000     1.5324          9  0.000e+00
      98.71     0.0431          9   3.974565     -1.359    -1.8000   28.50078  -87.97628    122.375    103.960  267.05487  267.11014 1.1856e-01 1.1149e+01    353.213          1     235168    111.035    11.1911    11.1909    102.837   9798.625     1.5324     1.4567     4.9353     4.6178     0.0000     0.0000     1.5324          9  0.000e+00
      98.71     0.0431          9   3.974579      1.020    -1.8000   28.50078  -87.97628    122.376    103.960  267.05515  267.11043 1.1856e-01 1.1149e+01    353.255          1     235169    111.016    11.1910    11.1908    102.817   9798.667     1.5324     1.4567     4.9353     4.6178     0.0000     0.0000     1.5324          9  0.000e+00
      98.71     0.0431          9   3.974592     -1.019    -1.8000   28.50078  -87.97628    122.521    103.959  267.05486  267.11014 1.1856e-01 1.1149e+01    353.213          1     235170    111.004    11.1910    11.1909    102.806   9798.708     1.5336     1.4567     4.9353     4.6178     0.0000     0.0000     1.5336          9  0.000e+00
      98.71     0.0431          9   3.974565      1.020    -1.8000   28.50078  -87.97628    122.376    103.960  267.05606  267.11136 1.1856e-01 1.1149e+01    353.255          1     235171    111.011    11.1908    11.1909    102.812   9798.750     1.5324     1.4567     4.9353     4.6178     0.0000     0.0000     1.5324          9  0.000e+00
      98.71     0.0431          9   3.974606      0.340    -1.8000   28.50078  -87.97628    122.376    103.961  267.05415  267.10943 1.1856e-01 1.1149e+01    353.269          1     235172    111.008    11.1911    11.1906    102.809   9798.792     1.5324     1.4567     4.9353     4.6178     0.0000     0.0000     1.5324          9  0.000e+00
      98.71     0.0431          9   3.974599     -1.359    -1.8000   28.50078  -87.97628    122.521    103.960  267.05473  267.11001 1.1856e-01 1.1149e+01    353.213          1     235173    110.999    11.1910    11.1907    102.801   9798.833     1.5336     1.4567     4.9353     4.6178     0.0000     0.0000     1.5336          9  0.000e+00
      98.71     0.0431          9   3.974592      1.020    -1.8000   28.50078  -87.97628    122.376    103.960  267.05489  267.11018 1.1856e-01 1.1149e+01    353.255          1     235174    111.006    11.1910    11.1907    102.807   9798.875     1.5324     1.4567     4.9353     4.6178     0.0000     0.0000     1.5324          9  0.000e+00
