test/data/CTD/g01l06s02.ros
* Sea-Bird SBE 9 Data File:
* FileName = D:\CTD DATA\2013\PE13-01 DiMarco\G01L06S02.hex
* Software Version Seasave V 7.21g
* Temperature SN = 4515
* Conductivity SN = 3079
* Number of Bytes Per Scan = 40
* Number of Voltage Words = 5
* Number of Scans Averaged by the Deck Unit = 1
* NMEA Latitude = 28 29.99 N
* NMEA Longitude = 087 59.94 W
* NMEA UTC (Time) = Jul 07 2012  07:20:40
* NMEA baud rate = 4800
# nquan = 31
# nvalues = 588                                   
# units = specified
# name 0 = altM: Altimeter [m]
# name 1 = bat: Beam Attenuation, Chelsea/Seatech [1/m]
# name 2 = bpos: Bottle Position in Carousel
# name 3 = c0S/m: Conductivity [S/m]
# name 4 = dz/dtM: Descent Rate [m/s]
# name 5 = wetCDOM: Fluorescence, WET Labs CDOM [mg/m^3]
# name 6 = latitude: Latitude [deg]
# name 7 = longitude: Longitude [deg]
# name 8 = sbeox0Mm/Kg: Oxygen, SBE 43 [umol/kg]
# name 9 = sbeox1Mm/Kg: Oxygen, SBE 43, 2 [umol/kg]
# name 10 = oxsolMm/Kg: Oxygen Saturation, Garcia & Gordon [umol/kg]
# name 11 = oxsatMm/Kg: Oxygen Saturation, Weiss [umol/kg]
# name 12 = par: PAR/Irradiance, Biospherical/Licor
# name 13 = pla: Plume Anomaly
# name 14 = prDM: Pressure, Digiquartz [db]
# name 15 = pumps: Pump Status
# name 16 = scan: Scan Count
# name 17 = sva: Specific Volume Anomaly [10^-8 * m^3/kg]
# name 18 = t090C: Temperature [ITS-90, deg C]
# name 19 = t190C: Temperature, 2 [ITS-90, deg C]
# name 20 = tsa: Thermosteric Anomaly [10^-8 * m^3/kg]
# name 21 = timeS: Time, Elapsed [seconds]
# name 22 = v0: Voltage 0
# name 23 = v1: Voltage 1
# name 24 = v2: Voltage 2
# name 25 = v3: Voltage 3
# name 26 = v4: Voltage 4
# name 27 = v5: Voltage 5
# name 28 = sbeox0V: Oxygen raw, SBE 43 [V]
# name 29 = nbf: Bottles Fired
# name 30 = flag:  0.000e+00
# interval = seconds: 0.0416667
# start_time = Jul 07 2012 07:20:40 [NMEA time, header]
# bad_flag = -9.990e-29
*END*
[from data line 141]
      98.66     0.0336          3   3.358091      1.398    -1.8000   28.50090  -87.98642    217.582    183.873  312.68358  313.46622 1.1856e-01 4.1364e+00   1820.326          1     140217     53.445     4.2894     4.2882     35.579   5842.333     1.7839     1.6813     4.9328     4.6288     0.0000     0.0000     1.7839          3  0.000e+00
      98.66     0.0347          3   3.358110      0.001    -1.8000   28.50090  -87.98642    217.374    183.874  312.68379  313.46646 1.1856e-01 4.1362e+00   1820.326          1     140218     53.416     4.2893     4.2880     35.550   5842.375     1.7827     1.6813     4.9328     4.6276     0.0000     0.0000     1.7827          3  0.000e+00
      98.66     0.0347          3   3.358085      0.001    -1.8000   28.50090  -87.98642    217.166    183.873  312.68376  313.46639 1.1856e-01 4.1364e+00   1820.326          1     140219     53.450     4.2894     4.2882     35.585   5842.417     1.7814     1.6813     4.9328     4.6276     0.0000     0.0000     1.7814          3  0.000e+00
      98.66     0.0357          3   3.358110      0.001    -1.8000   28.50090  -87.98642    217.374    183.873  312.68379  313.46646 1.1856e-01 4.1362e+00   1820.326          1     140220     53.416     4.2893     4.2883     35.550   5842.458     1.7827     1.6813     4.9328     4.6264     0.0000     0.0000     1.7827          3  0.000e+00
      98.68     0.0336          3   3.358098      0.001    -1.8000   28.50090  -87.98642    217.374    183.874  312.68317  313.46580 1.1856e-01 4.1364e+00   1820.326          1     140221     53.444     4.2895     4.2880     35.578   5842.500     1.7827     1.6813     4.9341     4.6288     0.0000     0.0000     1.7827          3  0.000e+00
      98.66     0.0336          3   3.358123      1.223    -1.8000   28.50090  -87.98642    217.375    183.875  312.68350  313.46617 1.1856e-01 4.1362e+00   1820.377          1     140222     53.407     4.2893     4.2881     35.541   5842.542     1.7827     1.6813     4.9328     4.6288     0.0000     0.0000     1.7827          3  0.000e+00
      98.66     0.0336          4   3.347974      0.347    -1.8000   28.50056  -87.98414    211.892    179.523  312.10165  312.87297 1.1856e-01 4.2538e+00   1414.024          1     169199     51.056     4.3692     4.3684     36.819   7049.917     1.8205     1.7179     4.9328     4.6288     0.0000     0.0000     1.8205          4  0.000e+00
      98.66     0.0347          4   3.347974     -0.346    -1.8000   28.50056  -87.98414    212.088    179.523  312.10164  312.87295 1.1856e-01 4.2538e+00   1414.010          1     169200     51.055     4.3692     4.3684     36.818   7049.958     1.8217     1.7179     4.9328     4.6276     0.0000     0.0000     1.8217          4  0.000e+00
      98.66     0.0357          4   3.347993     -1.213    -1.8000   28.50056  -87.98414    211.890    179.521  312.10106  312.87238 1.1856e-01 4.2538e+00   1413.959          1     169201     51.037     4.3692     4.3685     36.800   7050.000     1.8205     1.7179     4.9328     4.6264     0.0000     0.0000     1.8205          4  0.000e+00
      98.66     0.0357          4   3.347962      1.214    -1.8000   28.50056  -87.98414    211.892    179.523  312.10198  312.87329 1.1856e-01 4.2538e+00   1414.010          1     169202     51.066     4.3692     4.3682     36.830   7050.042     1.8205     1.7179     4.9328     4.6264     0.0000     0.0000     1.8205          4  0.000e+00
      98.66     0.0347          4   3.347968      0.347    -1.8000   28.50056  -87.98414    212.089    179.522  312.10183  312.87314 1.1856e-01 4.2538e+00   1414.024          1     169203     51.062     4.3692     4.3687     36.824   7050.083     1.8217     1.7179     4.9328     4.6276     0.0000     0.0000     1.8217          4  0.000e+00
      98.66     0.0347          4   3.347955      1.041    -1.8000   28.50056  -87.98414    211.893    179.524  312.10150  312.87278 1.1856e-01 4.2540e+00   1414.068          1     169204     51.087     4.3693     4.3684     36.850   7050.125     1.8205     1.7179     4.9328     4.6276     0.0000     0.0000     1.8205          4  0.000e+00
      98.66     0.0347          4   3.347943     -1.386    -1.8000   28.50056  -87.98414    211.892    179.523  312.10250  312.87380 1.1856e-01 4.2538e+00   1414.010          1     169205     51.083     4.3692     4.3685     36.846   7050.167     1.8205     1.7179     4.9328     4.6276     0.0000     0.0000     1.8205          4  0.000e+00
      98.66     0.0347          4   3.347962      0.000    -1.8000   28.50056  -87.98414    211.891    179.341  312.10126  312.87254 1.1856e-01 4.2540e+00   1414.010          1     169206     51.079     4.3693     4.3684     36.842   7050.208     1.8205     1.7167     4.9328     4.6276     0.0000     0.0000     1.8205          4  0.000e+00
      98.66     0.0347          4   3.347974      1.387    -1.8000   28.50056  -87.98414    211.893    179.342  312.10170  312.87302 1.1856e-01 4.2538e+00   1414.068          1     169207     51.058     4.3692     4.3686     36.821   7050.250     1.8205     1.7167     4.9328     4.6276     0.0000     0.0000     1.8205          4  0.000e+00
      98.66     0.0347          4   3.347974     -1.040    -1.8000   28.50056  -87.98414    211.892    179.524  312.10165  312.87297 1.1856e-01 4.2538e+00   1414.024          1     169208     51.056     4.3692     4.3682     36.819   7050.292     1.8205     1.7179     4.9328     4.6276     0.0000     0.0000     1.8205          4  0.000e+00
      98.66     0.0347          4   3.347974      1.041    -1.8000   28.50056  -87.98414    211.892    179.525  312.10098  312.87227 1.1856e-01 4.2540e+00   1414.068          1     169209     51.071     4.3693     4.3684     36.833   7050.333     1.8205     1.7179     4.9328     4.6276     0.0000     0.0000     1.8205          4  0.000e+00
      98.66     0.0347          4   3.347949      0.001    -1.8000   28.50056  -87.98414    211.893    179.525  312.10239  312.87370 1.1856e-01 4.2538e+00   1414.068          1     169210     51.080     4.3692     4.3683     36.843   7050.375     1.8205     1.7179     4.9328     4.6276     0.0000     0.0000     1.8205          4  0.000e+00
      98.66     0.0347          4   3.347962     -1.386    -1.8000   28.50056  -87.98414    211.891    179.341  312.10126  312.87254 1.1856e-01 4.2540e+00   1414.010          1     169211     51.079     4.3693     4.3686     36.842   7050.417     1.8205     1.7167     4.9328     4.6276     0.0000     0.0000     1.8205          4  0.000e+00
      98.66     0.0347          4   3.347974      1.561    -1.8000   28.50056  -87.98414    211.893    179.525  312.10099  312.87227 1.1856e-01 4.2540e+00   1414.075          1     169212     51.071     4.3693     4.3683     36.834   7050.458     1.8205     1.7179     4.9328     4.6276     0.0000     0.0000     1.8205          4  0.000e+00
      98.66     0.0347          4   3.347974      1.041    -1.8000   28.50056  -87.98414    211.894    179.343  312.10176  312.87307 1.1856e-01 4.2538e+00   1414.118          1     169213     51.060     4.3692     4.3686     36.822   7050.500     1.8205     1.7167     4.9328     4.6276     0.0000     0.0000     1.8205          4  0.000e+00
      98.66     0.0347          4   3.347955     -1.213    -1.8000   28.50056  -87.98414    211.893    179.341  312.10222  312.87353 1.1856e-01 4.2538e+00   1414.068          1     169214     51.074     4.3692     4.3686     36.837   7050.542     1.8205     1.7167     4.9328     4.6276     0.0000     0.0000     1.8205          4  0.000e+00
      98.66     0.0347          4   3.347968      0.001    -1.8000   28.50056  -87.98414    212.089    179.524  312.10115  312.87244 1.1856e-01 4.2540e+00   1414.068          1     169215     51.076     4.3693     4.3683     36.839   7050.583     1.8217     1.7179     4.9328     4.6276     0.0000     0.0000     1.8217          4  0.000e+00
      98.66     0.0347          4   3.347974      1.214    -1.8000   28.50056  -87.98414    212.091    179.525  312.10176  312.87307 1.1856e-01 4.2538e+00   1414.119          1     169216     51.060     4.3692     4.3684     36.822   7050.625     1.8217     1.7179     4.9328     4.6276     0.0000     0.0000     1.8217          4  0.000e+00
      98.66     0.0347          4   3.347974     -1.040    -1.8000   28.50056  -87.98414    211.893    179.524  312.10099  312.87227 1.1856e-01 4.2540e+00   1414.075          1     169217     51.071     4.3693     4.3683     36.834   7050.667     1.8205     1.7179     4.9328     4.6276     0.0000     0.0000     1.8205          4  0.000e+00
      98.66     0.0347          4   3.347993      1.041    -1.8000   28.50056  -87.98414    211.894    179.344  312.10124  312.87256 1.1856e-01 4.2538e+00   1414.119          1     169218     51.044     4.3692     4.3682     36.806   7050.708     1.8205     1.7167     4.9328     4.6276     0.0000     0.0000     1.8205          4  0.000e+00
      98.66     0.0347          4   3.348006      0.001    -1.8000   28.50056  -87.98414    211.894    179.343  312.10090  312.87222 1.1856e-01 4.2538e+00   1414.119          1     169219     51.033     4.3692     4.3683     36.795   7050.750     1.8205     1.7167     4.9328     4.6276     0.0000     0.0000     1.8205          4  0.000e+00
      98.66     0.0347          4   3.347955      1.387    -1.8000   28.50056  -87.98414    212.093    179.526  312.10234  312.87365 1.1856e-01 4.2538e+00   1414.176          1     169220     51.079     4.3692     4.3684     36.841   7050.792     1.8217     1.7179     4.9328     4.6276     0.0000     0.0000     1.8217          4  0.000e+00
      98.66     0.0347          4   3.348012     -2.426    -1.8000   28.50056  -87.98414    212.089    179.342  312.10067  312.87200 1.1856e-01 4.2538e+00   1414.075          1     169221     51.026     4.3692     4.3684     36.787   7050.833     1.8217     1.7167     4.9328     4.6276     0.0000     0.0000     1.8217          4  0.000e+00
      98.66     0.0347          4   3.347987      2.428    -1.8000   28.50056  -87.98414    212.093    179.344  312.10148  312.87280 1.1856e-01 4.2538e+00   1414.176          1     169222     51.052     4.3692     4.3685     36.813   7050.875     1.8217     1.7167     4.9328     4.6276     0.0000     0.0000     1.8217          4  0.000e+00
      98.66     0.0347          4   3.347974     -1.386    -1.8000   28.50056  -87.98414    212.091    179.342  312.10176  312.87307 1.1856e-01 4.2538e+00   1414.119          1     169223     51.060     4.3692     4.3686     36.822   7050.917     1.8217     1.7167     4.9328     4.6276     0.0000     0.0000     1.8217          4  0.000e+00
      98.66     0.0357          4   3.347993      1.387    -1.8000   28.50056  -87.98414    211.895    179.527  312.10058  312.87188 1.1856e-01 4.2540e+00   1414.177          1     169224     51.060     4.3693     4.3685     36.821   7050.958     1.8205     1.7179     4.9328     4.6264     0.0000     0.0000     1.8205          4  0.000e+00
      98.66     0.0336          4   3.347981      0.000    -1.8000   28.50056  -87.98414    212.093    179.345  312.10165  312.87297 1.1856e-01 4.2538e+00   1414.177          1     169225     51.058     4.3692     4.3684     36.819   7051.000     1.8217     1.7167     4.9328     4.6288     0.0000     0.0000     1.8217          4  0.000e+00
      98.66     0.0357          4   3.347974      0.174    -1.8000   28.50056  -87.98414    211.896    179.345  312.10183  312.87315 1.1856e-01 4.2538e+00   1414.184          1     169226     51.063     4.3692     4.3683     36.825   7051.042     1.8205     1.7167     4.9328     4.6264     0.0000     0.0000     1.8205          4  0.000e+00
      98.66     0.0347          4   3.347974     -0.173    -1.8000   28.50056  -87.98414    211.895    179.345  312.10110  312.87239 1.1856e-01 4.2540e+00   1414.177          1     169227     51.076     4.3693     4.3684     36.837   7051.083     1.8205     1.7167     4.9328     4.6276     0.0000     0.0000     1.8205          4  0.000e+00
      98.66     0.0357          4   3.347974      0.001    -1.8000   28.50056  -87.98414    211.896    179.344  312.10183  312.87314 1.1856e-01 4.2538e+00   1414.177          1     169228     51.063     4.3692     4.3686     36.824   7051.125     1.8205     1.7167     4.9328     4.6264     0.0000     0.0000     1.8205          4  0.000e+00
      98.66     0.0357          4   3.347993      1.214    -1.8000   28.50056  -87.98414    211.897    179.527  312.10136  312.87268 1.1856e-01 4.2538e+00   1414.227          1     169229     51.049     4.3692     4.3685     36.810   7051.167     1.8205     1.7179     4.9328     4.6264     0.0000     0.0000     1.8205          4  0.000e+00
      98.66     0.0347          4   3.347962      0.347    -1.8000   28.50056  -87.98414    211.898    179.529  312.10225  312.87355 1.1856e-01 4.2538e+00   1414.242          1     169230     51.077     4.3692     4.3682     36.838   7051.208     1.8205     1.7179     4.9328     4.6276     0.0000     0.0000     1.8205          4  0.000e+00
      98.66     0.0357          4   3.347987     -1.560    -1.8000   28.50056  -87.98414    211.896    179.526  312.10148  312.87280 1.1856e-01 4.2538e+00   1414.177          1     169231     51.052     4.3692     4.3685     36.813   7051.250     1.8205     1.7179     4.9328     4.6264     0.0000     0.0000     1.8205          4  0.000e+00
      98.66     0.0357          4   3.347981      1.214    -1.8000   28.50056  -87.98414    211.897    179.528  312.10171  312.87302 1.1856e-01 4.2538e+00   1414.227          1     169232     51.060     4.3692     4.3684     36.821   7051.292     1.8205     1.7179     4.9328     4.6264     0.0000     0.0000     1.8205          4  0.000e+00
      98.66     0.0357          4   3.348019      1.388    -1.8000   28.50056  -87.98414    211.898    179.530  312.10074  312.87206 1.1856e-01 4.2538e+00   1414.285          1     169233     51.030     4.3692     4.3683     36.790   7051.333     1.8205     1.7179     4.9328     4.6264     0.0000     0.0000     1.8205          4  0.000e+00
      98.66     0.0357          4   3.347962     -1.386    -1.8000   28.50056  -87.98414    211.898    179.347  312.10295  312.87428 1.1856e-01 4.2537e+00   1414.227          1     169234     51.063     4.3690     4.3682     36.825   7051.375     1.8205     1.7167     4.9328     4.6264     0.0000     0.0000     1.8205          4  0.000e+00
      98.66     0.0357          4   3.347962      0.347    -1.8000   28.50056  -87.98414    211.898    179.347  312.10225  312.87355 1.1856e-01 4.2538e+00   1414.242          1     169235     51.077     4.3692     4.3684     36.838   7051.417     1.8205     1.7167     4.9328     4.6264     0.0000     0.0000     1.8205          4  0.000e+00
      98.66     0.0347          4   3.347974      1.041    -1.8000   28.50056  -87.98414    211.899    179.529  312.10195  312.87326 1.1856e-01 4.2538e+00   1414.285          1     169236     51.068     4.3692     4.3685     36.828   7051.458     1.8205     1.7179     4.9328     4.6276     0.0000     0.0000     1.8205          4  0.000e+00
      98.66     0.0347          4   3.347974     -1.386    -1.8000   28.50056  -87.98414    211.897    179.345  312.10188  312.87319 1.1856e-01 4.2538e+00   1414.227          1     169237     51.065     4.3692     4.3686     36.826   7051.500     1.8205     1.7167     4.9328     4.6276     0.0000     0.0000     1.8205          4  0.000e+00
      98.66     0.0357          4   3.347974      2.601    -1.8000   28.50056  -87.98414    211.900    179.531  312.10128  312.87257 1.1856e-01 4.2539e+00   1414.336          1     169238     51.083     4.3693     4.3683     36.843   7051.542     1.8205     1.7179     4.9328     4.6264     0.0000     0.0000     1.8205          4  0.000e+00
