test/data/CTD/g01l04s05.ros
* Sea-Bird SBE 9 Data File:
* FileName = D:\CTD DATA\2013\PE13-01 DiMarco\G01L04S05.hex
* Software Version Seasave V 7.21g
* Temperature SN = 4515
* Conductivity SN = 3079
* Number of Bytes Per Scan = 40
* Number of Voltage Words = 5
* Number of Scans Averaged by the Deck Unit = 1
* NMEA Latitude = 28 00.01 N
* NMEA Longitude = 088 29.93 W
* NMEA UTC (Time) = Jul 09 2012  05:55:22
* NMEA baud rate = 4800
# nquan = 31
# nvalues = 588                                   
# units = specified
# name 0 = altM: Altimeter [m]
# name 1 = bat: Beam Attenuation, Chelsea/Seatech [1/m]
# name 2 = bpos: Bottle Position in Carousel
# name 3 = c0S/m: Conductivity [S/m]
# name 4 = dz/dtM: Descent Rate [m/s]
# name 5 = wetCDOM: Fluorescence, WET Labs CDOM [mg/m^3]
# name 6 = latitude: Latitude [deg]
# name 7 = longitude: Longitude [deg]
# name 8 = sbeox0Mm/Kg: Oxygen, SBE 43 [umol/kg]
# name 9 = sbeox1Mm/Kg: Oxygen, SBE 43, 2 [umol/kg]
# name 10 = oxsolMm/Kg: Oxygen Saturation, Garcia & Gordon [umol/kg]
# name 11 = oxsatMm/Kg: Oxygen Saturation, Weiss [umol/kg]
# name 12 = par: PAR/Irradiance, Biospherical/Licor
# name 13 = pla: Plume Anomaly
# name 14 = prDM: Pressure, Digiquartz [db]
# name 15 = pumps: Pump Status
# name 16 = scan: Scan Count
# name 17 = sva: Specific Volume Anomaly [10^-8 * m^3/kg]
# name 18 = t090C: Temperature [ITS-90, deg C]
# name 19 = t190C: Temperature, 2 [ITS-90, deg C]
# name 20 = tsa: Thermosteric Anomaly [10^-8 * m^3/kg]
# name 21 = timeS: Time, Elapsed [seconds]
# name 22 = v0: Voltage 0
# name 23 = v1: Voltage 1
# name 24 = v2: Voltage 2
# name 25 = v3: Voltage 3
# name 26 = v4: Voltage 4
# name 27 = v5: Voltage 5
# name 28 = sbeox0V: Oxygen raw, SBE 43 [V]
# name 29 = nbf: Bottles Fired
# name 30 = flag:  0.000e+00
# interval = seconds: 0.0416667
# start_time = Jul 09 2012 05:55:22 [NMEA time, header]
# bad_flag = -9.990e-29
*END*
[from data line 562]
      98.58     0.0654         12   5.894655     -1.013    -1.8000   28.04494  -88.50264    198.864    175.966  191.63592  191.15274 1.1856e-01 2.9350e+01      1.153          1     202726    522.555    29.3435    29.3394    522.710   8446.875     2.9389     2.7937     4.9292     4.5922     0.0000     0.0000     2.9389         12  0.000e+00
      98.58     0.0644         12   5.894886      2.363    -1.8000   28.04494  -88.50264    198.956    175.970  191.62625  191.14314 1.1856e-01 2.9354e+01      1.251          1     202727    522.764    29.3471    29.3385    522.915   8446.917     2.9402     2.7937     4.9292     4.5934     0.0000     0.0000     2.9402         12  0.000e+00
      98.58     0.0644         12   5.895293     -2.363    -1.8000   28.04494  -88.50264    198.943    175.968  191.61572  191.13268 1.1856e-01 2.9357e+01      1.153          1     202728    522.847    29.3505    29.3386    523.003   8446.958     2.9402     2.7937     4.9292     4.5934     0.0000     0.0000     2.9402         12  0.000e+00
      98.56     0.0654         12   5.896035      1.013    -1.8000   28.04494  -88.50264    198.924    176.068  191.59667  191.11377 1.1856e-01 2.9363e+01      1.195          1     202729    523.010    29.3566    29.3368    523.164   8447.000     2.9402     2.7949     4.9280     4.5922     0.0000     0.0000     2.9402         12  0.000e+00
      98.58     0.0654         12   5.896793      0.338    -1.8000   28.04494  -88.50264    198.903    176.072  191.57557  191.09281 1.1856e-01 2.9370e+01      1.209          1     202730    523.241    29.3637    29.3352    523.394   8447.042     2.9402     2.7949     4.9292     4.5922     0.0000     0.0000     2.9402         12  0.000e+00
      98.58     0.0644         12   5.897216      1.013    -1.8000   28.04494  -88.50264    198.888    176.070  191.56110  191.07844 1.1856e-01 2.9376e+01      1.251          1     202731    523.483    29.3689    29.3362    523.634   8447.083     2.9402     2.7949     4.9292     4.5934     0.0000     0.0000     2.9402         12  0.000e+00
      98.58     0.0644         12   5.897304      0.169    -1.8000   28.04494  -88.50264    198.886    176.163  191.55824  191.07560 1.1856e-01 2.9377e+01      1.258          1     202732    523.527    29.3699    29.3372    523.678   8447.125     2.9402     2.7961     4.9292     4.5934     0.0000     0.0000     2.9402         12  0.000e+00
      98.56     0.0654         12   5.897312     -1.519    -1.8000   28.04494  -88.50264    198.983    176.167  191.55758  191.07494 1.1856e-01 2.9377e+01      1.195          1     202733    523.543    29.3701    29.3356    523.696   8447.167     2.9414     2.7961     4.9280     4.5922     0.0000     0.0000     2.9414         12  0.000e+00
      98.56     0.0654         12   5.897376      1.519    -1.8000   28.04494  -88.50264    198.983    176.179  191.55586  191.07324 1.1856e-01 2.9377e+01      1.258          1     202734    523.564    29.3707    29.3310    523.715   8447.208     2.9414     2.7961     4.9280     4.5922     0.0000     0.0000     2.9414         12  0.000e+00
      98.58     0.0644         12   5.897471     -1.519    -1.8000   28.04494  -88.50264    198.877    176.189  191.55176  191.06917 1.1856e-01 2.9379e+01      1.195          1     202735    523.647    29.3723    29.3267    523.800   8447.250     2.9402     2.7961     4.9292     4.5934     0.0000     0.0000     2.9402         12  0.000e+00
      98.58     0.0644         12   5.897671      1.519    -1.8000   28.04494  -88.50264    198.973    176.197  191.54636  191.06380 1.1856e-01 2.9381e+01      1.258          1     202736    523.706    29.3741    29.3236    523.857   8447.292     2.9414     2.7961     4.9292     4.5934     0.0000     0.0000     2.9414         12  0.000e+00
      98.58     0.0654         12   5.897743     -0.169    -1.8000   28.04494  -88.50264    198.970    176.204  191.54341  191.06087 1.1856e-01 2.9382e+01      1.251          1     202737    523.767    29.3752    29.3208    523.918   8447.333     2.9414     2.7961     4.9292     4.5922     0.0000     0.0000     2.9414         12  0.000e+00
      98.58     0.0654         12   5.897894      0.169    -1.8000   28.04494  -88.50264    198.965    176.207  191.53902  191.05652 1.1856e-01 2.9383e+01      1.258          1     202738    523.820    29.3767    29.3192    523.971   8447.375     2.9414     2.7961     4.9292     4.5922     0.0000     0.0000     2.9414         12  0.000e+00
      98.56     0.0665         12   5.897966     -0.169    -1.8000   28.04494  -88.50264    198.964    176.210  191.53785  191.05536 1.1856e-01 2.9384e+01      1.251          1     202739    523.807    29.3769    29.3180    523.959   8447.417     2.9414     2.7961     4.9280     4.5910     0.0000     0.0000     2.9414         12  0.000e+00
      98.58     0.0654         12   5.897878      0.169    -1.8000   28.04494  -88.50264    199.067    176.209  191.54036  191.05785 1.1856e-01 2.9383e+01      1.258          1     202740    523.778    29.3761    29.3182    523.929   8447.458     2.9426     2.7961     4.9292     4.5922     0.0000     0.0000     2.9426         12  0.000e+00
      98.58     0.0654         12   5.897942     -0.169    -1.8000   28.04494  -88.50264    199.067    176.209  191.54140  191.05888 1.1856e-01 2.9382e+01      1.251          1     202741    523.683    29.3753    29.3184    523.834   8447.500     2.9426     2.7961     4.9292     4.5922     0.0000     0.0000     2.9426         12  0.000e+00
      98.56     0.0654         12   5.898565      0.169    -1.8000   28.04494  -88.50264    199.053    176.116  191.52728  191.04486 1.1856e-01 2.9386e+01      1.258          1     202742    523.742    29.3796    29.3180    523.893   8447.542     2.9426     2.7949     4.9280     4.5922     0.0000     0.0000     2.9426         12  0.000e+00
      98.58     0.0644         12   5.899051     -0.169    -1.8000   28.04494  -88.50264    199.037    176.210  191.51199  191.02968 1.1856e-01 2.9392e+01      1.251          1     202743    523.961    29.3849    29.3182    524.112   8447.583     2.9426     2.7961     4.9292     4.5934     0.0000     0.0000     2.9426         12  0.000e+00
      98.56     0.0654         12   5.899059     -1.012    -1.8000   28.04494  -88.50264    198.929    176.208  191.50513  191.02287 1.1856e-01 2.9395e+01      1.209          1     202744    524.230    29.3881    29.3182    524.383   8447.625     2.9414     2.7961     4.9280     4.5922     0.0000     0.0000     2.9414         12  0.000e+00
      98.56     0.0665         12   5.898908      1.013    -1.8000   28.04494  -88.50264    199.031    176.209  191.50675  191.02448 1.1856e-01 2.9395e+01      1.251          1     202745    524.293    29.3880    29.3187    524.444   8447.667     2.9426     2.7961     4.9280     4.5910     0.0000     0.0000     2.9426         12  0.000e+00
      98.56     0.0654         12   5.898668      0.169    -1.8000   28.04494  -88.50264    199.040    176.209  191.51501  191.03268 1.1856e-01 2.9392e+01      1.258          1     202746    524.156    29.3850    29.3186    524.307   8447.708     2.9426     2.7961     4.9280     4.5922     0.0000     0.0000     2.9426         12  0.000e+00
      98.56     0.0654         12   5.898469     -0.169    -1.8000   28.04494  -88.50264    199.048    176.208  191.52307  191.04068 1.1856e-01 2.9389e+01      1.251          1     202747    523.992    29.3820    29.3188    524.143   8447.750     2.9426     2.7961     4.9280     4.5922     0.0000     0.0000     2.9426         12  0.000e+00
      98.58     0.0654         12   5.898317     -1.012    -1.8000   28.04494  -88.50264    198.954    176.208  191.52887  191.04644 1.1856e-01 2.9387e+01      1.209          1     202748    523.879    29.3798    29.3184    524.031   8447.792     2.9414     2.7961     4.9292     4.5922     0.0000     0.0000     2.9414         12  0.000e+00
      98.56     0.0665         12   5.898190      1.181    -1.8000   28.04494  -88.50264    198.958    176.206  191.53187  191.04942 1.1856e-01 2.9386e+01      1.258          1     202749    523.866    29.3789    29.3193    524.017   8447.833     2.9414     2.7961     4.9280     4.5910     0.0000     0.0000     2.9414         12  0.000e+00
      98.56     0.0654         12   5.898070     -0.169    -1.8000   28.04494  -88.50264    198.860    176.202  191.53364  191.05118 1.1856e-01 2.9385e+01      1.251          1     202750    523.893    29.3785    29.3208    524.044   8447.875     2.9402     2.7961     4.9280     4.5922     0.0000     0.0000     2.9402         12  0.000e+00
      98.56     0.0665         12   5.898022      0.169    -1.8000   28.04494  -88.50264    198.763    176.291  191.53618  191.05370 1.1856e-01 2.9384e+01      1.258          1     202751    523.830    29.3775    29.3234    523.980   8447.917     2.9389     2.7973     4.9280     4.5910     0.0000     0.0000     2.9389         12  0.000e+00
