test/data/CTD/g01l04s05.ros
* Sea-Bird SBE 9 Data File:
* FileName = D:\CTD DATA\2013\PE13-01 DiMarco\G01L04S05.hex
* Software Version Seasave V 7.21g
* Temperature SN = 4515
* Conductivity SN = 3079
* Number of Bytes Per Scan = 40
* Number of Voltage Words = 5
* Number of Scans Averaged by the Deck Unit = 1
* NMEA Latitude = 28 00.01 N
* NMEA Longitude = 088 29.93 W
* NMEA UTC (Time) = Jul 09 2012  05:55:22
* NMEA baud rate = 4800
# nquan = 31
# nvalues = 588                                   
# units = specified
# name 0 = altM: Altimeter [m]
# name 1 = bat: Beam Attenuation, Chelsea/Seatech [1/m]
# name 2 = bpos: Bottle Position in Carousel
# name 3 = c0S/m: Conductivity [S/m]
# name 4 = dz/dtM: Descent Rate [m/s]
# name 5 = wetCDOM: Fluorescence, WET Labs CDOM [mg/m^3]
# name 6 = latitude: Latitude [deg]
# name 7 = longitude: Longitude [deg]
# name 8 = sbeox0Mm/Kg: Oxygen, SBE 43 [umol/kg]
# name 9 = sbeox1Mm/Kg: Oxygen, SBE 43, 2 [umol/kg]
# name 10 = oxsolMm/Kg: Oxygen Saturation, Garcia & Gordon [umol/kg]
# name 11 = oxsatMm/Kg: Oxygen Saturation, Weiss [umol/kg]
# name 12 = par: PAR/Irradiance, Biospherical/Licor
# name 13 = pla: Plume Anomaly
# name 14 = prDM: Pressure, Digiquartz [db]
# name 15 = pumps: Pump Status
# name 16 = scan: Scan Count
# name 17 = sva: Specific Volume Anomaly [10^-8 * m^3/kg]
# name 18 = t090C: Temperature [ITS-90, deg C]
# name 19 = t190C: Temperature, 2 [ITS-90, deg C]
# name 20 = tsa: Thermosteric Anomaly [10^-8 * m^3/kg]
# name 21 = timeS: Time, Elapsed [seconds]
# name 22 = v0: Voltage 0
# name 23 = v1: Voltage 1
# name 24 = v2: Voltage 2
# name 25 = v3: Voltage 3
# name 26 = v4: Voltage 4
# name 27 = v5: Voltage 5
# name 28 = sbeox0V: Oxygen raw, SBE 43 [V]
# name 29 = nbf: Bottles Fired
# name 30 = flag:  0.000e+00
# interval = seconds: 0.0416667
# start_time = Jul 09 2012 05:55:22 [NMEA time, header]
# bad_flag = -9.990e-29
*END*
[from data line 188]
      98.66     0.0347          4   3.347949      0.001    -1.8000   28.02826  -88.50406    211.929    179.555  312.10147  312.87267 1.1856e-01 4.2542e+00   1415.383          1     125361     51.183     4.3696     4.3688     36.933   5223.333     1.8205     1.7179     4.9328     4.6276     0.0000     0.0000     1.8205          4  0.000e+00
      98.66     0.0347          4   3.347962     -1.213    -1.8000   28.02826  -88.50406    211.926    179.553  312.10034  312.87152 1.1856e-01 4.2543e+00   1415.333          1     125362     51.182     4.3698     4.3691     36.933   5223.375     1.8205     1.7179     4.9328     4.6276     0.0000     0.0000     1.8205          4  0.000e+00
      98.66     0.0347          4   3.347949      1.561    -1.8000   28.02826  -88.50406    211.929    179.555  312.10148  312.87269 1.1856e-01 4.2542e+00   1415.398          1     125363     51.183     4.3696     4.3689     36.934   5223.417     1.8205     1.7179     4.9328     4.6276     0.0000     0.0000     1.8205          4  0.000e+00
      98.66     0.0357          4   3.347943     -1.559    -1.8000   28.02826  -88.50406    211.927    179.736  312.10158  312.87278 1.1856e-01 4.2542e+00   1415.333          1     125364     51.186     4.3696     4.3688     36.937   5223.458     1.8205     1.7192     4.9328     4.6264     0.0000     0.0000     1.8205          4  0.000e+00
      98.66     0.0347          4   3.347968      0.001    -1.8000   28.02826  -88.50406    211.926    179.735  312.10017  312.87135 1.1856e-01 4.2543e+00   1415.333          1     125365     51.177     4.3698     4.3689     36.928   5223.500     1.8205     1.7192     4.9328     4.6276     0.0000     0.0000     1.8205          4  0.000e+00
      98.66     0.0357          4   3.347994      0.001    -1.8000   28.02826  -88.50406    211.926    179.735  312.09948  312.87067 1.1856e-01 4.2543e+00   1415.333          1     125366     51.155     4.3698     4.3690     36.906   5223.542     1.8205     1.7192     4.9328     4.6264     0.0000     0.0000     1.8205          4  0.000e+00
      98.66     0.0347          4   3.347981      0.001    -1.8000   28.02826  -88.50406    211.927    179.735  312.10055  312.87176 1.1856e-01 4.2542e+00   1415.333          1     125367     51.153     4.3696     4.3691     36.904   5223.583     1.8205     1.7192     4.9328     4.6276     0.0000     0.0000     1.8205          4  0.000e+00
      98.66     0.0347          4   3.347975      0.001    -1.8000   28.02826  -88.50406    212.123    179.734  312.09999  312.87118 1.1856e-01 4.2543e+00   1415.333          1     125368     51.172     4.3698     4.3691     36.922   5223.625     1.8217     1.7192     4.9328     4.6276     0.0000     0.0000     1.8217          4  0.000e+00
      98.66     0.0357          5   3.357803      2.073    -1.8000   28.03032  -88.50460    201.212    170.493  310.52094  311.26200 1.1856e-01 4.4871e+00   1209.816          1     137632     52.743     4.5857     4.5851     39.978   5734.625     1.7949     1.6947     4.9328     4.6264     0.0000     0.0000     1.7949          5  0.000e+00
      98.66     0.0357          5   3.357784     -0.690    -1.8000   28.03032  -88.50460    201.212    170.493  310.52190  311.26296 1.1856e-01 4.4870e+00   1209.787          1     137633     52.749     4.5856     4.5851     39.985   5734.667     1.7949     1.6947     4.9328     4.6264     0.0000     0.0000     1.7949          5  0.000e+00
      98.68     0.0357          5   3.357790      0.001    -1.8000   28.03032  -88.50460    201.211    170.494  310.52054  311.26156 1.1856e-01 4.4872e+00   1209.787          1     137634     52.766     4.5859     4.5850     40.001   5734.708     1.7949     1.6947     4.9341     4.6264     0.0000     0.0000     1.7949          5  0.000e+00
      98.68     0.0357          5   3.357797      0.001    -1.8000   28.03032  -88.50460    201.212    170.493  310.52156  311.26263 1.1856e-01 4.4870e+00   1209.787          1     137635     52.739     4.5856     4.5851     39.974   5734.750     1.7949     1.6947     4.9341     4.6264     0.0000     0.0000     1.7949          5  0.000e+00
      98.66     0.0357          5   3.357784      1.210    -1.8000   28.03032  -88.50460    201.213    170.494  310.52076  311.26179 1.1856e-01 4.4872e+00   1209.838          1     137636     52.773     4.5859     4.5851     40.008   5734.792     1.7949     1.6947     4.9328     4.6264     0.0000     0.0000     1.7949          5  0.000e+00
      98.66     0.0347          5   3.357816     -0.517    -1.8000   28.03032  -88.50460    201.212    170.494  310.52060  311.26166 1.1856e-01 4.4871e+00   1209.816          1     137637     52.732     4.5857     4.5850     39.967   5734.833     1.7949     1.6947     4.9328     4.6276     0.0000     0.0000     1.7949          5  0.000e+00
      98.66     0.0357          5   3.357828      1.900    -1.8000   28.03032  -88.50460    201.215    170.495  310.52154  311.26264 1.1856e-01 4.4868e+00   1209.895          1     137638     52.704     4.5855     4.5851     39.937   5734.875     1.7949     1.6947     4.9328     4.6264     0.0000     0.0000     1.7949          5  0.000e+00
      98.66     0.0357          5   3.357771     -1.381    -1.8000   28.03032  -88.50460    201.214    170.495  310.52182  311.26287 1.1856e-01 4.4871e+00   1209.838          1     137639     52.771     4.5857     4.5848     40.006   5734.917     1.7949     1.6947     4.9328     4.6264     0.0000     0.0000     1.7949          5  0.000e+00
      98.66     0.0357          5   3.357809      0.001    -1.8000   28.03032  -88.50460    201.213    170.494  310.52056  311.26161 1.1856e-01 4.4871e+00   1209.838          1     137640     52.743     4.5858     4.5850     39.977   5734.958     1.7949     1.6947     4.9328     4.6264     0.0000     0.0000     1.7949          5  0.000e+00
      98.66     0.0357          5   3.357803      0.001    -1.8000   28.03032  -88.50460    201.213    170.495  310.52097  311.26202 1.1856e-01 4.4871e+00   1209.838          1     137641     52.744     4.5857     4.5848     39.979   5735.000     1.7949     1.6947     4.9328     4.6264     0.0000     0.0000     1.7949          5  0.000e+00
      98.66     0.0357          5   3.357803      2.073    -1.8000   28.03032  -88.50460    201.215    170.497  310.52106  311.26212 1.1856e-01 4.4871e+00   1209.924          1     137642     52.748     4.5857     4.5848     39.982   5735.042     1.7949     1.6947     4.9328     4.6264     0.0000     0.0000     1.7949          5  0.000e+00
      98.66     0.0357          5   3.357822     -0.690    -1.8000   28.03032  -88.50460    201.215    170.496  310.52099  311.26207 1.1856e-01 4.4870e+00   1209.896          1     137643     52.722     4.5856     4.5849     39.956   5735.083     1.7949     1.6947     4.9328     4.6264     0.0000     0.0000     1.7949          5  0.000e+00
      98.66     0.0357          5   3.357803      0.001    -1.8000   28.03032  -88.50460    201.215    170.496  310.52103  311.26209 1.1856e-01 4.4871e+00   1209.896          1     137644     52.747     4.5857     4.5850     39.981   5735.125     1.7949     1.6947     4.9328     4.6264     0.0000     0.0000     1.7949          5  0.000e+00
      98.66     0.0357          5   3.357803      0.001    -1.8000   28.03032  -88.50460    201.214    170.672  310.52079  311.26184 1.1856e-01 4.4871e+00   1209.896          1     137645     52.751     4.5858     4.5850     39.985   5735.167     1.7949     1.6960     4.9328     4.6264     0.0000     0.0000     1.7949          5  0.000e+00
      98.66     0.0357          5   3.357822      0.001    -1.8000   28.03032  -88.50460    201.214    170.671  310.52052  311.26158 1.1856e-01 4.4871e+00   1209.896          1     137646     52.731     4.5857     4.5851     39.964   5735.208     1.7949     1.6960     4.9328     4.6264     0.0000     0.0000     1.7949          5  0.000e+00
      98.66     0.0357          5   3.357803      0.691    -1.8000   28.03032  -88.50460    201.215    170.497  310.52106  311.26212 1.1856e-01 4.4871e+00   1209.924          1     137647     52.748     4.5857     4.5848     39.982   5735.250     1.7949     1.6947     4.9328     4.6264     0.0000     0.0000     1.7949          5  0.000e+00
      98.66     0.0347          5   3.357803      0.519    -1.8000   28.03032  -88.50460    201.216    170.497  310.52085  311.26190 1.1856e-01 4.4871e+00   1209.946          1     137648     52.753     4.5858     4.5850     39.987   5735.292     1.7949     1.6947     4.9328     4.6276     0.0000     0.0000     1.7949          5  0.000e+00
      98.68     0.0347          5   3.357797      0.001    -1.8000   28.03032  -88.50460    201.216    170.498  310.52126  311.26231 1.1856e-01 4.4871e+00   1209.946          1     137649     52.755     4.5857     4.5848     39.988   5735.333     1.7949     1.6947     4.9341     4.6276     0.0000     0.0000     1.7949          5  0.000e+00
      98.66     0.0357          5   3.357816      0.001    -1.8000   28.03032  -88.50460    201.216    170.673  310.52122  311.26230 1.1856e-01 4.4870e+00   1209.946          1     137650     52.730     4.5856     4.5848     39.963   5735.375     1.7949     1.6960     4.9328     4.6264     0.0000     0.0000     1.7949          5  0.000e+00
      98.66     0.0357          5   3.357809      1.382    -1.8000   28.03032  -88.50460    201.218    170.498  310.52170  311.26278 1.1856e-01 4.4869e+00   1210.004          1     137651     52.734     4.5856     4.5850     39.966   5735.417     1.7949     1.6947     4.9328     4.6264     0.0000     0.0000     1.7949          5  0.000e+00
      98.66     0.0347          5   3.357797     -1.899    -1.8000   28.03032  -88.50460    201.215    170.497  310.52123  311.26229 1.1856e-01 4.4871e+00   1209.925          1     137652     52.754     4.5857     4.5848     39.987   5735.458     1.7949     1.6947     4.9328     4.6276     0.0000     0.0000     1.7949          5  0.000e+00
      98.66     0.0347          5   3.357797      0.519    -1.8000   28.03032  -88.50460    201.216    170.496  310.52102  311.26207 1.1856e-01 4.4871e+00   1209.946          1     137653     52.759     4.5858     4.5852     39.992   5735.500     1.7949     1.6947     4.9328     4.6276     0.0000     0.0000     1.7949          5  0.000e+00
      98.66     0.0357          5   3.357803      1.382    -1.8000   28.03032  -88.50460    201.218    170.499  310.52187  311.26295 1.1856e-01 4.4869e+00   1210.004          1     137654     52.739     4.5856     4.5848     39.972   5735.542     1.7949     1.6947     4.9328     4.6264     0.0000     0.0000     1.7949          5  0.000e+00
      98.66     0.0368          5   3.357771      0.001    -1.8000   28.03032  -88.50460    201.218    170.498  310.52249  311.26355 1.1856e-01 4.4870e+00   1210.004          1     137655     52.770     4.5856     4.5850     40.004   5735.583     1.7949     1.6947     4.9328     4.6252     0.0000     0.0000     1.7949          5  0.000e+00
      98.66     0.0368          5   3.357809      0.001    -1.8000   28.03032  -88.50460    201.217    170.498  310.52098  311.26204 1.1856e-01 4.4871e+00   1210.004          1     137656     52.746     4.5857     4.5849     39.979   5735.625     1.7949     1.6947     4.9328     4.6252     0.0000     0.0000     1.7949          5  0.000e+00
      98.66     0.0357          5   3.357771     -0.690    -1.8000   28.03032  -88.50460    201.218    170.498  310.52269  311.26376 1.1856e-01 4.4869e+00   1209.975          1     137657     52.765     4.5856     4.5848     39.998   5735.667     1.7949     1.6947     4.9328     4.6264     0.0000     0.0000     1.7949          5  0.000e+00
      98.66     0.0368          5   3.357784      0.691    -1.8000   28.03032  -88.50460    201.218    170.676  310.52143  311.26247 1.1856e-01 4.4871e+00   1210.004          1     137658     52.772     4.5858     4.5847     40.006   5735.708     1.7949     1.6960     4.9328     4.6252     0.0000     0.0000     1.7949          5  0.000e+00
      98.66     0.0368          5   3.357797      1.210    -1.8000   28.03032  -88.50460    201.219    170.676  310.52138  311.26243 1.1856e-01 4.4871e+00   1210.054          1     137659     52.760     4.5857     4.5848     39.992   5735.750     1.7949     1.6960     4.9328     4.6252     0.0000     0.0000     1.7949          5  0.000e+00
      98.68     0.0357          5   3.357797      0.001    -1.8000   28.03032  -88.50460    201.219    170.499  310.52186  311.26293 1.1856e-01 4.4870e+00   1210.054          1     137660     52.751     4.5856     4.5848     39.984   5735.792     1.7949     1.6947     4.9341     4.6264     0.0000     0.0000     1.7949          5  0.000e+00
      98.66     0.0357          5   3.357803     -0.690    -1.8000   28.03032  -88.50460    201.218    170.499  310.52118  311.26223 1.1856e-01 4.4871e+00   1210.026          1     137661     52.753     4.5857     4.5848     39.985   5735.833     1.7949     1.6947     4.9328     4.6264     0.0000     0.0000     1.7949          5  0.000e+00
      98.66     0.0368          5   3.357822      0.692    -1.8000   28.03032  -88.50460    201.219    170.500  310.52070  311.26176 1.1856e-01 4.4871e+00   1210.055          1     137662     52.738     4.5857     4.5848     39.970   5735.875     1.7949     1.6947     4.9328     4.6252     0.0000     0.0000     1.7949          5  0.000e+00
      98.66     0.0357          5   3.357803      0.001    -1.8000   28.03032  -88.50460    201.220    170.676  310.52240  311.26350 1.1856e-01 4.4868e+00   1210.055          1     137663     52.733     4.5855     4.5849     39.965   5735.917     1.7949     1.6960     4.9328     4.6264     0.0000     0.0000     1.7949          5  0.000e+00
      98.66     0.0368          5   3.357803      0.001    -1.8000   28.03032  -88.50460    201.218    170.675  310.51954  311.26054 1.1856e-01 4.4874e+00   1210.055          1     137664     52.784     4.5861     4.5850     40.016   5735.958     1.7949     1.6960     4.9328     4.6252     0.0000     0.0000     1.7949          5  0.000e+00
      98.66     0.0357          5   3.357797      1.382    -1.8000   28.03032  -88.50460    201.221    170.501  310.52192  311.26299 1.1856e-01 4.4870e+00   1210.112          1     137665     52.754     4.5856     4.5848     39.986   5736.000     1.7949     1.6947     4.9328     4.6264     0.0000     0.0000     1.7949          5  0.000e+00
      98.66     0.0357          5   3.357797     -2.072    -1.8000   28.03032  -88.50460    201.219    170.498  310.52206  311.26314 1.1856e-01 4.4869e+00   1210.026          1     137666     52.745     4.5856     4.5851     39.978   5736.042     1.7949     1.6947     4.9328     4.6264     0.0000     0.0000     1.7949          5  0.000e+00
      98.66     0.0357          5   3.357803      2.073    -1.8000   28.03032  -88.50460    201.221    170.501  310.52175  311.26282 1.1856e-01 4.4870e+00   1210.112          1     137667     52.748     4.5856     4.5848     39.980   5736.083     1.7949     1.6947     4.9328     4.6264     0.0000     0.0000     1.7949          5  0.000e+00
      98.66     0.0357          5   3.357822      0.001    -1.8000   28.03032  -88.50460    201.220    170.501  310.52076  311.26182 1.1856e-01 4.4871e+00   1210.112          1     137668     52.741     4.5857     4.5850     39.972   5736.125     1.7949     1.6947     4.9328     4.6264     0.0000     0.0000     1.7949          5  0.000e+00
