test/data/CTD/g01l05s01.ros
* Sea-Bird SBE 9 Data File:
* FileName = D:\CTD DATA\2013\PE13-01 DiMarco\G01L05S01.hex
* Software Version Seasave V 7.21g
* Temperature SN = 4515
* Conductivity SN = 3079
* Number of Bytes Per Scan = 40
* Number of Voltage Words = 5
* Number of Scans Averaged by the Deck Unit = 1
* NMEA Latitude = 28 59.98 N
* NMEA Longitude = 088 15.00 W
* NMEA UTC (Time) = Jul 06 2012  08:14:22
* NMEA baud rate = 4800
# nquan = 31
# nvalues = 588                                   
# units = specified
# name 0 = altM: Altimeter [m]
# name 1 = bat: Beam Attenuation, Chelsea/Seatech [1/m]
# name 2 = bpos: Bottle Position in Carousel
# name 3 = c0S/m: Conductivity [S/m]
# name 4 = dz/dtM: Descent Rate [m/s]
# name 5 = wetCDOM: Fluorescence, WET Labs CDOM [mg/m^3]
# name 6 = latitude: Latitude [deg]
# name 7 = longitude: Longitude [deg]
# name 8 = sbeox0Mm/Kg: Oxygen, SBE 43 [umol/kg]
# name 9 = sbeox1Mm/Kg: Oxygen, SBE 43, 2 [umol/kg]
# name 10 = oxsolMm/Kg: Oxygen Saturation, Garcia & Gordon [umol/kg]
# name 11 = oxsatMm/Kg: Oxygen Saturation, Weiss [umol/kg]
# name 12 = par: PAR/Irradiance, Biospherical/Licor
# name 13 = pla: Plume Anomaly
# name 14 = prDM: Pressure, Digiquartz [db]
# name 15 = pumps: Pump Status
# name 16 = scan: Scan Count
# name 17 = sva: Specific Volume Anomaly [10^-8 * m^3/kg]
# name 18 = t090C: Temperature [ITS-90, deg C]
# name 19 = t190C: Temperature, 2 [ITS-90, deg C]
# name 20 = tsa: Thermosteric Anomaly [10^-8 * m^3/kg]
# name 21 = timeS: Time, Elapsed [seconds]
# name 22 = v0: Voltage 0
# name 23 = v1: Voltage 1
# name 24 = v2: Voltage 2
# name 25 = v3: Voltage 3
# name 26 = v4: Voltage 4
# name 27 = v5: Voltage 5
# name 28 = sbeox0V: Oxygen raw, SBE 43 [V]
# name 29 = nbf: Bottles Fired
# name 30 = flag:  0.000e+00
# interval = seconds: 0.0416667
# start_time = Jul 06 2012 08:14:22 [NMEA time, header]
# bad_flag = -9.990e-29
*END*
[from data line 188]
      98.71     0.0431          4   3.518977     -1.368     3.7250   29.00380  -88.24914    142.636    121.076  296.04418  296.52602 1.2198e-01 6.5803e+00    706.941          1      51934     78.135     6.6454     6.6443     67.715   2163.875     1.5324     1.4567     4.9353     4.6178     0.0122     0.2210     1.5324          4  0.000e+00
      98.71     0.0431          4   3.518989      1.027     3.7250   29.00380  -88.24914    142.637    121.077  296.04349  296.52532 1.2198e-01 6.5803e+00    706.984          1      51935     78.135     6.6454     6.6442     67.714   2163.917     1.5324     1.4567     4.9353     4.6178     0.0122     0.2210     1.5324          4  0.000e+00
      98.71     0.0442          4   3.519035      0.343     3.7250   29.00380  -88.24914    142.466    121.077  296.04071  296.52251 1.2198e-01 6.5807e+00    706.998          1      51936     78.132     6.6458     6.6445     67.710   2163.958     1.5311     1.4567     4.9353     4.6166     0.0122     0.2210     1.5311          4  0.000e+00
      98.71     0.0431          4   3.519054      0.001     3.7250   29.00380  -88.24914    142.635    121.077  296.04045  296.52226 1.2198e-01 6.5807e+00    706.998          1      51937     78.112     6.6458     6.6445     67.690   2164.000     1.5324     1.4567     4.9353     4.6178     0.0122     0.2210     1.5324          4  0.000e+00
      98.71     0.0431          4   3.519074      0.001     3.7250   29.00380  -88.24914    142.635    121.077  296.03892  296.52071 1.2198e-01 6.5809e+00    706.999          1      51938     78.117     6.6460     6.6445     67.695   2164.042     1.5324     1.4567     4.9353     4.6178     0.0122     0.2210     1.5324          4  0.000e+00
      98.71     0.0421          4   3.519061     -1.368     3.7250   29.00380  -88.24914    142.633    121.076  296.03875  296.52052 1.2198e-01 6.5810e+00    706.942          1      51939     78.133     6.6461     6.6445     67.712   2164.083     1.5324     1.4567     4.9353     4.6190     0.0122     0.2210     1.5324          4  0.000e+00
      98.71     0.0421          4   3.519054      1.369     3.7250   29.00380  -88.24914    142.634    121.076  296.03875  296.52051 1.2198e-01 6.5810e+00    706.999          1      51940     78.145     6.6461     6.6446     67.723   2164.125     1.5324     1.4567     4.9353     4.6190     0.0122     0.2210     1.5324          4  0.000e+00
      98.71     0.0410          4   3.519054     -0.342     3.7556   29.00380  -88.24914    142.634    121.076  296.03831  296.52006 1.2198e-01 6.5811e+00    706.984          1      51941     78.153     6.6462     6.6446     67.731   2164.167     1.5324     1.4567     4.9353     4.6203     0.0122     0.2222     1.5324          4  0.000e+00
      98.73     0.0591          5   3.608876     -2.048     3.6640   29.00416  -88.24906    129.610    109.871  289.42998  289.80480 1.2198e-01 7.5682e+00    605.671          1      56673     87.791     7.6276     7.6268     77.697   2361.333     1.4737     1.4017     4.9365     4.5995     0.0122     0.2186     1.4737          5  0.000e+00
      98.71     0.0601          5   3.608889      2.049     3.6640   29.00416  -88.24906    129.447    109.721  289.42897  289.80376 1.2198e-01 7.5684e+00    605.756          1      56674     87.801     7.6278     7.6269     77.706   2361.375     1.4725     1.4005     4.9353     4.5983     0.0122     0.2186     1.4725          5  0.000e+00
      98.73     0.0591          5   3.608889      0.513     3.6640   29.00416  -88.24906    129.612    109.872  289.42979  289.80461 1.2198e-01 7.5682e+00    605.778          1      56675     87.786     7.6276     7.6268     77.690   2361.417     1.4737     1.4017     4.9365     4.5995     0.0122     0.2186     1.4737          5  0.000e+00
      98.73     0.0591          5   3.608863     -1.707     3.6640   29.00416  -88.24906    129.611    109.872  289.43032  289.80513 1.2198e-01 7.5682e+00    605.707          1      56676     87.803     7.6276     7.6268     77.709   2361.458     1.4737     1.4017     4.9365     4.5995     0.0122     0.2186     1.4737          5  0.000e+00
      98.71     0.0591          5   3.608830      0.513     3.6640   29.00416  -88.24906    129.448    109.872  289.43108  289.80589 1.2198e-01 7.5682e+00    605.728          1      56677     87.830     7.6276     7.6268     77.736   2361.500     1.4725     1.4017     4.9353     4.5995     0.0122     0.2186     1.4725          5  0.000e+00
      98.73     0.0591          5   3.608869      0.683     3.6640   29.00416  -88.24906    129.611    109.872  289.42941  289.80420 1.2198e-01 7.5684e+00    605.757          1      56678     87.817     7.6278     7.6267     77.722   2361.542     1.4737     1.4017     4.9365     4.5995     0.0122     0.2186     1.4737          5  0.000e+00
      98.73     0.0580          5   3.608909     -0.682     3.6640   29.00416  -88.24906    129.611    109.872  289.42930  289.80412 1.2198e-01 7.5682e+00    605.728          1      56679     87.768     7.6276     7.6266     77.673   2361.583     1.4737     1.4017     4.9365     4.6007     0.0122     0.2186     1.4737          5  0.000e+00
      98.73     0.0601          5   3.608896     -0.511     3.6945   29.00416  -88.24906    129.446    109.872  289.42877  289.80356 1.2198e-01 7.5684e+00    605.707          1      56680     87.793     7.6278     7.6264     77.699   2361.625     1.4725     1.4017     4.9365     4.5983     0.0122     0.2198     1.4725          5  0.000e+00
      98.71     0.0591          5   3.608889      0.001     3.6640   29.00416  -88.24906    129.610    109.871  289.42892  289.80371 1.2198e-01 7.5684e+00    605.707          1      56681     87.799     7.6278     7.6266     77.704   2361.667     1.4737     1.4017     4.9353     4.5995     0.0122     0.2186     1.4737          5  0.000e+00
      98.73     0.0591          5   3.608909      0.513     3.6945   29.00416  -88.24906    129.447    109.872  289.42930  289.80412 1.2198e-01 7.5682e+00    605.728          1      56682     87.768     7.6276     7.6266     77.673   2361.708     1.4725     1.4017     4.9365     4.5995     0.0122     0.2198     1.4725          5  0.000e+00
      98.73     0.0591          5   3.608922      0.683     3.6640   29.00416  -88.24906    129.447    109.872  289.42822  289.80302 1.2198e-01 7.5684e+00    605.757          1      56683     87.775     7.6278     7.6268     77.680   2361.750     1.4725     1.4017     4.9365     4.5995     0.0122     0.2186     1.4725          5  0.000e+00
      98.73     0.0591          5   3.608922     -2.048     3.6945   29.00416  -88.24906    129.609    109.870  289.42814  289.80294 1.2198e-01 7.5684e+00    605.671          1      56684     87.771     7.6278     7.6268     77.677   2361.792     1.4737     1.4017     4.9365     4.5995     0.0122     0.2198     1.4737          5  0.000e+00
      98.71     0.0601          5   3.608869      0.854     3.6640   29.00416  -88.24906    129.447    109.871  289.42936  289.80415 1.2198e-01 7.5684e+00    605.707          1      56685     87.814     7.6278     7.6269     77.720   2361.833     1.4725     1.4017     4.9353     4.5983     0.0122     0.2186     1.4725          5  0.000e+00
      98.73     0.0591          5   3.608902      0.513     3.6945   29.00416  -88.24906    129.447    109.720  289.42864  289.80344 1.2198e-01 7.5684e+00    605.728          1      56686     87.789     7.6278     7.6269     77.694   2361.875     1.4725     1.4005     4.9365     4.5995     0.0122     0.2198     1.4725          5  0.000e+00
      98.73     0.0591          5   3.608896     -0.512     3.6945   29.00416  -88.24906    129.446    109.719  289.42877  289.80356 1.2198e-01 7.5684e+00    605.707          1      56687     87.793     7.6278     7.6271     77.699   2361.917     1.4725     1.4005     4.9365     4.5995     0.0122     0.2198     1.4725          5  0.000e+00
      98.73     0.0591          5   3.608863      1.708     3.6945   29.00416  -88.24906    129.612    109.721  289.43019  289.80499 1.2198e-01 7.5682e+00    605.778          1      56688     87.811     7.6276     7.6268     77.716   2361.958     1.4737     1.4005     4.9365     4.5995     0.0122     0.2198     1.4737          5  0.000e+00
      98.73     0.0601          5   3.608902     -1.707     3.6945   29.00416  -88.24906    129.446    109.871  289.42862  289.80341 1.2198e-01 7.5684e+00    605.707          1      56689     87.788     7.6278     7.6270     77.694   2362.000     1.4725     1.4017     4.9365     4.5983     0.0122     0.2198     1.4725          5  0.000e+00
      98.71     0.0601          5   3.608896     -0.853     3.6945   29.00416  -88.24906    129.446    109.720  289.42873  289.80353 1.2233e-01 7.5684e+00    605.671          1      56690     87.792     7.6278     7.6268     77.698   2362.042     1.4725     1.4005     4.9353     4.5983     0.0134     0.2198     1.4725          5  0.000e+00
      98.71     0.0601          5   3.608883      2.049     3.6945   29.00416  -88.24906    129.447    109.721  289.42912  289.80391 1.2198e-01 7.5684e+00    605.757          1      56691     87.806     7.6278     7.6269     77.711   2362.083     1.4725     1.4005     4.9353     4.5983     0.0122     0.2198     1.4725          5  0.000e+00
      98.73     0.0591          5   3.608863     -0.682     3.6945   29.00416  -88.24906    129.611    109.720  289.43034  289.80515 1.2198e-01 7.5682e+00    605.728          1      56692     87.804     7.6276     7.6268     77.710   2362.125     1.4737     1.4005     4.9365     4.5995     0.0122     0.2198     1.4737          5  0.000e+00
      98.71     0.0591          5   3.608876     -0.512     3.6945   29.00416  -88.24906    129.611    109.720  289.43002  289.80483 1.2198e-01 7.5682e+00    605.707          1      56693     87.793     7.6276     7.6269     77.698   2362.167     1.4737     1.4005     4.9353     4.5995     0.0122     0.2198     1.4737          5  0.000e+00
      98.71     0.0601          5   3.608863      1.708     3.6945   29.00416  -88.24906    129.448    109.872  289.43039  289.80520 1.2198e-01 7.5682e+00    605.778          1      56694     87.807     7.6276     7.6269     77.711   2362.208     1.4725     1.4017     4.9353     4.5983     0.0122     0.2198     1.4725          5  0.000e+00
      98.71     0.0601          5   3.608856     -1.707     3.6945   29.00416  -88.24906    129.448    109.871  289.43107  289.80590 1.2198e-01 7.5681e+00    605.707          1      56695     87.796     7.6274     7.6268     77.702   2362.250     1.4725     1.4017     4.9353     4.5983     0.0122     0.2198     1.4725          5  0.000e+00
      98.73     0.0591          5   3.608856      0.513     3.6945   29.00416  -88.24906    129.611    109.871  289.43049  289.80530 1.2233e-01 7.5682e+00    605.729          1      56696     87.809     7.6276     7.6269     77.715   2362.292     1.4737     1.4017     4.9365     4.5995     0.0134     0.2198     1.4737          5  0.000e+00
      98.71     0.0601          5   3.608902      0.683     3.6945   29.00416  -88.24906    129.611    109.871  289.42947  289.80429 1.2198e-01 7.5682e+00    605.757          1      56697     87.774     7.6276     7.6269     77.679   2362.333     1.4737     1.4017     4.9353     4.5983     0.0122     0.2198     1.4737          5  0.000e+00
      98.73     0.0591          5   3.608869     -0.682     3.6945   29.00416  -88.24906    129.448    109.871  289.43079  289.80562 1.2198e-01 7.5681e+00    605.729          1      56698     87.787     7.6274     7.6269     77.692   2362.375     1.4725     1.4017     4.9365     4.5995     0.0122     0.2198     1.4725          5  0.000e+00
      98.71     0.0601          5   3.608876      0.683     3.6945   29.00416  -88.24906    129.448    109.871  289.43007  289.80488 1.2198e-01 7.5682e+00    605.757          1      56699     87.795     7.6276     7.6273     77.700   2362.417     1.4725     1.4017     4.9353     4.5983     0.0122     0.2198     1.4725          5  0.000e+00
      98.71     0.0601          5   3.608863     -0.682     3.6945   29.00416  -88.24906    129.448    109.719  289.43034  289.80515 1.2198e-01 7.5682e+00    605.729          1      56700     87.804     7.6276     7.6271     77.710   2362.458     1.4725     1.4005     4.9353     4.5983     0.0122     0.2198     1.4725          5  0.000e+00
      98.73     0.0591          5   3.608856      0.683     3.6945   29.00416  -88.24906    129.448    109.871  289.43052  289.80532 1.2198e-01 7.5682e+00    605.757          1      56701     87.811     7.6276     7.6270     77.716   2362.500     1.4725     1.4017     4.9365     4.5995     0.0122     0.2198     1.4725          5  0.000e+00
      98.73     0.0591          5   3.608856      0.513     3.6945   29.00416  -88.24906    129.449    109.871  289.43114  289.80597 1.2198e-01 7.5681e+00    605.778          1      56702     87.800     7.6274     7.6271     77.705   2362.542     1.4725     1.4017     4.9365     4.5995     0.0122     0.2198     1.4725          5  0.000e+00
      98.73     0.0591          5   3.608856     -0.512     3.6945   29.00416  -88.24906    129.448    109.871  289.43052  289.80532 1.2198e-01 7.5682e+00    605.757          1      56703     87.811     7.6276     7.6269     77.716   2362.583     1.4725     1.4017     4.9365     4.5995     0.0122     0.2198     1.4725          5  0.000e+00
      98.71     0.0601          5   3.608856     -0.682     3.6945   29.00416  -88.24906    129.284    109.871  289.43109  289.80592 1.2198e-01 7.5681e+00    605.729          1      56704     87.797     7.6274     7.6269     77.703   2362.625     1.4713     1.4017     4.9353     4.5983     0.0122     0.2198     1.4713          5  0.000e+00
      98.73     0.0612          5   3.608856      2.049     3.6945   29.00416  -88.24906    129.449    109.872  289.43057  289.80538 1.2198e-01 7.5682e+00    605.814          1      56705     87.814     7.6276     7.6269     77.718   2362.667     1.4725     1.4017     4.9365     4.5971     0.0122     0.2198     1.4725          5  0.000e+00
      98.73     0.0622          5   3.608876     -1.365     3.6945   29.00416  -88.24906    129.448    109.870  289.43007  289.80488 1.2198e-01 7.5682e+00    605.757          1      56706     87.795     7.6276     7.6273     77.700   2362.708     1.4725     1.4017     4.9365     4.5958     0.0122     0.2198     1.4725          5  0.000e+00
      98.73     0.0622          5   3.608863      0.513     3.6945   29.00416  -88.24906    129.448    109.871  289.43039  289.80520 1.2198e-01 7.5682e+00    605.779          1      56707     87.807     7.6276     7.6269     77.712   2362.750     1.4725     1.4017     4.9365     4.5958     0.0122     0.2198     1.4725          5  0.000e+00
      98.73     0.0622          5   3.608876     -0.511     3.6945   29.00418  -88.24906    129.448    109.871  289.43067  289.80550 1.2198e-01 7.5681e+00    605.757          1      56708     87.783     7.6274     7.6269     77.688   2362.792     1.4725     1.4017     4.9365     4.5958     0.0122     0.2198     1.4725          5  0.000e+00
      98.71     0.0633          5   3.608863      0.513     3.6945   29.00418  -88.24906    129.448    109.872  289.43039  289.80520 1.2198e-01 7.5682e+00    605.779          1      56709     87.807     7.6276     7.6267     77.712   2362.833     1.4725     1.4017     4.9353     4.5946     0.0122     0.2198     1.4725          5  0.000e+00
