test/data/CTD/g01l05s03.ros
* Sea-Bird SBE 9 Data File:
* FileName = D:\CTD DATA\2013\PE13-01 DiMarco\G01L05S03.hex
* Software Version Seasave V 7.21g
* Temperature SN = 4515
* Conductivity SN = 3079
* Number of Bytes Per Scan = 40
* Number of Voltage Words = 5
* Number of Scans Averaged by the Deck Unit = 1
* NMEA Latitude = 28 30.00 N
* NMEA Longitude = 088 14.96 W
* NMEA UTC (Time) = Jul 07 2012  03:13:58
* NMEA baud rate = 4800
# nquan = 31
# nvalues = 588                                   
# units = specified
# name 0 = altM: Altimeter [m]
# name 1 = bat: Beam Attenuation, Chelsea/Seatech [1/m]
# name 2 = bpos: Bottle Position in Carousel
# name 3 = c0S/m: Conductivity [S/m]
# name 4 = dz/dtM: Descent Rate [m/s]
# name 5 = wetCDOM: Fluorescence, WET Labs CDOM [mg/m^3]
# name 6 = latitude: Latitude [deg]
# name 7 = longitude: Longitude [deg]
# name 8 = sbeox0Mm/Kg: Oxygen, SBE 43 [umol/kg]
# name 9 = sbeox1Mm/Kg: Oxygen, SBE 43, 2 [umol/kg]
# name 10 = oxsolMm/Kg: Oxygen Saturation, Garcia & Gordon [umol/kg]
# name 11 = oxsatMm/Kg: Oxygen Saturation, Weiss [umol/kg]
# name 12 = par: PAR/Irradiance, Biospherical/Licor
# name 13 = pla: Plume Anomaly
# name 14 = prDM: Pressure, Digiquartz [db]
# name 15 = pumps: Pump Status
# name 16 = scan: Scan Count
# name 17 = sva: Specific Volume Anomaly [10^-8 * m^3/kg]
# name 18 = t090C: Temperature [ITS-90, deg C]
# name 19 = t190C: Temperature, 2 [ITS-90, deg C]
# name 20 = tsa: Thermosteric Anomaly [10^-8 * m^3/kg]
# name 21 = timeS: Time, Elapsed [seconds]
# name 22 = v0: Voltage 0
# name 23 = v1: Voltage 1
# name 24 = v2: Voltage 2
# name 25 = v3: Voltage 3
# name 26 = v4: Voltage 4
# name 27 = v5: Voltage 5
# name 28 = sbeox0V: Oxygen raw, SBE 43 [V]
# name 29 = nbf: Bottles Fired
# name 30 = flag:  0.000e+00
# interval = seconds: 0.0416667
# start_time = Jul 07 2012 03:13:58 [NMEA time, header]
# bad_flag = -9.990e-29
*END*
[from data line 281]
      98.68     0.0569          6   3.392926      2.237    -1.8000   28.51682  -88.24036    181.644    153.794  306.88266  307.55578 1.1856e-01 5.0050e+00   1009.135          1     190867     58.658     5.0893     5.0887     46.938   7952.750     1.7155     1.6215     4.9341     4.6020     0.0000     0.0000     1.7155          6  0.000e+00
      98.68     0.0580          6   3.392939     -2.236    -1.8000   28.51682  -88.24034    181.641    153.793  306.88222  307.55535 1.1856e-01 5.0050e+00   1009.042          1     190868     58.643     5.0893     5.0886     46.924   7952.792     1.7155     1.6215     4.9341     4.6007     0.0000     0.0000     1.7155          6  0.000e+00
      98.68     0.0569          6   3.392907      0.001    -1.8000   28.51682  -88.24034    181.642    153.624  306.88306  307.55618 1.1856e-01 5.0050e+00   1009.042          1     190869     58.670     5.0893     5.0886     46.951   7952.833     1.7155     1.6203     4.9341     4.6020     0.0000     0.0000     1.7155          6  0.000e+00
      98.68     0.0580          6   3.392958      2.237    -1.8000   28.51682  -88.24034    181.459    153.795  306.88090  307.55400 1.1856e-01 5.0052e+00   1009.135          1     190870     58.648     5.0895     5.0886     46.928   7952.875     1.7143     1.6215     4.9341     4.6007     0.0000     0.0000     1.7143          6  0.000e+00
      98.68     0.0580          6   3.392926     -2.236    -1.8000   28.51682  -88.24034    181.457    153.623  306.88140  307.55448 1.1856e-01 5.0052e+00   1009.042          1     190871     58.675     5.0895     5.0887     46.956   7952.917     1.7143     1.6203     4.9341     4.6007     0.0000     0.0000     1.7143          6  0.000e+00
      98.68     0.0569          6   3.392952      1.377    -1.8000   28.51682  -88.24034    181.459    153.794  306.88103  307.55413 1.1856e-01 5.0052e+00   1009.100          1     190872     58.652     5.0895     5.0886     46.932   7952.958     1.7143     1.6215     4.9341     4.6020     0.0000     0.0000     1.7143          6  0.000e+00
      98.68     0.0569          6   3.392945     -0.343    -1.8000   28.51682  -88.24034    181.458    153.625  306.88118  307.55428 1.1856e-01 5.0052e+00   1009.085          1     190873     58.657     5.0895     5.0886     46.937   7953.000     1.7143     1.6203     4.9341     4.6020     0.0000     0.0000     1.7143          6  0.000e+00
      98.68     0.0569          6   3.392958      0.345    -1.8000   28.51682  -88.24034    181.458    153.794  306.88086  307.55396 1.1856e-01 5.0052e+00   1009.100          1     190874     58.647     5.0895     5.0887     46.926   7953.042     1.7143     1.6215     4.9341     4.6020     0.0000     0.0000     1.7143          6  0.000e+00
      98.68     0.0580          6   3.392971     -0.343    -1.8000   28.51682  -88.24034    181.458    153.624  306.88144  307.55457 1.1856e-01 5.0050e+00   1009.085          1     190875     58.618     5.0893     5.0886     46.898   7953.083     1.7143     1.6203     4.9341     4.6007     0.0000     0.0000     1.7143          6  0.000e+00
      98.68     0.0569          6   3.392964      0.345    -1.8000   28.51682  -88.24034    181.457    153.625  306.87907  307.55212 1.1856e-01 5.0055e+00   1009.100          1     190876     58.671     5.0898     5.0886     46.950   7953.125     1.7143     1.6203     4.9341     4.6020     0.0000     0.0000     1.7143          6  0.000e+00
      98.68     0.0569          6   3.392945      1.205    -1.8000   28.51682  -88.24034    181.459    153.795  306.87963  307.55267 1.1856e-01 5.0055e+00   1009.150          1     190877     58.690     5.0898     5.0889     46.969   7953.167     1.7143     1.6215     4.9341     4.6020     0.0000     0.0000     1.7143          6  0.000e+00
      98.68     0.0569          6   3.392964     -1.548    -1.8000   28.51682  -88.24034    181.458    153.625  306.87998  307.55306 1.1856e-01 5.0053e+00   1009.085          1     190878     58.653     5.0896     5.0884     46.933   7953.208     1.7143     1.6203     4.9341     4.6020     0.0000     0.0000     1.7143          6  0.000e+00
      98.68     0.0580          6   3.392990      0.345    -1.8000   28.51682  -88.24034    181.458    153.624  306.87979  307.55289 1.1856e-01 5.0052e+00   1009.100          1     190879     58.624     5.0895     5.0889     46.903   7953.250     1.7143     1.6203     4.9341     4.6007     0.0000     0.0000     1.7143          6  0.000e+00
      98.71     0.0379          7   3.462494      3.943    -1.8000   28.51726  -88.24012    155.818    131.826  300.63840  301.19912 1.1856e-01 5.9050e+00    808.193          1     197321     70.005     5.9763     5.9760     59.163   8221.667     1.5946     1.5104     4.9353     4.6239     0.0000     0.0000     1.5946          7  0.000e+00
      98.71     0.0379          7   3.462494     -2.571    -1.8000   28.51726  -88.24012    155.815    131.824  300.63828  301.19901 1.1856e-01 5.9050e+00    808.086          1     197322     70.000     5.9763     5.9761     59.159   8221.708     1.5946     1.5104     4.9353     4.6239     0.0000     0.0000     1.5946          7  0.000e+00
      98.71     0.0379          7   3.462507      2.571    -1.8000   28.51726  -88.24012    155.817    131.988  300.63719  301.19790 1.1856e-01 5.9052e+00    808.193          1     197323     70.011     5.9765     5.9761     59.169   8221.750     1.5946     1.5116     4.9353     4.6239     0.0000     0.0000     1.5946          7  0.000e+00
      98.71     0.0379          7   3.462494     -2.571    -1.8000   28.51726  -88.24012    155.815    131.986  300.63740  301.19810 1.1856e-01 5.9052e+00    808.086          1     197324     70.017     5.9765     5.9761     59.176   8221.792     1.5946     1.5116     4.9353     4.6239     0.0000     0.0000     1.5946          7  0.000e+00
      98.71     0.0379          7   3.462462      1.200    -1.8000   28.51726  -88.24012    155.816    131.986  300.63826  301.19895 1.1856e-01 5.9052e+00    808.136          1     197325     70.046     5.9765     5.9761     59.205   8221.833     1.5946     1.5116     4.9353     4.6239     0.0000     0.0000     1.5946          7  0.000e+00
      98.71     0.0379          7   3.462494      0.001    -1.8000   28.51726  -88.24012    155.816    131.986  300.63745  301.19815 1.1856e-01 5.9052e+00    808.136          1     197326     70.019     5.9765     5.9761     59.178   8221.875     1.5946     1.5116     4.9353     4.6239     0.0000     0.0000     1.5946          7  0.000e+00
      98.71     0.0379          7   3.462513     -1.199    -1.8000   28.51726  -88.24012    155.815    131.986  300.63692  301.19762 1.1856e-01 5.9052e+00    808.086          1     197327     70.001     5.9765     5.9760     59.160   8221.917     1.5946     1.5116     4.9353     4.6239     0.0000     0.0000     1.5946          7  0.000e+00
      98.71     0.0379          7   3.462494      1.200    -1.8000   28.51726  -88.24012    155.815    131.986  300.63613  301.19679 1.1856e-01 5.9055e+00    808.136          1     197328     70.044     5.9768     5.9761     59.203   8221.958     1.5946     1.5116     4.9353     4.6239     0.0000     0.0000     1.5946          7  0.000e+00
      98.71     0.0379          7   3.462507      0.000    -1.8000   28.51726  -88.24012    155.816    131.987  300.63713  301.19783 1.1856e-01 5.9052e+00    808.136          1     197329     70.008     5.9765     5.9759     59.167   8222.000     1.5946     1.5116     4.9353     4.6239     0.0000     0.0000     1.5946          7  0.000e+00
      98.71     0.0379          7   3.462513     -1.199    -1.8000   28.51726  -88.24012    155.814    131.985  300.63626  301.19694 1.1856e-01 5.9053e+00    808.086          1     197330     70.013     5.9766     5.9761     59.172   8222.042     1.5946     1.5116     4.9353     4.6239     0.0000     0.0000     1.5946          7  0.000e+00
      98.71     0.0379          7   3.462519      1.200    -1.8000   28.51726  -88.24012    155.816    131.825  300.63681  301.19752 1.1856e-01 5.9052e+00    808.136          1     197331     69.998     5.9765     5.9760     59.156   8222.083     1.5946     1.5104     4.9353     4.6239     0.0000     0.0000     1.5946          7  0.000e+00
      98.71     0.0379          7   3.462513      0.000    -1.8000   28.51726  -88.24012    155.990    131.825  300.63631  301.19699 1.1856e-01 5.9053e+00    808.136          1     197332     70.016     5.9766     5.9761     59.174   8222.125     1.5958     1.5104     4.9353     4.6239     0.0000     0.0000     1.5958          7  0.000e+00
      98.71     0.0379          7   3.462513      0.000    -1.8000   28.51726  -88.24012    155.815    131.987  300.63565  301.19631 1.1856e-01 5.9055e+00    808.136          1     197333     70.028     5.9768     5.9760     59.186   8222.167     1.5946     1.5116     4.9353     4.6239     0.0000     0.0000     1.5946          7  0.000e+00
      98.71     0.0379          7   3.462519      0.001    -1.8000   28.51726  -88.24012    155.640    131.987  300.63527  301.19592 1.1856e-01 5.9055e+00    808.136          1     197334     70.027     5.9768     5.9759     59.185   8222.208     1.5934     1.5116     4.9353     4.6239     0.0000     0.0000     1.5934          7  0.000e+00
      98.71     0.0368          7   3.462558      0.001    -1.8000   28.51726  -88.24012    155.814    131.987  300.63430  301.19497 1.1856e-01 5.9055e+00    808.136          1     197335     69.995     5.9768     5.9760     59.153   8222.250     1.5946     1.5116     4.9353     4.6252     0.0000     0.0000     1.5946          7  0.000e+00
      98.71     0.0368          7   3.462552      0.001    -1.8000   28.51726  -88.24012    155.813    131.987  300.63292  301.19354 1.1856e-01 5.9058e+00    808.136          1     197336     70.030     5.9772     5.9760     59.187   8222.292     1.5946     1.5116     4.9353     4.6252     0.0000     0.0000     1.5946          7  0.000e+00
      98.68     0.0379          7   3.462552      0.001    -1.8000   28.51726  -88.24012    155.639    131.987  300.63380  301.19445 1.1856e-01 5.9057e+00    808.136          1     197337     70.013     5.9770     5.9760     59.171   8222.333     1.5934     1.5116     4.9341     4.6239     0.0000     0.0000     1.5934          7  0.000e+00
      98.71     0.0368          7   3.462519      0.000    -1.8000   28.51726  -88.24012    155.815    131.988  300.63615  301.19683 1.1856e-01 5.9053e+00    808.136          1     197338     70.010     5.9766     5.9759     59.168   8222.375     1.5946     1.5116     4.9353     4.6252     0.0000     0.0000     1.5946          7  0.000e+00
      98.71     0.0379          7   3.462539      0.001    -1.8000   28.51726  -88.24012    155.814    131.987  300.63412  301.19477 1.1856e-01 5.9057e+00    808.136          1     197339     70.024     5.9770     5.9759     59.181   8222.417     1.5946     1.5116     4.9353     4.6239     0.0000     0.0000     1.5946          7  0.000e+00
      98.71     0.0379          7   3.462526      1.372    -1.8000   28.51726  -88.24012    155.816    131.826  300.63517  301.19583 1.1856e-01 5.9055e+00    808.193          1     197340     70.025     5.9768     5.9760     59.182   8222.458     1.5946     1.5104     4.9353     4.6239     0.0000     0.0000     1.5946          7  0.000e+00
      98.71     0.0379          7   3.462513     -1.371    -1.8000   28.51726  -88.24012    155.814    131.987  300.63477  301.19540 1.1856e-01 5.9057e+00    808.136          1     197341     70.045     5.9770     5.9760     59.203   8222.500     1.5946     1.5116     4.9353     4.6239     0.0000     0.0000     1.5946          7  0.000e+00
      98.71     0.0379          7   3.462513      1.372    -1.8000   28.51726  -88.24012    155.815    131.988  300.63395  301.19455 1.1856e-01 5.9058e+00    808.193          1     197342     70.065     5.9772     5.9760     59.222   8222.542     1.5946     1.5116     4.9353     4.6239     0.0000     0.0000     1.5946          7  0.000e+00
      98.71     0.0379          7   3.462519     -1.371    -1.8000   28.51726  -88.24012    155.815    131.987  300.63527  301.19593 1.1856e-01 5.9055e+00    808.136          1     197343     70.027     5.9768     5.9760     59.185   8222.583     1.5946     1.5116     4.9353     4.6239     0.0000     0.0000     1.5946          7  0.000e+00
      98.71     0.0379          7   3.462532      1.372    -1.8000   28.51726  -88.24012    155.815    131.988  300.63435  301.19499 1.1856e-01 5.9056e+00    808.193          1     197344     70.032     5.9770     5.9760     59.189   8222.625     1.5946     1.5116     4.9353     4.6239     0.0000     0.0000     1.5946          7  0.000e+00
      98.71     0.0379          7   3.462500      0.000    -1.8000   28.51726  -88.24012    155.817    131.988  300.63669  301.19737 1.1856e-01 5.9053e+00    808.193          1     197345     70.029     5.9766     5.9761     59.187   8222.667     1.5946     1.5116     4.9353     4.6239     0.0000     0.0000     1.5946          7  0.000e+00
      98.71     0.0379          7   3.462481      0.001    -1.8000   28.51726  -88.24012    155.816    131.987  300.63629  301.19694 1.1856e-01 5.9055e+00    808.194          1     197346     70.062     5.9768     5.9761     59.220   8222.708     1.5946     1.5116     4.9353     4.6239     0.0000     0.0000     1.5946          7  0.000e+00
      98.71     0.0379          7   3.462507      0.000    -1.8000   28.51726  -88.24012    155.816    131.987  300.63565  301.19630 1.1856e-01 5.9055e+00    808.194          1     197347     70.041     5.9768     5.9761     59.198   8222.750     1.5946     1.5116     4.9353     4.6239     0.0000     0.0000     1.5946          7  0.000e+00
      98.71     0.0379          7   3.462520      0.001    -1.8000   28.51726  -88.24012    155.816    131.826  300.63533  301.19599 1.1856e-01 5.9055e+00    808.194          1     197348     70.030     5.9768     5.9761     59.187   8222.792     1.5946     1.5104     4.9353     4.6239     0.0000     0.0000     1.5946          7  0.000e+00
      98.71     0.0379          7   3.462532      1.200    -1.8000   28.51726  -88.24012    155.817    131.827  300.63594  301.19663 1.1856e-01 5.9053e+00    808.244          1     197349     70.005     5.9766     5.9761     59.162   8222.833     1.5946     1.5104     4.9353     4.6239     0.0000     0.0000     1.5946          7  0.000e+00
      98.71     0.0379          7   3.462500      0.001    -1.8000   28.51726  -88.24012    155.818    131.988  300.63675  301.19743 1.1856e-01 5.9053e+00    808.244          1     197350     70.032     5.9766     5.9760     59.189   8222.875     1.5946     1.5116     4.9353     4.6239     0.0000     0.0000     1.5946          7  0.000e+00
      98.71     0.0379          7   3.462507     -1.371    -1.8000   28.51726  -88.24012    155.816    131.988  300.63564  301.19630 1.1856e-01 5.9055e+00    808.186          1     197351     70.040     5.9768     5.9760     59.198   8222.917     1.5946     1.5116     4.9353     4.6239     0.0000     0.0000     1.5946          7  0.000e+00
      98.71     0.0379          7   3.462513      1.372    -1.8000   28.51726  -88.24012    155.818    131.988  300.63643  301.19711 1.1856e-01 5.9053e+00    808.244          1     197352     70.021     5.9766     5.9761     59.178   8222.958     1.5946     1.5116     4.9353     4.6239     0.0000     0.0000     1.5946          7  0.000e+00
      98.71     0.0379          7   3.462494      0.001    -1.8000   28.51726  -88.24012    155.818    131.988  300.63691  301.19758 1.1856e-01 5.9053e+00    808.244          1     197353     70.037     5.9766     5.9760     59.194   8223.000     1.5946     1.5116     4.9353     4.6239     0.0000     0.0000     1.5946          7  0.000e+00
