test/data/CTD/g01l05s01.ros
* Sea-Bird SBE 9 Data File:
* FileName = D:\CTD DATA\2013\PE13-01 DiMarco\G01L05S01.hex
* Software Version Seasave V 7.21g
* Temperature SN = 4515
* Conductivity SN = 3079
* Number of Bytes Per Scan = 40
* Number of Voltage Words = 5
* Number of Scans Averaged by the Deck Unit = 1
* NMEA Latitude = 28 59.98 N
* NMEA Longitude = 088 15.00 W
* NMEA UTC (Time) = Jul 06 2012  08:14:22
* NMEA baud rate = 4800
# nquan = 31
# nvalues = 588                                   
# units = specified
# name 0 = altM: Altimeter [m]
# name 1 = bat: Beam Attenuation, Chelsea/Seatech [1/m]
# name 2 = bpos: Bottle Position in Carousel
# name 3 = c0S/m: Conductivity [S/m]
# name 4 = dz/dtM: Descent Rate [m/s]
# name 5 = wetCDOM: Fluorescence, WET Labs CDOM [mg/m^3]
# name 6 = latitude: Latitude [deg]
# name 7 = longitude: Longitude [deg]
# name 8 = sbeox0Mm/Kg: Oxygen, SBE 43 [umol/kg]
# name 9 = sbeox1Mm/Kg: Oxygen, SBE 43, 2 [umol/kg]
# name 10 = oxsolMm/Kg: Oxygen Saturation, Garcia & Gordon [umol/kg]
# name 11 = oxsatMm/Kg: Oxygen Saturation, Weiss [umol/kg]
# name 12 = par: PAR/Irradiance, Biospherical/Licor
# name 13 = pla: Plume Anomaly
# name 14 = prDM: Pressure, Digiquartz [db]
# name 15 = pumps: Pump Status
# name 16 = scan: Scan Count
# name 17 = sva: Specific Volume Anomaly [10^-8 * m^3/kg]
# name 18 = t090C: Temperature [ITS-90, deg C]
# name 19 = t190C: Temperature, 2 [ITS-90, deg C]
# name 20 = tsa: Thermosteric Anomaly [10^-8 * m^3/kg]
# name 21 = timeS: Time, Elapsed [seconds]
# name 22 = v0: Voltage 0
# name 23 = v1: Voltage 1
# name 24 = v2: Voltage 2
# name 25 = v3: Voltage 3
# name 26 = v4: Voltage 4
# name 27 = v5: Voltage 5
# name 28 = sbeox0V: Oxygen raw, SBE 43 [V]
# name 29 = nbf: Bottles Fired
# name 30 = flag:  0.000e+00
# interval = seconds: 0.0416667
# start_time = Jul 06 2012 08:14:22 [NMEA time, header]
# bad_flag = -9.990e-29
*END*
       6.81     0.2730          1   3.409146     -1.202     4.0913   29.00300  -88.24934    174.951    148.791  305.32535  305.96989 1.2198e-01 5.2283e+00    942.933          1      41054     61.399     5.3081     5.3071     50.023   1710.542     1.6874     1.6007     0.3407     4.3602     0.0122     0.2357     1.6874          1  0.000e+00
       6.81     0.2752          1   3.409159      1.203     4.0608   29.00300  -88.24934    174.951    148.792  305.32347  305.96796 1.2164e-01 5.2286e+00    942.983          1      41055     61.421     5.3084     5.3071     50.043   1710.583     1.6874     1.6007     0.3407     4.3578     0.0110     0.2344     1.6874          1  0.000e+00
       6.79     0.2763          1   3.409178     -1.202     4.0608   29.00300  -88.24934    174.949    148.791  305.32292  305.96741 1.2198e-01 5.2286e+00    942.933          1      41056     61.402     5.3084     5.3071     50.025   1710.625     1.6874     1.6007     0.3394     4.3565     0.0122     0.2344     1.6874          1  0.000e+00
       6.81     0.2763          1   3.409190      1.203     4.0608   29.00300  -88.24934    174.950    148.624  305.32242  305.96691 1.2164e-01 5.2287e+00    942.983          1      41057     61.398     5.3084     5.3072     50.020   1710.667     1.6874     1.5995     0.3407     4.3565     0.0110     0.2344     1.6874          1  0.000e+00
       6.79     0.2763          1   3.409165      0.000     4.0913   29.00300  -88.24934    174.950    148.624  305.32239  305.96685 1.2198e-01 5.2288e+00    942.983          1      41058     61.432     5.3086     5.3073     50.055   1710.708     1.6874     1.5995     0.3394     4.3565     0.0122     0.2357     1.6874          1  0.000e+00
       6.76     0.2774          1   3.409178     -2.405     4.0608   29.00300  -88.24934    174.948    148.621  305.32355  305.96807 1.2198e-01 5.2285e+00    942.883          1      41059     61.387     5.3083     5.3076     50.011   1710.750     1.6874     1.5995     0.3382     4.3553     0.0122     0.2344     1.6874          1  0.000e+00
       6.74     0.2763          1   3.409165      2.406     4.0913   29.00300  -88.24934    174.950    148.790  305.32239  305.96685 1.2198e-01 5.2288e+00    942.983          1      41060     61.432     5.3086     5.3077     50.055   1710.792     1.6874     1.6007     0.3370     4.3565     0.0122     0.2357     1.6874          1  0.000e+00
       6.76     0.2763          1   3.409178     -1.202     4.0913   29.00300  -88.24934    174.950    148.622  305.32361  305.96812 1.2198e-01 5.2285e+00    942.933          1      41061     61.389     5.3083     5.3077     50.012   1710.833     1.6874     1.5995     0.3382     4.3565     0.0122     0.2357     1.6874          1  0.000e+00
       6.74     0.2763          1   3.409190      0.000     4.0608   29.00300  -88.24934    174.948    148.622  305.32167  305.96614 1.2233e-01 5.2288e+00    942.933          1      41062     61.408     5.3086     5.3074     50.031   1710.875     1.6874     1.5995     0.3370     4.3565     0.0134     0.2344     1.6874          1  0.000e+00
       6.76     0.2763          1   3.409139      0.000     4.0913   29.00300  -88.24934    174.949    148.789  305.32300  305.96745 1.2198e-01 5.2288e+00    942.933          1      41063     61.451     5.3086     5.3076     50.075   1710.917     1.6874     1.6007     0.3382     4.3565     0.0122     0.2357     1.6874          1  0.000e+00
       6.76     0.2774          1   3.409146      0.000     4.0913   29.00300  -88.24934    174.768    148.789  305.32283  305.96729 1.2198e-01 5.2288e+00    942.933          1      41064     61.446     5.3086     5.3076     50.069   1710.958     1.6862     1.6007     0.3382     4.3553     0.0122     0.2357     1.6862          1  0.000e+00
       6.74     0.2774          1   3.409178      0.000     4.0913   29.00300  -88.24934    174.768    148.789  305.32201  305.96647 1.2198e-01 5.2288e+00    942.933          1      41065     61.419     5.3086     5.3075     50.042   1711.000     1.6862     1.6007     0.3370     4.3553     0.0122     0.2357     1.6862          1  0.000e+00
       6.76     0.2763          1   3.409190      0.000     4.0608   29.00300  -88.24934    174.948    148.789  305.32167  305.96614 1.2198e-01 5.2288e+00    942.933          1      41066     61.408     5.3086     5.3076     50.031   1711.042     1.6874     1.6007     0.3382     4.3565     0.0122     0.2344     1.6874          1  0.000e+00
       6.76     0.2763          1   3.409190      0.000     4.0913   29.00300  -88.24934    174.948    148.789  305.32167  305.96614 1.2198e-01 5.2288e+00    942.933          1      41067     61.408     5.3086     5.3077     50.031   1711.083     1.6874     1.6007     0.3382     4.3565     0.0122     0.2357     1.6874          1  0.000e+00
       6.74     0.2774          1   3.409210     -1.202     4.0913   29.00300  -88.24934    174.946    148.788  305.32043  305.96489 1.2198e-01 5.2290e+00    942.883          1      41068     61.403     5.3087     5.3078     50.025   1711.125     1.6874     1.6007     0.3370     4.3553     0.0122     0.2357     1.6874          1  0.000e+00
       6.76     0.2763          1   3.409171      1.203     4.0913   29.00300  -88.24934    174.949    148.621  305.32217  305.96663 1.2198e-01 5.2288e+00    942.933          1      41069     61.424     5.3086     5.3079     50.047   1711.167     1.6874     1.5995     0.3382     4.3565     0.0122     0.2357     1.6874          1  0.000e+00
       6.76     0.2763          1   3.409203      0.000     4.0913   29.00300  -88.24934    174.949    148.621  305.32226  305.96676 1.2198e-01 5.2286e+00    942.933          1      41070     61.381     5.3084     5.3079     50.003   1711.208     1.6874     1.5995     0.3382     4.3565     0.0122     0.2357     1.6874          1  0.000e+00
       6.76     0.2763          1   3.409222     -1.374     4.0913   29.00300  -88.24934    175.127    148.620  305.32010  305.96455 1.2198e-01 5.2290e+00    942.876          1      41071     61.392     5.3087     5.3077     50.014   1711.250     1.6886     1.5995     0.3382     4.3565     0.0122     0.2357     1.6886          1  0.000e+00
       6.76     0.2763          1   3.409197      0.000     4.0608   29.00300  -88.24934    174.946    148.620  305.32076  305.96521 1.2198e-01 5.2290e+00    942.876          1      41072     61.413     5.3087     5.3080     50.036   1711.292     1.6874     1.5995     0.3382     4.3565     0.0122     0.2344     1.6874          1  0.000e+00
       6.76     0.2763          1   3.409114      0.172     4.0608   29.00300  -88.24934    174.949    148.621  305.32429  305.96876 1.2164e-01 5.2287e+00    942.883          1      41073     61.458     5.3084     5.3077     50.082   1711.333     1.6874     1.5995     0.3382     4.3565     0.0110     0.2344     1.6874          1  0.000e+00
       6.76     0.2774          1   3.409139      1.203     3.9692   29.00300  -88.24934    174.950    148.788  305.32460  305.96911 1.2198e-01 5.2285e+00    942.933          1      41074     61.422     5.3083     5.3081     50.045   1711.375     1.6874     1.6007     0.3382     4.3553     0.0122     0.2308     1.6874          1  0.000e+00
      14.07     0.2763          1   3.409107     -1.374     3.9387   29.00300  -88.24934    174.769    148.788  305.32628  305.97081 1.2164e-01 5.2283e+00    942.876          1      41075     61.429     5.3081     5.3077     50.054   1711.417     1.6862     1.6007     0.7033     4.3565     0.0110     0.2295     1.6862          1  0.000e+00
      71.40     0.2741          1   3.409095      1.375     3.9387   29.00300  -88.24934    174.952    148.788  305.32736  305.97191 1.2198e-01 5.2282e+00    942.933          1      41076     61.429     5.3079     5.3078     50.054   1711.458     1.6874     1.6007     3.5702     4.3590     0.0122     0.2295     1.6874          1  0.000e+00
      99.51     0.2752          1   3.409114     -1.374     3.9387   29.00300  -88.24934    174.950    148.787  305.32612  305.97064 1.2198e-01 5.2283e+00    942.876          1      41077     61.423     5.3081     5.3079     50.048   1711.500     1.6874     1.6007     4.9756     4.3578     0.0122     0.2295     1.6874          1  0.000e+00
     100.00     0.2741          1   3.409171      0.172     3.9387   29.00300  -88.24934    174.948    148.620  305.32372  305.96823 1.2198e-01 5.2285e+00    942.883          1      41078     61.392     5.3083     5.3081     50.016   1711.542     1.6874     1.5995     5.0000     4.3590     0.0122     0.2295     1.6874          1  0.000e+00
      99.68     0.2741          1   3.409165     -0.171     3.9387   29.00300  -88.24934    174.948    148.621  305.32319  305.96768 1.2164e-01 5.2286e+00    942.876          1      41079     61.410     5.3084     5.3077     50.034   1711.583     1.6874     1.5995     4.9841     4.3590     0.0110     0.2295     1.6874          1  0.000e+00
      98.80     0.2752          1   3.409178      0.000     3.9387   29.00300  -88.24934    174.948    148.621  305.32263  305.96712 1.2198e-01 5.2287e+00    942.876          1      41080     61.404     5.3084     5.3078     50.027   1711.625     1.6874     1.5995     4.9402     4.3578     0.0122     0.2295     1.6874          1  0.000e+00
      98.49     0.2752          1   3.409165      0.000     3.9387   29.00300  -88.24934    174.948    148.788  305.32388  305.96839 1.2164e-01 5.2285e+00    942.876          1      41081     61.397     5.3083     5.3077     50.021   1711.667     1.6874     1.6007     4.9243     4.3578     0.0110     0.2295     1.6874          1  0.000e+00
      98.58     0.2752          1   3.409159      1.375     3.9387   29.00300  -88.24934    175.131    148.622  305.32410  305.96862 1.2198e-01 5.2285e+00    942.933          1      41082     61.406     5.3083     5.3077     50.029   1711.708     1.6886     1.5995     4.9292     4.3578     0.0122     0.2295     1.6886          1  0.000e+00
      98.66     0.2752          1   3.409133     -2.577     3.9387   29.00300  -88.24934    174.947    148.787  305.32305  305.96750 1.2198e-01 5.2288e+00    942.826          1      41083     61.452     5.3086     5.3074     50.076   1711.750     1.6874     1.6007     4.9328     4.3578     0.0122     0.2295     1.6874          1  0.000e+00
      98.68     0.2741          1   3.409171      1.203     3.9387   29.00300  -88.24934    174.947    148.788  305.32211  305.96657 1.2198e-01 5.2288e+00    942.876          1      41084     61.422     5.3086     5.3075     50.045   1711.792     1.6874     1.6007     4.9341     4.3590     0.0122     0.2295     1.6874          1  0.000e+00
      98.66     0.2752          1   3.409210      0.000     3.9387   29.00300  -88.24934    174.946    148.788  305.32043  305.96488 1.2198e-01 5.2290e+00    942.876          1      41085     61.402     5.3087     5.3077     50.025   1711.833     1.6874     1.6007     4.9328     4.3578     0.0122     0.2295     1.6874          1  0.000e+00
      98.66     0.2763          1   3.409197      0.000     3.9387   29.00300  -88.24934    174.946    148.788  305.32007  305.96450 1.2198e-01 5.2291e+00    942.876          1      41086     61.426     5.3089     5.3076     50.049   1711.875     1.6874     1.6007     4.9328     4.3565     0.0122     0.2295     1.6874          1  0.000e+00
      60.93     0.2741          1   3.409165      0.172     3.9387   29.00300  -88.24934    175.128    148.787  305.32228  305.96674 1.2198e-01 5.2288e+00    942.883          1      41087     61.427     5.3086     5.3078     50.051   1711.917     1.6886     1.6007     3.0464     4.3590     0.0122     0.2295     1.6886          1  0.000e+00
      14.26     0.2741          1   3.409178     -1.374     3.9387   29.00300  -88.24934    174.945    148.619  305.32097  305.96541 1.2198e-01 5.2290e+00    942.826          1      41088     61.431     5.3088     5.3079     50.055   1711.958     1.6874     1.5995     0.7131     4.3590     0.0122     0.2295     1.6874          1  0.000e+00
       2.56     0.2741          1   3.409190      1.203     3.9387   29.00300  -88.24934    174.947    148.620  305.32092  305.96537 1.2198e-01 5.2290e+00    942.876          1      41089     61.418     5.3087     5.3079     50.042   1712.000     1.6874     1.5995     0.1282     4.3590     0.0122     0.2295     1.6874          1  0.000e+00
       4.49     0.2741          1   3.409190      0.000     3.9387   29.00300  -88.24934    174.948    148.620  305.32321  305.96773 1.2198e-01 5.2285e+00    942.876          1      41090     61.376     5.3083     5.3079     49.999   1712.042     1.6874     1.5995     0.2247     4.3590     0.0122     0.2295     1.6874          1  0.000e+00
       6.64     0.2741          1   3.409114     -1.202     3.9387   29.00300  -88.24934    175.128    148.618  305.32446  305.96893 1.2198e-01 5.2286e+00    942.826          1      41091     61.451     5.3084     5.3080     50.076   1712.083     1.6886     1.5995     0.3321     4.3590     0.0122     0.2295     1.6886          1  0.000e+00
       7.13     0.2741          1   3.409114      1.203     3.9387   29.00300  -88.24934    175.130    148.787  305.32451  305.96899 1.2233e-01 5.2286e+00    942.876          1      41092     61.453     5.3084     5.3079     50.078   1712.125     1.6886     1.6007     0.3565     4.3590     0.0134     0.2295     1.6886          1  0.000e+00
       7.03     0.2741          1   3.409146      0.000     3.9387   29.00300  -88.24934    174.950    148.787  305.32597  305.97053 1.2164e-01 5.2282e+00    942.876          1      41093     61.384     5.3079     5.3081     50.008   1712.167     1.6874     1.6007     0.3516     4.3590     0.0110     0.2295     1.6874          1  0.000e+00
       6.91     0.2741          1   3.409107     -1.202     3.9387   29.00300  -88.24934    174.949    148.785  305.32623  305.97075 1.2198e-01 5.2283e+00    942.826          1      41094     61.426     5.3081     5.3081     50.052   1712.208     1.6874     1.6007     0.3455     4.3590     0.0122     0.2295     1.6874          1  0.000e+00
       6.91     0.2763          1   3.409114      1.203     3.9387   29.00300  -88.24934    174.950    148.786  305.32680  305.97135 1.2198e-01 5.2282e+00    942.876          1      41095     61.411     5.3079     5.3080     50.035   1712.250     1.6874     1.6007     0.3455     4.3565     0.0122     0.2295     1.6874          1  0.000e+00
       6.91     0.2786          1   3.409082     -1.202     3.9387   29.00300  -88.24934    174.950    148.619  305.32895  305.97353 1.2198e-01 5.2279e+00    942.826          1      41096     61.410     5.3076     5.3079     50.036   1712.292     1.6874     1.5995     0.3455     4.3541     0.0122     0.2295     1.6874          1  0.000e+00
       6.94     0.2786          1   3.409088      0.000     3.9387   29.00300  -88.24934    174.950    148.786  305.32901  305.97361 1.2198e-01 5.2278e+00    942.826          1      41097     61.400     5.3076     5.3081     50.026   1712.333     1.6874     1.6007     0.3468     4.3541     0.0122     0.2295     1.6874          1  0.000e+00
       6.94     0.2797          1   3.409114      1.203     3.9387   29.00300  -88.24934    174.951    148.787  305.32841  305.97301 1.2198e-01 5.2278e+00    942.876          1      41098     61.381     5.3076     5.3079     50.006   1712.375     1.6874     1.6007     0.3468     4.3529     0.0122     0.2295     1.6874          1  0.000e+00
       6.94     0.2786          1   3.409146     -1.202     3.9387   29.00300  -88.24934    174.949    148.786  305.32661  305.97119 1.2198e-01 5.2280e+00    942.826          1      41099     61.369     5.3078     5.3078     49.994   1712.417     1.6874     1.6007     0.3468     4.3541     0.0122     0.2295     1.6874          1  0.000e+00
