test/data/CTD/g01l01s01.ros
* Sea-Bird SBE 9 Data File:
* FileName = D:\CTD DATA\2013\PE13-01 DiMarco\G01L01S01.hex
* Software Version Seasave V 7.21g
* Temperature SN = 4515
* Conductivity SN = 3079
* Number of Bytes Per Scan = 40
* Number of Voltage Words = 5
* Number of Scans Averaged by the Deck Unit = 1
* NMEA Latitude = 28 15.01 N
* NMEA Longitude = 089 15.02 W
* NMEA UTC (Time) = Jul 11 2012  02:22:32
* NMEA baud rate = 4800
# nquan = 31
# nvalues = 588                                   
# units = specified
# name 0 = altM: Altimeter [m]
# name 1 = bat: Beam Attenuation, Chelsea/Seatech [1/m]
# name 2 = bpos: Bottle Position in Carousel
# name 3 = c0S/m: Conductivity [S/m]
# name 4 = dz/dtM: Descent Rate [m/s]
# name 5 = wetCDOM: Fluorescence, WET Labs CDOM [mg/m^3]
# name 6 = latitude: Latitude [deg]
# name 7 = longitude: Longitude [deg]
# name 8 = sbeox0Mm/Kg: Oxygen, SBE 43 [umol/kg]
# name 9 = sbeox1Mm/Kg: Oxygen, SBE 43, 2 [umol/kg]
# name 10 = oxsolMm/Kg: Oxygen Saturation, Garcia & Gordon [umol/kg]
# name 11 = oxsatMm/Kg: Oxygen Saturation, Weiss [umol/kg]
# name 12 = par: PAR/Irradiance, Biospherical/Licor
# name 13 = pla: Plume Anomaly
# name 14 = prDM: Pressure, Digiquartz [db]
# name 15 = pumps: Pump Status
# name 16 = scan: Scan Count
# name 17 = sva: Specific Volume Anomaly [10^-8 * m^3/kg]
# name 18 = t090C: Temperature [ITS-90, deg C]
# name 19 = t190C: Temperature, 2 [ITS-90, deg C]
# name 20 = tsa: Thermosteric Anomaly [10^-8 * m^3/kg]
# name 21 = timeS: Time, Elapsed [seconds]
# name 22 = v0: Voltage 0
# name 23 = v1: Voltage 1
# name 24 = v2: Voltage 2
# name 25 = v3: Voltage 3
# name 26 = v4: Voltage 4
# name 27 = v5: Voltage 5
# name 28 = sbeox0V: Oxygen raw, SBE 43 [V]
# name 29 = nbf: Bottles Fired
# name 30 = flag:  0.000e+00
# interval = seconds: 0.0416667
# start_time = Jul 11 2012 02:22:32 [NMEA time, header]
# bad_flag = -9.990e-29
*END*
       8.40     0.1711          1   3.424293      1.200     3.9998   28.24818  -89.25648    168.210    142.958  303.74084  304.35677 1.3513e-01 5.4606e+00    835.673          1      37884     63.491     5.5319     5.5319     53.021   1578.458     1.6642     1.5788     0.4200     4.4725     0.0562     0.2320     1.6642          1  0.000e+00
       8.40     0.1711          1   3.424242     -2.572     4.0303   28.24818  -89.25648    168.209    142.792  303.74294  304.35888 1.3513e-01 5.4604e+00    835.566          1      37885     63.512     5.5317     5.5318     53.044   1578.500     1.6642     1.5775     0.4200     4.4725     0.0562     0.2332     1.6642          1  0.000e+00
       8.40     0.1711          1   3.424274      3.258     4.0303   28.24818  -89.25648    168.210    142.795  303.74001  304.35589 1.3513e-01 5.4609e+00    835.701          1      37886     63.534     5.5321     5.5316     53.064   1578.542     1.6642     1.5775     0.4200     4.4725     0.0562     0.2332     1.6642          1  0.000e+00
       8.40     0.1711          1   3.424268     -1.886     4.0303   28.24818  -89.25648    168.209    142.794  303.74076  304.35666 1.3513e-01 5.4607e+00    835.623          1      37887     63.523     5.5320     5.5316     53.053   1578.583     1.6642     1.5775     0.4200     4.4725     0.0562     0.2332     1.6642          1  0.000e+00
       8.42     0.1711          1   3.424281      0.000     4.0303   28.24818  -89.25648    168.209    142.793  303.74111  304.35704 1.3513e-01 5.4606e+00    835.623          1      37888     63.499     5.5319     5.5319     53.030   1578.625     1.6642     1.5775     0.4212     4.4725     0.0562     0.2332     1.6642          1  0.000e+00
       8.42     0.1700          1   3.424293      0.000     4.0303   28.24818  -89.25648    168.208    142.793  303.74010  304.35601 1.3513e-01 5.4607e+00    835.623          1      37889     63.501     5.5320     5.5316     53.032   1578.667     1.6642     1.5775     0.4212     4.4737     0.0562     0.2332     1.6642          1  0.000e+00
       8.42     0.1711          1   3.424293     -0.686     4.0303   28.24818  -89.25648    168.031    142.793  303.74075  304.35668 1.3551e-01 5.4606e+00    835.594          1      37890     63.487     5.5319     5.5317     53.018   1578.708     1.6630     1.5775     0.4212     4.4725     0.0574     0.2332     1.6630          1  0.000e+00
       8.42     0.1711          1   3.424268      0.686     4.0303   28.24818  -89.25648    168.209    142.957  303.74076  304.35666 1.3513e-01 5.4607e+00    835.623          1      37891     63.523     5.5320     5.5318     53.053   1578.750     1.6642     1.5788     0.4212     4.4725     0.0562     0.2332     1.6642          1  0.000e+00
       8.45     0.1711          1   3.424306     -1.371     4.0303   28.24818  -89.25648    168.207    142.956  303.73971  304.35563 1.3513e-01 5.4608e+00    835.566          1      37892     63.488     5.5320     5.5316     53.019   1578.792     1.6642     1.5788     0.4225     4.4725     0.0562     0.2332     1.6642          1  0.000e+00
       8.45     0.1711          1   3.424274      2.572     4.0608   28.24818  -89.25648    168.033    142.958  303.74065  304.35655 1.3513e-01 5.4607e+00    835.673          1      37893     63.520     5.5320     5.5318     53.050   1578.833     1.6630     1.5788     0.4225     4.4725     0.0562     0.2344     1.6630          1  0.000e+00
       8.42     0.1711          1   3.424236     -1.886     4.0303   28.24818  -89.25648    168.209    142.956  303.74155  304.35744 1.3513e-01 5.4607e+00    835.594          1      37894     63.548     5.5320     5.5319     53.080   1578.875     1.6642     1.5788     0.4212     4.4725     0.0562     0.2332     1.6642          1  0.000e+00
       8.45     0.1711          1   3.424300     -0.686     4.0303   28.24818  -89.25648    168.207    142.955  303.73988  304.35579 1.3513e-01 5.4608e+00    835.566          1      37895     63.493     5.5320     5.5320     53.024   1578.917     1.6642     1.5788     0.4225     4.4725     0.0562     0.2332     1.6642          1  0.000e+00
       8.47     0.1711          1   3.424325      1.372     4.0303   28.24818  -89.25648    168.208    142.793  303.73996  304.35590 1.3551e-01 5.4606e+00    835.623          1      37896     63.462     5.5319     5.5317     52.992   1578.958     1.6642     1.5775     0.4237     4.4725     0.0574     0.2332     1.6642          1  0.000e+00
       8.45     0.1711          1   3.424300      0.000     4.0608   28.24818  -89.25648    168.209    142.957  303.74062  304.35655 1.3513e-01 5.4606e+00    835.623          1      37897     63.483     5.5319     5.5316     53.014   1579.000     1.6642     1.5788     0.4225     4.4725     0.0562     0.2344     1.6642          1  0.000e+00
       8.47     0.1711          1   3.424313     -1.371     4.0303   28.24818  -89.25648    168.206    142.956  303.73865  304.35453 1.3513e-01 5.4609e+00    835.566          1      37898     63.499     5.5322     5.5317     53.030   1579.042     1.6642     1.5788     0.4237     4.4725     0.0562     0.2332     1.6642          1  0.000e+00
       8.47     0.1700          1   3.424274      2.058     4.0303   28.24818  -89.25648    168.209    142.957  303.73972  304.35560 1.3513e-01 5.4609e+00    835.652          1      37899     63.536     5.5322     5.5318     53.066   1579.083     1.6642     1.5788     0.4237     4.4737     0.0562     0.2332     1.6642          1  0.000e+00
       8.47     0.1700          1   3.424281     -2.057     4.0303   28.24818  -89.25648    168.206    142.956  303.73879  304.35464 1.3513e-01 5.4611e+00    835.566          1      37900     63.539     5.5323     5.5317     53.070   1579.125     1.6642     1.5788     0.4237     4.4737     0.0562     0.2332     1.6642          1  0.000e+00
       8.50     0.1711          1   3.424313      1.372     4.0303   28.24818  -89.25648    168.206    142.957  303.73645  304.35226 1.3513e-01 5.4614e+00    835.623          1      37901     63.545     5.5327     5.5316     53.074   1579.167     1.6642     1.5788     0.4249     4.4725     0.0562     0.2332     1.6642          1  0.000e+00
       8.50     0.1711          1   3.424325     -1.371     4.0303   28.24818  -89.25648    168.205    142.956  303.73696  304.35281 1.3513e-01 5.4612e+00    835.566          1      37902     63.514     5.5325     5.5317     53.044   1579.208     1.6642     1.5788     0.4249     4.4725     0.0562     0.2332     1.6642          1  0.000e+00
       8.47     0.1711          1   3.424300      2.058     4.0303   28.24818  -89.25648    168.030    142.957  303.73771  304.35355 1.3513e-01 5.4612e+00    835.652          1      37903     63.540     5.5325     5.5318     53.069   1579.250     1.6630     1.5788     0.4237     4.4725     0.0562     0.2332     1.6630          1  0.000e+00
       8.47     0.1711          1   3.424313     -0.686     4.0303   28.24818  -89.25648    168.207    142.956  303.73735  304.35320 1.3551e-01 5.4612e+00    835.623          1      37904     63.528     5.5325     5.5321     53.057   1579.292     1.6642     1.5788     0.4237     4.4725     0.0574     0.2332     1.6642          1  0.000e+00
       8.50     0.1711          1   3.424325     -1.371     4.0303   28.24818  -89.25648    168.383    143.119  303.73696  304.35281 1.3513e-01 5.4612e+00    835.566          1      37905     63.514     5.5325     5.5320     53.044   1579.333     1.6654     1.5800     0.4249     4.4725     0.0562     0.2332     1.6654          1  0.000e+00
       8.52     0.1711          1   3.424325      1.372     4.0303   28.24818  -89.25648    168.207    143.121  303.73702  304.35287 1.3513e-01 5.4612e+00    835.623          1      37906     63.517     5.5325     5.5317     53.047   1579.375     1.6642     1.5800     0.4261     4.4725     0.0562     0.2332     1.6642          1  0.000e+00
       8.50     0.1711          1   3.424325      0.686     4.0303   28.24818  -89.25648    168.207    142.957  303.73706  304.35290 1.3513e-01 5.4612e+00    835.652          1      37907     63.518     5.5325     5.5318     53.048   1579.417     1.6642     1.5788     0.4249     4.4725     0.0562     0.2332     1.6642          1  0.000e+00
       8.52     0.1711          1   3.424274     -2.057     4.0303   28.24818  -89.25648    168.207    142.956  303.73986  304.35574 1.3513e-01 5.4609e+00    835.566          1      37908     63.527     5.5321     5.5316     53.059   1579.458     1.6642     1.5788     0.4261     4.4725     0.0562     0.2332     1.6642          1  0.000e+00
       8.52     0.1711          1   3.424281      2.572     4.0303   28.24818  -89.25648    168.209    142.958  303.73958  304.35546 1.3513e-01 5.4609e+00    835.673          1      37909     63.532     5.5322     5.5318     53.061   1579.500     1.6642     1.5788     0.4261     4.4725     0.0562     0.2332     1.6642          1  0.000e+00
       8.52     0.1711          1   3.424293     -1.200     4.0303   28.24818  -89.25648    168.208    142.958  303.74010  304.35601 1.3513e-01 5.4607e+00    835.623          1      37910     63.501     5.5320     5.5316     53.032   1579.542     1.6642     1.5788     0.4261     4.4725     0.0562     0.2332     1.6642          1  0.000e+00
       8.52     0.1711          1   3.424268      1.200     4.0303   28.24818  -89.25648    168.210    142.958  303.74014  304.35602 1.3513e-01 5.4609e+00    835.673          1      37911     63.538     5.5321     5.5316     53.068   1579.583     1.6642     1.5788     0.4261     4.4725     0.0562     0.2332     1.6642          1  0.000e+00
       8.52     0.1711          1   3.424281     -0.514     3.9998   28.24818  -89.25648    168.032    142.794  303.74046  304.35637 1.3513e-01 5.4607e+00    835.652          1      37912     63.514     5.5320     5.5316     53.044   1579.625     1.6630     1.5775     0.4261     4.4725     0.0562     0.2320     1.6630          1  0.000e+00
       8.52     0.1700          1   3.424293      0.515     3.9998   28.24818  -89.25648    168.210    142.958  303.74016  304.35607 1.3513e-01 5.4607e+00    835.673          1      37913     63.504     5.5320     5.5318     53.034   1579.667     1.6642     1.5788     0.4261     4.4737     0.0562     0.2320     1.6642          1  0.000e+00
       8.52     0.1711          1   3.424268     -1.200     3.9998   28.24818  -89.25648    168.208    142.957  303.73918  304.35503 1.3474e-01 5.4611e+00    835.623          1      37914     63.553     5.5323     5.5317     53.083   1579.708     1.6642     1.5788     0.4261     4.4725     0.0549     0.2320     1.6642          1  0.000e+00
       8.52     0.1711          1   3.424281      1.201     3.9998   28.24818  -89.25648    168.209    142.958  303.73891  304.35476 1.3513e-01 5.4611e+00    835.673          1      37915     63.544     5.5323     5.5316     53.074   1579.750     1.6642     1.5788     0.4261     4.4725     0.0562     0.2320     1.6642          1  0.000e+00
       8.52     0.1711          1   3.424338      0.686     3.9998   28.24818  -89.25648    168.209    142.796  303.73814  304.35403 1.3513e-01 5.4609e+00    835.702          1      37916     63.485     5.5322     5.5314     53.013   1579.792     1.6642     1.5775     0.4261     4.4725     0.0562     0.2320     1.6642          1  0.000e+00
       8.52     0.1722          1   3.424332     -0.686     3.9998   28.24818  -89.25648    168.031    142.794  303.73850  304.35440 1.3513e-01 5.4609e+00    835.673          1      37917     63.484     5.5321     5.5316     53.013   1579.833     1.6630     1.5775     0.4261     4.4713     0.0562     0.2320     1.6630          1  0.000e+00
       8.50     0.1722          1   3.424325      0.000     3.9998   28.24818  -89.25648    168.209    142.794  303.73844  304.35432 1.3513e-01 5.4609e+00    835.673          1      37918     63.494     5.5322     5.5314     53.023   1579.875     1.6642     1.5775     0.4249     4.4713     0.0562     0.2320     1.6642          1  0.000e+00
       8.52     0.1722          1   3.424300      1.372     3.9998   28.24818  -89.25648    168.211    142.795  303.74006  304.35597 1.3513e-01 5.4607e+00    835.730          1      37919     63.501     5.5320     5.5316     53.030   1579.917     1.6642     1.5775     0.4261     4.4713     0.0562     0.2320     1.6642          1  0.000e+00
       8.52     0.1733          1   3.424293     -0.685     3.9998   28.24818  -89.25648    168.033    142.795  303.74019  304.35610 1.3513e-01 5.4607e+00    835.702          1      37920     63.505     5.5320     5.5316     53.035   1579.958     1.6630     1.5775     0.4261     4.4701     0.0562     0.2320     1.6630          1  0.000e+00
       8.52     0.1722          1   3.424268      0.686     3.9998   28.24818  -89.25648    168.212    142.795  303.74246  304.35841 1.3474e-01 5.4604e+00    835.731          1      37921     63.499     5.5317     5.5318     53.028   1580.000     1.6642     1.5775     0.4261     4.4713     0.0549     0.2320     1.6642          1  0.000e+00
       8.52     0.1722          1   3.424236     -1.371     3.9998   28.24818  -89.25648    168.212    142.958  303.74390  304.35986 1.3513e-01 5.4603e+00    835.673          1      37922     63.510     5.5315     5.5317     53.041   1580.042     1.6642     1.5788     0.4261     4.4713     0.0562     0.2320     1.6642          1  0.000e+00
       8.52     0.1722          1   3.424229      1.372     3.9998   28.24818  -89.25648    168.214    142.959  303.74480  304.36078 1.3513e-01 5.4601e+00    835.731          1      37923     63.505     5.5314     5.5318     53.035   1580.083     1.6642     1.5788     0.4261     4.4713     0.0562     0.2320     1.6642          1  0.000e+00
       8.50     0.1722          1   3.424210      1.200     3.9998   28.24818  -89.25648    168.038    142.796  303.74625  304.36226 1.3513e-01 5.4599e+00    835.781          1      37924     63.507     5.5312     5.5319     53.037   1580.125     1.6630     1.5775     0.4249     4.4713     0.0562     0.2320     1.6630          1  0.000e+00
       8.50     0.1722          1   3.424223     -0.686     3.9998   28.24818  -89.25648    168.215    142.795  303.74657  304.36260 1.3551e-01 5.4598e+00    835.752          1      37925     63.482     5.5311     5.5318     53.012   1580.167     1.6642     1.5775     0.4249     4.4713     0.0574     0.2320     1.6642          1  0.000e+00
       8.50     0.1722          1   3.424204     -0.514     3.9998   28.24818  -89.25648    168.215    142.794  303.74704  304.36306 1.3513e-01 5.4598e+00    835.731          1      37926     63.497     5.5311     5.5319     53.028   1580.208     1.6642     1.5775     0.4249     4.4713     0.0562     0.2320     1.6642          1  0.000e+00
       8.47     0.1733          1   3.424217      1.201     3.9998   28.24818  -89.25648    168.215    142.796  303.74609  304.36210 1.3513e-01 5.4599e+00    835.781          1      37927     63.502     5.5312     5.5318     53.031   1580.250     1.6642     1.5775     0.4237     4.4701     0.0562     0.2320     1.6642          1  0.000e+00
       8.50     0.1722          1   3.424230      0.000     3.9998   28.24818  -89.25648    168.216    142.959  303.74644  304.36247 1.3474e-01 5.4598e+00    835.781          1      37928     63.478     5.5311     5.5321     53.008   1580.292     1.6642     1.5788     0.4249     4.4713     0.0549     0.2320     1.6642          1  0.000e+00
       8.47     0.1722          1   3.424210     -1.886     3.9998   28.24818  -89.25648    168.391    142.795  303.74617  304.36217 1.3513e-01 5.4599e+00    835.702          1      37929     63.503     5.5312     5.5316     53.034   1580.333     1.6654     1.5775     0.4237     4.4713     0.0562     0.2320     1.6654          1  0.000e+00
