test/data/CTD/g01l01s01.ros
* Sea-Bird SBE 9 Data File:
* FileName = D:\CTD DATA\2013\PE13-01 DiMarco\G01L01S01.hex
* Software Version Seasave V 7.21g
* Temperature SN = 4515
* Conductivity SN = 3079
* Number of Bytes Per Scan = 40
* Number of Voltage Words = 5
* Number of Scans Averaged by the Deck Unit = 1
* NMEA Latitude = 28 15.01 N
* NMEA Longitude = 089 15.02 W
* NMEA UTC (Time) = Jul 11 2012  02:22:32
* NMEA baud rate = 4800
# nquan = 31
# nvalues = 588                                   
# units = specified
# name 0 = altM: Altimeter [m]
# name 1 = bat: Beam Attenuation, Chelsea/Seatech [1/m]
# name 2 = bpos: Bottle Position in Carousel
# name 3 = c0S/m: Conductivity [S/m]
# name 4 = dz/dtM: Descent Rate [m/s]
# name 5 = wetCDOM: Fluorescence, WET Labs CDOM [mg/m^3]
# name 6 = latitude: Latitude [deg]
# name 7 = longitude: Longitude [deg]
# name 8 = sbeox0Mm/Kg: Oxygen, SBE 43 [umol/kg]
# name 9 = sbeox1Mm/Kg: Oxygen, SBE 43, 2 [umol/kg]
# name 10 = oxsolMm/Kg: Oxygen Saturation, Garcia & Gordon [umol/kg]
# name 11 = oxsatMm/Kg: Oxygen Saturation, Weiss [umol/kg]
# name 12 = par: PAR/Irradiance, Biospherical/Licor
# name 13 = pla: Plume Anomaly
# name 14 = prDM: Pressure, Digiquartz [db]
# name 15 = pumps: Pump Status
# name 16 = scan: Scan Count
# name 17 = sva: Specific Volume Anomaly [10^-8 * m^3/kg]
# name 18 = t090C: Temperature [ITS-90, deg C]
# name 19 = t190C: Temperature, 2 [ITS-90, deg C]
# name 20 = tsa: Thermosteric Anomaly [10^-8 * m^3/kg]
# name 21 = timeS: Time, Elapsed [seconds]
# name 22 = v0: Voltage 0
# name 23 = v1: Voltage 1
# name 24 = v2: Voltage 2
# name 25 = v3: Voltage 3
# name 26 = v4: Voltage 4
# name 27 = v5: Voltage 5
# name 28 = sbeox0V: Oxygen raw, SBE 43 [V]
# name 29 = nbf: Bottles Fired
# name 30 = flag:  0.000e+00
# interval = seconds: 0.0416667
# start_time = Jul 11 2012 02:22:32 [NMEA time, header]
# bad_flag = -9.990e-29
*END*
[from data line 141]
      98.71     0.0580          3   3.507287      1.369     3.8166   28.24792  -89.25818    145.607    123.321  296.90700  297.40345 1.3436e-01 6.4541e+00    705.592          1      47816     76.324     6.5185     6.5180     66.099   1992.292     1.5507     1.4713     4.9353     4.6007     0.0537     0.2247     1.5507          3  0.000e+00
      98.71     0.0580          3   3.507306     -1.368     3.8166   28.24792  -89.25818    145.435    123.319  296.90562  297.40205 1.3398e-01 6.4543e+00    705.535          1      47817     76.322     6.5186     6.5184     66.097   1992.333     1.5495     1.4713     4.9353     4.6007     0.0525     0.2247     1.5495          3  0.000e+00
      98.71     0.0580          3   3.507274      1.027     3.8166   28.24792  -89.25818    145.437    123.479  296.90730  297.40375 1.3398e-01 6.4541e+00    705.577          1      47818     76.334     6.5185     6.5177     66.109   1992.375     1.5495     1.4725     4.9353     4.6007     0.0525     0.2247     1.5495          3  0.000e+00
      98.71     0.0580          3   3.507248     -1.026     3.8166   28.24792  -89.25818    145.436    123.480  296.90853  297.40499 1.3436e-01 6.4540e+00    705.535          1      47819     76.341     6.5183     6.5174     66.117   1992.417     1.5495     1.4725     4.9353     4.6007     0.0537     0.2247     1.5495          3  0.000e+00
      98.71     0.0580          3   3.507280      1.369     3.8166   28.24792  -89.25818    145.438    123.324  296.90866  297.40515 1.3436e-01 6.4538e+00    705.592          1      47820     76.301     6.5181     6.5172     66.075   1992.458     1.5495     1.4713     4.9353     4.6007     0.0537     0.2247     1.5495          3  0.000e+00
      98.71     0.0591          3   3.507267     -1.368     3.8166   28.24792  -89.25818    145.437    123.324  296.90955  297.40607 1.3398e-01 6.4537e+00    705.535          1      47821     76.296     6.5180     6.5168     66.072   1992.500     1.5495     1.4713     4.9353     4.5995     0.0525     0.2247     1.5495          3  0.000e+00
      98.71     0.0527          4   3.609045      0.854     3.8777   28.24788  -89.25928    129.913    110.152  289.41506  289.78963 1.3322e-01 7.5706e+00    604.675          1      53530     87.808     7.6299     7.6299     77.728   2230.375     1.4762     1.4042     4.9353     4.6068     0.0501     0.2271     1.4762          4  0.000e+00
      98.73     0.0527          4   3.609026      0.342     3.8777   28.24788  -89.25928    129.914    110.002  289.41613  289.79071 1.3284e-01 7.5704e+00    604.689          1      53531     87.812     7.6297     7.6297     77.732   2230.417     1.4762     1.4029     4.9365     4.6068     0.0488     0.2271     1.4762          4  0.000e+00
      98.73     0.0527          4   3.609019      0.854     3.8777   28.24788  -89.25928    130.078    110.002  289.41631  289.79089 1.3322e-01 7.5704e+00    604.725          1      53532     87.819     7.6297     7.6295     77.739   2230.458     1.4774     1.4029     4.9365     4.6068     0.0501     0.2271     1.4774          4  0.000e+00
      98.71     0.0527          4   3.609019     -2.048     3.8777   28.24788  -89.25928    129.913    110.001  289.41623  289.79081 1.3322e-01 7.5705e+00    604.639          1      53533     87.814     7.6297     7.6299     77.736   2230.500     1.4762     1.4029     4.9353     4.6068     0.0501     0.2271     1.4762          4  0.000e+00
      98.73     0.0527          4   3.609019      0.854     3.8777   28.24788  -89.25928    129.914    110.002  289.41707  289.79167 1.3322e-01 7.5703e+00    604.675          1      53534     87.800     7.6296     7.6295     77.721   2230.542     1.4762     1.4029     4.9365     4.6068     0.0501     0.2271     1.4762          4  0.000e+00
      98.73     0.0527          4   3.608993      1.708     3.8777   28.24788  -89.25928    129.916    110.002  289.41854  289.79316 1.3322e-01 7.5701e+00    604.746          1      53535     87.808     7.6294     7.6297     77.728   2230.583     1.4762     1.4029     4.9365     4.6068     0.0501     0.2271     1.4762          4  0.000e+00
      98.73     0.0527          4   3.608987     -2.902     3.8777   28.24788  -89.25928    129.914    110.001  289.41917  289.79381 1.3322e-01 7.5700e+00    604.625          1      53536     87.795     7.6292     7.6295     77.717   2230.625     1.4762     1.4029     4.9365     4.6068     0.0501     0.2271     1.4762          4  0.000e+00
      98.73     0.0527          4   3.608961      2.903     3.8777   28.24788  -89.25928    130.080    110.002  289.41928  289.79390 1.3322e-01 7.5701e+00    604.746          1      53537     87.834     7.6294     7.6295     77.754   2230.667     1.4774     1.4029     4.9365     4.6068     0.0501     0.2271     1.4774          4  0.000e+00
      98.73     0.0527          4   3.608974     -0.512     3.8777   28.24788  -89.25928    129.916    110.003  289.41957  289.79420 1.3322e-01 7.5699e+00    604.725          1      53538     87.810     7.6292     7.6293     77.731   2230.708     1.4762     1.4029     4.9365     4.6068     0.0501     0.2271     1.4762          4  0.000e+00
      98.73     0.0527          4   3.608987     -0.853     3.8777   28.24788  -89.25928    129.916    110.002  289.42004  289.79470 1.3322e-01 7.5698e+00    604.689          1      53539     87.782     7.6291     7.6295     77.703   2230.750     1.4762     1.4029     4.9365     4.6068     0.0501     0.2271     1.4762          4  0.000e+00
      98.73     0.0527          4   3.608961     -0.341     3.8471   28.24788  -89.25930    130.079    110.003  289.42062  289.79528 1.3284e-01 7.5698e+00    604.675          1      53540     87.802     7.6291     7.6290     77.723   2230.792     1.4774     1.4029     4.9365     4.6068     0.0488     0.2259     1.4774          4  0.000e+00
      98.73     0.0527          4   3.608974      1.708     3.8471   28.24788  -89.25930    129.917    110.004  289.42039  289.79505 1.3322e-01 7.5698e+00    604.746          1      53541     87.795     7.6291     7.6290     77.715   2230.833     1.4762     1.4029     4.9365     4.6068     0.0501     0.2259     1.4762          4  0.000e+00
      98.71     0.0527          4   3.608987      0.001     3.8471   28.24788  -89.25930    130.081    110.004  289.42070  289.79538 1.3322e-01 7.5696e+00    604.746          1      53542     87.773     7.6289     7.6290     77.693   2230.875     1.4774     1.4029     4.9353     4.6068     0.0501     0.2259     1.4774          4  0.000e+00
      98.71     0.0527          4   3.608961     -1.707     3.8777   28.24788  -89.25930    130.079    110.003  289.42062  289.79528 1.3284e-01 7.5698e+00    604.675          1      53543     87.802     7.6291     7.6290     77.723   2230.917     1.4774     1.4029     4.9353     4.6068     0.0488     0.2271     1.4774          4  0.000e+00
      98.71     0.0527          4   3.608974      0.342     3.8777   28.24788  -89.25930    130.080    110.004  289.42175  289.79645 1.3322e-01 7.5694e+00    604.689          1      53544     87.764     7.6287     7.6288     77.685   2230.958     1.4774     1.4029     4.9353     4.6068     0.0501     0.2271     1.4774          4  0.000e+00
      98.73     0.0527          4   3.608961      0.854     3.8777   28.24788  -89.25930    130.081    110.004  289.42127  289.79595 1.3322e-01 7.5696e+00    604.725          1      53545     87.792     7.6289     7.6290     77.713   2231.000     1.4774     1.4029     4.9365     4.6068     0.0501     0.2271     1.4774          4  0.000e+00
      98.73     0.0527          4   3.608954     -0.853     3.8777   28.24788  -89.25930    129.917    110.003  289.42219  289.79689 1.3322e-01 7.5694e+00    604.689          1      53546     87.780     7.6287     7.6292     77.701   2231.042     1.4762     1.4029     4.9365     4.6068     0.0501     0.2271     1.4762          4  0.000e+00
      98.73     0.0516          4   3.608974      0.854     3.8777   28.24788  -89.25930    129.917    110.003  289.42178  289.79648 1.3322e-01 7.5694e+00    604.725          1      53547     87.766     7.6287     7.6292     77.686   2231.083     1.4762     1.4029     4.9365     4.6081     0.0501     0.2271     1.4762          4  0.000e+00
      98.73     0.0516          4   3.608934      0.513     3.8777   28.24788  -89.25930    129.918    110.155  289.42189  289.79656 1.3322e-01 7.5696e+00    604.746          1      53548     87.814     7.6289     7.6290     77.735   2231.125     1.4762     1.4042     4.9365     4.6081     0.0501     0.2271     1.4762          4  0.000e+00
      98.73     0.0516          4   3.608921     -1.707     3.8777   28.24788  -89.25930    130.081    110.154  289.42292  289.79761 1.3322e-01 7.5694e+00    604.675          1      53549     87.805     7.6287     7.6289     77.727   2231.167     1.4774     1.4042     4.9365     4.6081     0.0501     0.2271     1.4774          4  0.000e+00
      98.73     0.0516          4   3.608967      1.708     3.8777   28.24788  -89.25930    130.081    110.005  289.42195  289.79665 1.3322e-01 7.5694e+00    604.746          1      53550     87.772     7.6287     7.6286     77.692   2231.208     1.4774     1.4029     4.9365     4.6081     0.0501     0.2271     1.4774          4  0.000e+00
      98.73     0.0516          4   3.608934     -0.512     3.8777   28.24788  -89.25930    130.082    110.005  289.42328  289.79799 1.3322e-01 7.5693e+00    604.725          1      53551     87.785     7.6286     7.6286     77.706   2231.250     1.4774     1.4029     4.9365     4.6081     0.0501     0.2271     1.4774          4  0.000e+00
      98.71     0.0527          4   3.608941     -0.853     3.9082   28.24788  -89.25930    129.917    110.004  289.42229  289.79698 1.3322e-01 7.5695e+00    604.689          1      53552     87.794     7.6288     7.6287     77.715   2231.292     1.4762     1.4029     4.9353     4.6068     0.0501     0.2283     1.4762          4  0.000e+00
      98.73     0.0527          4   3.608947      0.854     3.9082   28.24788  -89.25930    129.918    110.005  289.42298  289.79769 1.3322e-01 7.5693e+00    604.725          1      53553     87.774     7.6286     7.6287     77.695   2231.333     1.4762     1.4029     4.9365     4.6068     0.0501     0.2283     1.4762          4  0.000e+00
      98.73     0.0516          4   3.608928      0.513     3.9082   28.24788  -89.25930    130.082    110.004  289.42345  289.79816 1.3322e-01 7.5693e+00    604.746          1      53554     87.791     7.6286     7.6289     77.712   2231.375     1.4774     1.4029     4.9365     4.6081     0.0501     0.2283     1.4774          4  0.000e+00
      98.71     0.0527          4   3.608921     -0.512     3.9082   28.24788  -89.25930    130.081    110.004  289.42297  289.79766 1.3322e-01 7.5694e+00    604.725          1      53555     87.807     7.6287     7.6290     77.728   2231.417     1.4774     1.4029     4.9353     4.6068     0.0501     0.2283     1.4774          4  0.000e+00
      98.73     0.0527          4   3.608941      0.513     3.9082   28.24788  -89.25930    129.918    110.004  289.42255  289.79724 1.3322e-01 7.5694e+00    604.746          1      53556     87.793     7.6287     7.6288     77.713   2231.458     1.4762     1.4029     4.9365     4.6068     0.0501     0.2283     1.4762          4  0.000e+00
      98.73     0.0516          4   3.608974     -0.512     3.9082   28.24788  -89.25930    129.917    110.003  289.42178  289.79648 1.3360e-01 7.5694e+00    604.725          1      53557     87.766     7.6287     7.6292     77.686   2231.500     1.4762     1.4029     4.9365     4.6081     0.0513     0.2283     1.4762          4  0.000e+00
      98.73     0.0516          4   3.608934      0.513     3.9082   28.24788  -89.25930    129.918    110.005  289.42270  289.79739 1.3322e-01 7.5694e+00    604.746          1      53558     87.798     7.6287     7.6289     77.719   2231.542     1.4762     1.4029     4.9365     4.6081     0.0501     0.2283     1.4762          4  0.000e+00
      98.73     0.0516          4   3.608941     -0.512     3.9082   28.24788  -89.25930    129.917    110.155  289.42172  289.79639 1.3322e-01 7.5696e+00    604.725          1      53559     87.808     7.6289     7.6289     77.729   2231.583     1.4762     1.4042     4.9365     4.6081     0.0501     0.2283     1.4762          4  0.000e+00
      98.73     0.0516          4   3.608954     -0.853     3.9082   28.24788  -89.25930    129.917    110.004  289.42139  289.79606 1.3322e-01 7.5696e+00    604.690          1      53560     87.796     7.6289     7.6288     77.717   2231.625     1.4762     1.4029     4.9365     4.6081     0.0501     0.2283     1.4762          4  0.000e+00
      98.73     0.0527          4   3.608954      0.854     3.9082   28.24788  -89.25930    129.917    110.004  289.42142  289.79610 1.3322e-01 7.5696e+00    604.725          1      53561     87.798     7.6289     7.6287     77.718   2231.667     1.4762     1.4029     4.9365     4.6068     0.0501     0.2283     1.4762          4  0.000e+00
      98.73     0.0516          4   3.608954      0.513     3.8777   28.24788  -89.25930    130.081    110.004  289.42225  289.79694 1.3322e-01 7.5694e+00    604.746          1      53562     87.782     7.6287     7.6289     77.703   2231.708     1.4774     1.4029     4.9365     4.6081     0.0501     0.2271     1.4774          4  0.000e+00
      98.73     0.0516          4   3.608928     -0.512     3.9082   28.24788  -89.25930    129.917    110.004  289.42202  289.79669 1.3322e-01 7.5696e+00    604.725          1      53563     87.818     7.6289     7.6289     77.739   2231.750     1.4762     1.4029     4.9365     4.6081     0.0501     0.2283     1.4762          4  0.000e+00
      98.71     0.0516          4   3.608941     -0.853     3.9082   28.24788  -89.25930    129.917    110.003  289.42249  289.79718 1.3322e-01 7.5694e+00    604.690          1      53564     87.790     7.6287     7.6290     77.711   2231.792     1.4762     1.4029     4.9353     4.6081     0.0501     0.2283     1.4762          4  0.000e+00
      98.73     0.0516          4   3.608928      2.220     3.9082   28.24788  -89.25930    129.918    110.005  289.42208  289.79674 1.3322e-01 7.5696e+00    604.782          1      53565     87.821     7.6289     7.6289     77.741   2231.833     1.4762     1.4029     4.9365     4.6081     0.0501     0.2283     1.4762          4  0.000e+00
      98.71     0.0527          4   3.608921     -2.219     3.9082   28.24788  -89.25930    129.918    110.004  289.42354  289.79825 1.3322e-01 7.5693e+00    604.690          1      53566     87.793     7.6286     7.6287     77.715   2231.875     1.4762     1.4029     4.9353     4.6068     0.0501     0.2283     1.4762          4  0.000e+00
      98.73     0.0516          4   3.608921      0.854     3.9082   28.24788  -89.25930    130.081    110.005  289.42217  289.79683 1.3322e-01 7.5696e+00    604.725          1      53567     87.824     7.6289     7.6286     77.745   2231.917     1.4774     1.4029     4.9365     4.6081     0.0501     0.2283     1.4774          4  0.000e+00
      98.73     0.0516          4   3.608921      0.513     3.9082   28.24788  -89.25930    130.082    110.005  289.42300  289.79768 1.3322e-01 7.5694e+00    604.747          1      53568     87.808     7.6287     7.6288     77.729   2231.958     1.4774     1.4029     4.9365     4.6081     0.0501     0.2283     1.4774          4  0.000e+00
      98.73     0.0516          4   3.608941     -0.512     3.9082   28.24788  -89.25930    130.081    110.005  289.42253  289.79722 1.3322e-01 7.5694e+00    604.725          1      53569     87.792     7.6287     7.6287     77.713   2232.000     1.4774     1.4029     4.9365     4.6081     0.0501     0.2283     1.4774          4  0.000e+00
