test/data/CTD/g01l05s03.ros
* Sea-Bird SBE 9 Data File:
* FileName = D:\CTD DATA\2013\PE13-01 DiMarco\G01L05S03.hex
* Software Version Seasave V 7.21g
* Temperature SN = 4515
* Conductivity SN = 3079
* Number of Bytes Per Scan = 40
* Number of Voltage Words = 5
* Number of Scans Averaged by the Deck Unit = 1
* NMEA Latitude = 28 30.00 N
* NMEA Longitude = 088 14.96 W
* NMEA UTC (Time) = Jul 07 2012  03:13:58
* NMEA baud rate = 4800
# nquan = 31
# nvalues = 588                                   
# units = specified
# name 0 = altM: Altimeter [m]
# name 1 = bat: Beam Attenuation, Chelsea/Seatech [1/m]
# name 2 = bpos: Bottle Position in Carousel
# name 3 = c0S/m: Conductivity [S/m]
# name 4 = dz/dtM: Descent Rate [m/s]
# name 5 = wetCDOM: Fluorescence, WET Labs CDOM [mg/m^3]
# name 6 = latitude: Latitude [deg]
# name 7 = longitude: Longitude [deg]
# name 8 = sbeox0Mm/Kg: Oxygen, SBE 43 [umol/kg]
# name 9 = sbeox1Mm/Kg: Oxygen, SBE 43, 2 [umol/kg]
# name 10 = oxsolMm/Kg: Oxygen Saturation, Garcia & Gordon [umol/kg]
# name 11 = oxsatMm/Kg: Oxygen Saturation, Weiss [umol/kg]
# name 12 = par: PAR/Irradiance, Biospherical/Licor
# name 13 = pla: Plume Anomaly
# name 14 = prDM: Pressure, Digiquartz [db]
# name 15 = pumps: Pump Status
# name 16 = scan: Scan Count
# name 17 = sva: Specific Volume Anomaly [10^-8 * m^3/kg]
# name 18 = t090C: Temperature [ITS-90, deg C]
# name 19 = t190C: Temperature, 2 [ITS-90, deg C]
# name 20 = tsa: Thermosteric Anomaly [10^-8 * m^3/kg]
# name 21 = timeS: Time, Elapsed [seconds]
# name 22 = v0: Voltage 0
# name 23 = v1: Voltage 1
# name 24 = v2: Voltage 2
# name 25 = v3: Voltage 3
# name 26 = v4: Voltage 4
# name 27 = v5: Voltage 5
# name 28 = sbeox0V: Oxygen raw, SBE 43 [V]
# name 29 = nbf: Bottles Fired
# name 30 = flag:  0.000e+00
# interval = seconds: 0.0416667
# start_time = Jul 07 2012 03:13:58 [NMEA time, header]
# bad_flag = -9.990e-29
*END*
[from data line 562]
      98.58     0.6316         12   5.362848     -1.012    -1.8000   28.51978  -88.23828    225.245    198.926  194.78143  194.28263 1.1856e-01 2.9903e+01      0.870          1     228468    827.413    29.8962    29.9380    827.583   9519.458     3.2173     3.0488     4.9292     3.9866     0.0000     0.0000     3.2173         12  0.000e+00
      98.58     0.6304         12   5.362940      1.013    -1.8000   28.51978  -88.23828    225.245    198.927  194.78107  194.28228 1.1856e-01 2.9903e+01      0.912          1     228469    827.357    29.8960    29.9381    827.526   9519.500     3.2173     3.0488     4.9292     3.9878     0.0000     0.0000     3.2173         12  0.000e+00
      98.58     0.6304         12   5.363055      0.169    -1.8000   28.51978  -88.23828    225.143    199.023  194.78029  194.28150 1.1856e-01 2.9903e+01      0.919          1     228470    827.297    29.8960    29.9381    827.466   9519.542     3.2161     3.0501     4.9292     3.9878     0.0000     0.0000     3.2161         12  0.000e+00
      98.58     0.6316         12   5.363093     -0.169    -1.8000   28.51978  -88.23828    225.143    199.024  194.78029  194.28149 1.1856e-01 2.9903e+01      0.912          1     228471    827.267    29.8958    29.9376    827.437   9519.583     3.2161     3.0501     4.9292     3.9866     0.0000     0.0000     3.2161         12  0.000e+00
      98.58     0.6316         12   5.363093     -1.012    -1.8000   28.51978  -88.23828    225.141    199.023  194.77982  194.28103 1.1856e-01 2.9903e+01      0.870          1     228472    827.281    29.8960    29.9376    827.452   9519.625     3.2161     3.0501     4.9292     3.9866     0.0000     0.0000     3.2161         12  0.000e+00
      98.58     0.6304         12   5.362925      1.013    -1.8000   28.51978  -88.23828    225.145    199.022  194.78204  194.28324 1.1856e-01 2.9903e+01      0.912          1     228473    827.335    29.8957    29.9383    827.504   9519.667     3.2161     3.0501     4.9292     3.9878     0.0000     0.0000     3.2161         12  0.000e+00
      98.58     0.6304         12   5.362940      0.169    -1.8000   28.51978  -88.23828    225.146    199.021  194.78252  194.28372 1.1856e-01 2.9902e+01      0.919          1     228474    827.307    29.8954    29.9385    827.476   9519.708     3.2161     3.0501     4.9292     3.9878     0.0000     0.0000     3.2161         12  0.000e+00
      98.58     0.6316         12   5.363162     -0.169    -1.8000   28.51978  -88.23828    225.040    199.022  194.77927  194.28048 1.1856e-01 2.9903e+01      0.912          1     228475    827.250    29.8960    29.9381    827.420   9519.750     3.2149     3.0501     4.9292     3.9866     0.0000     0.0000     3.2149         12  0.000e+00
      98.58     0.6316         12   5.363423      0.169    -1.8000   28.51978  -88.23828    225.038    198.927  194.77715  194.27838 1.1856e-01 2.9903e+01      0.919          1     228476    827.125    29.8960    29.9374    827.294   9519.792     3.2149     3.0488     4.9292     3.9866     0.0000     0.0000     3.2149         12  0.000e+00
      98.56     0.6316         12   5.363630     -0.169    -1.8000   28.51978  -88.23828    224.935    199.026  194.77547  194.27670 1.1856e-01 2.9903e+01      0.912          1     228477    827.025    29.8960    29.9361    827.195   9519.833     3.2137     3.0501     4.9280     3.9866     0.0000     0.0000     3.2137         12  0.000e+00
      98.58     0.6304         12   5.363676      0.169    -1.8000   28.51978  -88.23828    224.936    199.030  194.77609  194.27732 1.1856e-01 2.9903e+01      0.919          1     228478    826.969    29.8956    29.9344    827.138   9519.875     3.2137     3.0501     4.9292     3.9878     0.0000     0.0000     3.2137         12  0.000e+00
      98.58     0.6316         12   5.363630     -0.169    -1.8000   28.51978  -88.23828    224.935    199.031  194.77592  194.27716 1.1856e-01 2.9903e+01      0.912          1     228479    827.009    29.8958    29.9342    827.179   9519.917     3.2137     3.0501     4.9292     3.9866     0.0000     0.0000     3.2137         12  0.000e+00
      98.58     0.6316         12   5.363661      1.519    -1.8000   28.51978  -88.23828    224.936    199.035  194.77485  194.27610 1.1856e-01 2.9903e+01      0.975          1     228480    827.028    29.8962    29.9340    827.195   9519.958     3.2137     3.0501     4.9292     3.9866     0.0000     0.0000     3.2137         12  0.000e+00
      98.58     0.6279         12   5.363768     -1.519    -1.8000   28.51978  -88.23828    224.830    199.033  194.77267  194.27393 1.1856e-01 2.9904e+01      0.912          1     228481    827.018    29.8968    29.9342    827.187   9520.000     3.2125     3.0501     4.9292     3.9902     0.0000     0.0000     3.2125         12  0.000e+00
      98.58     0.6267         12   5.364075      0.169    -1.8000   28.51978  -88.23828    224.827    199.033  194.77033  194.27160 1.1856e-01 2.9904e+01      0.919          1     228482    826.866    29.8967    29.9347    827.035   9520.042     3.2125     3.0501     4.9292     3.9915     0.0000     0.0000     3.2125         12  0.000e+00
      98.58     0.6267         12   5.364289      1.013    -1.8000   28.51978  -88.23828    224.827    199.033  194.76883  194.27010 1.1856e-01 2.9904e+01      0.961          1     228483    826.757    29.8966    29.9355    826.924   9520.083     3.2125     3.0501     4.9292     3.9915     0.0000     0.0000     3.2125         12  0.000e+00
      98.56     0.6279         12   5.364404     -1.012    -1.8000   28.51978  -88.23828    224.723    199.032  194.76788  194.26916 1.1856e-01 2.9904e+01      0.919          1     228484    826.699    29.8966    29.9359    826.868   9520.125     3.2112     3.0501     4.9280     3.9902     0.0000     0.0000     3.2112         12  0.000e+00
      98.58     0.6267         12   5.364335      1.013    -1.8000   28.51978  -88.23828    224.728    199.032  194.77142  194.27268 1.1856e-01 2.9902e+01      0.961          1     228485    826.630    29.8953    29.9365    826.797   9520.167     3.2112     3.0501     4.9292     3.9915     0.0000     0.0000     3.2112         12  0.000e+00
      98.56     0.6279         12   5.364090     -1.012    -1.8000   28.51978  -88.23828    224.735    199.028  194.77775  194.27896 1.1856e-01 2.9900e+01      0.919          1     228486    826.593    29.8934    29.9365    826.762   9520.208     3.2112     3.0501     4.9280     3.9902     0.0000     0.0000     3.2112         12  0.000e+00
      98.56     0.6279         12   5.363860      1.013    -1.8000   28.51978  -88.23828    224.638    199.029  194.78085  194.28204 1.1856e-01 2.9900e+01      0.961          1     228487    826.663    29.8928    29.9361    826.831   9520.250     3.2100     3.0501     4.9280     3.9902     0.0000     0.0000     3.2100         12  0.000e+00
      98.56     0.6279         12   5.363538      0.338    -1.8000   28.51978  -88.23828    224.743    199.031  194.78385  194.28502 1.1856e-01 2.9900e+01      0.975          1     228488    826.805    29.8927    29.9355    826.972   9520.292     3.2112     3.0501     4.9280     3.9902     0.0000     0.0000     3.2112         12  0.000e+00
      98.58     0.6267         12   5.363316     -1.519    -1.8000   28.51978  -88.23828    224.740    198.936  194.78229  194.28348 1.1856e-01 2.9901e+01      0.912          1     228489    827.027    29.8941    29.9339    827.196   9520.333     3.2112     3.0488     4.9292     3.9915     0.0000     0.0000     3.2112         12  0.000e+00
      98.58     0.6279         12   5.363132      1.519    -1.8000   28.51978  -88.23828    224.728    198.940  194.77062  194.27191 1.1856e-01 2.9907e+01      0.975          1     228490    827.582    29.8999    29.9327    827.749   9520.375     3.2112     3.0488     4.9292     3.9902     0.0000     0.0000     3.2112         12  0.000e+00
      98.58     0.6279         12   5.362955     -0.337    -1.8000   28.51978  -88.23828    224.609    198.940  194.75582  194.25724 1.1856e-01 2.9914e+01      0.961          1     228491    828.236    29.9071    29.9322    828.404   9520.417     3.2100     3.0488     4.9292     3.9902     0.0000     0.0000     3.2100         12  0.000e+00
      98.58     0.6267         12   5.362848      0.338    -1.8000   28.51978  -88.23828    224.706    198.938  194.75136  194.25282 1.1856e-01 2.9916e+01      0.975          1     228492    828.476    29.9094    29.9329    828.643   9520.458     3.2112     3.0488     4.9292     3.9915     0.0000     0.0000     3.2112         12  0.000e+00
      98.58     0.6279         12   5.362924     -0.337    -1.8000   28.51978  -88.23828    224.603    198.934  194.75074  194.25220 1.1856e-01 2.9916e+01      0.961          1     228493    828.439    29.9094    29.9344    828.606   9520.500     3.2100     3.0488     4.9292     3.9902     0.0000     0.0000     3.2100         12  0.000e+00
