test/data/CTD/g01l04s05.ros
* Sea-Bird SBE 9 Data File:
* FileName = D:\CTD DATA\2013\PE13-01 DiMarco\G01L04S05.hex
* Software Version Seasave V 7.21g
* Temperature SN = 4515
* Conductivity SN = 3079
* Number of Bytes Per Scan = 40
* Number of Voltage Words = 5
* Number of Scans Averaged by the Deck Unit = 1
* NMEA Latitude = 28 00.01 N
* NMEA Longitude = 088 29.93 W
* NMEA UTC (Time) = Jul 09 2012  05:55:22
* NMEA baud rate = 4800
# nquan = 31
# nvalues = 588                                   
# units = specified
# name 0 = altM: Altimeter [m]
# name 1 = bat: Beam Attenuation, Chelsea/Seatech [1/m]
# name 2 = bpos: Bottle Position in Carousel
# name 3 = c0S/m: Conductivity [S/m]
# name 4 = dz/dtM: Descent Rate [m/s]
# name 5 = wetCDOM: Fluorescence, WET Labs CDOM [mg/m^3]
# name 6 = latitude: Latitude [deg]
# name 7 = longitude: Longitude [deg]
# name 8 = sbeox0Mm/Kg: Oxygen, SBE 43 [umol/kg]
# name 9 = sbeox1Mm/Kg: Oxygen, SBE 43, 2 [umol/kg]
# name 10 = oxsolMm/Kg: Oxygen Saturation, Garcia & Gordon [umol/kg]
# name 11 = oxsatMm/Kg: Oxygen Saturation, Weiss [umol/kg]
# name 12 = par: PAR/Irradiance, Biospherical/Licor
# name 13 = pla: Plume Anomaly
# name 14 = prDM: Pressure, Digiquartz [db]
# name 15 = pumps: Pump Status
# name 16 = scan: Scan Count
# name 17 = sva: Specific Volume Anomaly [10^-8 * m^3/kg]
# name 18 = t090C: Temperature [ITS-90, deg C]
# name 19 = t190C: Temperature, 2 [ITS-90, deg C]
# name 20 = tsa: Thermosteric Anomaly [10^-8 * m^3/kg]
# name 21 = timeS: Time, Elapsed [seconds]
# name 22 = v0: Voltage 0
# name 23 = v1: Voltage 1
# name 24 = v2: Voltage 2
# name 25 = v3: Voltage 3
# name 26 = v4: Voltage 4
# name 27 = v5: Voltage 5
# name 28 = sbeox0V: Oxygen raw, SBE 43 [V]
# name 29 = nbf: Bottles Fired
# name 30 = flag:  0.000e+00
# interval = seconds: 0.0416667
# start_time = Jul 09 2012 05:55:22 [NMEA time, header]
# bad_flag = -9.990e-29
*END*
      98.68     0.0336          1   3.363958      0.001    -1.8000   28.02250  -88.50200    219.967    185.850  312.82084  313.60614 1.1856e-01 4.0997e+00   2004.372          1      90842     54.805     4.2706     4.2698     35.301   3785.042     1.7668     1.6654     4.9341     4.6288     0.0000     0.0000     1.7668          1  0.000e+00
      98.66     0.0347          1   3.363971     -1.401    -1.8000   28.02250  -88.50200    219.965    186.046  312.82043  313.60574 1.1856e-01 4.0997e+00   2004.314          1      90843     54.792     4.2706     4.2698     35.288   3785.083     1.7668     1.6667     4.9328     4.6276     0.0000     0.0000     1.7668          1  0.000e+00
      98.66     0.0347          1   3.363965      0.001    -1.8000   28.02250  -88.50200    219.965    185.850  312.82133  313.60666 1.1856e-01 4.0995e+00   2004.314          1      90844     54.784     4.2705     4.2695     35.280   3785.125     1.7668     1.6654     4.9328     4.6276     0.0000     0.0000     1.7668          1  0.000e+00
      98.66     0.0347          1   3.363926      0.001    -1.8000   28.02250  -88.50200    219.965    186.046  312.82164  313.60693 1.1856e-01 4.0997e+00   2004.314          1      90845     54.829     4.2706     4.2697     35.326   3785.167     1.7668     1.6667     4.9328     4.6276     0.0000     0.0000     1.7668          1  0.000e+00
      98.66     0.0347          1   3.363990      1.403    -1.8000   28.02250  -88.50200    219.967    186.048  312.82070  313.60604 1.1856e-01 4.0995e+00   2004.372          1      90846     54.765     4.2705     4.2697     35.260   3785.208     1.7668     1.6667     4.9328     4.6276     0.0000     0.0000     1.7668          1  0.000e+00
      98.68     0.0347          1   3.363965      0.001    -1.8000   28.02250  -88.50200    219.966    186.048  312.82066  313.60597 1.1856e-01 4.0997e+00   2004.372          1      90847     54.800     4.2706     4.2695     35.295   3785.250     1.7668     1.6667     4.9341     4.6276     0.0000     0.0000     1.7668          1  0.000e+00
      98.66     0.0347          1   3.363971     -1.401    -1.8000   28.02250  -88.50200    220.179    186.046  312.82189  313.60725 1.1856e-01 4.0994e+00   2004.314          1      90848     54.766     4.2704     4.2697     35.262   3785.292     1.7680     1.6667     4.9328     4.6276     0.0000     0.0000     1.7680          1  0.000e+00
      98.66     0.0347          1   3.364003      1.403    -1.8000   28.02250  -88.50200    220.179    185.851  312.81962  313.60495 1.1856e-01 4.0997e+00   2004.372          1      90849     54.768     4.2706     4.2696     35.262   3785.333     1.7680     1.6654     4.9328     4.6276     0.0000     0.0000     1.7680          1  0.000e+00
      98.68     0.0336          1   3.363971     -1.401    -1.8000   28.02250  -88.50200    220.177    186.047  312.81945  313.60473 1.1856e-01 4.0999e+00   2004.314          1      90850     54.809     4.2708     4.2695     35.305   3785.375     1.7680     1.6667     4.9341     4.6288     0.0000     0.0000     1.7680          1  0.000e+00
      98.66     0.0347          1   3.363977      1.403    -1.8000   28.02250  -88.50200    219.966    186.048  312.82032  313.60563 1.1856e-01 4.0997e+00   2004.372          1      90851     54.789     4.2706     4.2697     35.284   3785.417     1.7668     1.6667     4.9328     4.6276     0.0000     0.0000     1.7668          1  0.000e+00
      98.66     0.0347          1   3.364003      0.001    -1.8000   28.02250  -88.50200    219.966    186.048  312.82035  313.60570 1.1856e-01 4.0995e+00   2004.373          1      90852     54.755     4.2705     4.2697     35.249   3785.458     1.7668     1.6667     4.9328     4.6276     0.0000     0.0000     1.7668          1  0.000e+00
      98.66     0.0357          1   3.363965      0.001    -1.8000   28.02250  -88.50200    219.967    186.048  312.82139  313.60673 1.1856e-01 4.0995e+00   2004.373          1      90853     54.787     4.2705     4.2696     35.282   3785.500     1.7668     1.6667     4.9328     4.6264     0.0000     0.0000     1.7668          1  0.000e+00
      98.66     0.0347          1   3.363971     -1.401    -1.8000   28.02250  -88.50200    220.178    186.046  312.82043  313.60574 1.1856e-01 4.0997e+00   2004.314          1      90854     54.792     4.2706     4.2697     35.288   3785.542     1.7680     1.6667     4.9328     4.6276     0.0000     0.0000     1.7680          1  0.000e+00
      98.66     0.0347          1   3.363958      2.629    -1.8000   28.02250  -88.50200    219.968    186.051  312.82089  313.60620 1.1856e-01 4.0997e+00   2004.424          1      90855     54.807     4.2706     4.2693     35.302   3785.583     1.7668     1.6667     4.9328     4.6276     0.0000     0.0000     1.7668          1  0.000e+00
      98.66     0.0336          1   3.363977     -1.226    -1.8000   28.02250  -88.50200    219.967    186.048  312.82105  313.60639 1.1856e-01 4.0995e+00   2004.373          1      90856     54.776     4.2705     4.2695     35.271   3785.625     1.7668     1.6667     4.9328     4.6288     0.0000     0.0000     1.7668          1  0.000e+00
      98.66     0.0347          1   3.364028      1.228    -1.8000   28.02250  -88.50200    220.180    186.049  312.81899  313.60432 1.1856e-01 4.0997e+00   2004.424          1      90857     54.748     4.2706     4.2697     35.241   3785.667     1.7680     1.6667     4.9328     4.6276     0.0000     0.0000     1.7680          1  0.000e+00
      98.66     0.0347          1   3.363996     -1.226    -1.8000   28.02250  -88.50200    220.179    186.048  312.82053  313.60587 1.1856e-01 4.0995e+00   2004.373          1      90858     54.760     4.2705     4.2695     35.255   3785.708     1.7680     1.6667     4.9328     4.6276     0.0000     0.0000     1.7680          1  0.000e+00
      98.66     0.0336          1   3.363958      1.228    -1.8000   28.02250  -88.50200    219.968    186.049  312.82089  313.60620 1.1856e-01 4.0997e+00   2004.424          1      90859     54.807     4.2706     4.2697     35.302   3785.750     1.7668     1.6667     4.9328     4.6288     0.0000     0.0000     1.7668          1  0.000e+00
      98.66     0.0347          1   3.363996      0.001    -1.8000   28.02250  -88.50200    220.182    186.049  312.82131  313.60668 1.1856e-01 4.0994e+00   2004.424          1      90860     54.749     4.2704     4.2695     35.244   3785.792     1.7680     1.6667     4.9328     4.6276     0.0000     0.0000     1.7680          1  0.000e+00
      98.66     0.0347          1   3.363990      0.001    -1.8000   28.02250  -88.50200    220.180    186.049  312.82003  313.60534 1.1856e-01 4.0997e+00   2004.424          1      90861     54.780     4.2706     4.2696     35.275   3785.833     1.7680     1.6667     4.9328     4.6276     0.0000     0.0000     1.7680          1  0.000e+00
      98.66     0.0347          1   3.363965      0.001    -1.8000   28.02250  -88.50200    220.182    186.049  312.82145  313.60678 1.1856e-01 4.0995e+00   2004.424          1      90862     54.789     4.2705     4.2697     35.284   3785.875     1.7680     1.6667     4.9328     4.6276     0.0000     0.0000     1.7680          1  0.000e+00
      98.68     0.0336          1   3.363996      0.001    -1.8000   28.02250  -88.50200    220.181    186.049  312.82058  313.60593 1.1856e-01 4.0995e+00   2004.424          1      90863     54.762     4.2705     4.2695     35.256   3785.917     1.7680     1.6667     4.9341     4.6288     0.0000     0.0000     1.7680          1  0.000e+00
      98.68     0.0336          1   3.363990      1.403    -1.8000   28.02250  -88.50200    220.182    186.051  312.82009  313.60541 1.1856e-01 4.0997e+00   2004.483          1      90864     54.783     4.2706     4.2697     35.277   3785.958     1.7680     1.6667     4.9341     4.6288     0.0000     0.0000     1.7680          1  0.000e+00
      98.68     0.0336          1   3.364003     -1.401    -1.8000   28.02250  -88.50200    219.968    185.853  312.82041  313.60576 1.1856e-01 4.0995e+00   2004.424          1      90865     54.757     4.2705     4.2696     35.251   3786.000     1.7668     1.6654     4.9341     4.6288     0.0000     0.0000     1.7668          1  0.000e+00
      98.66     0.0336          1   3.363990      1.403    -1.8000   28.02250  -88.50200    220.182    185.854  312.82009  313.60541 1.1856e-01 4.0997e+00   2004.483          1      90866     54.783     4.2706     4.2695     35.277   3786.042     1.7680     1.6654     4.9328     4.6288     0.0000     0.0000     1.7680          1  0.000e+00
      98.66     0.0347          1   3.363984      1.228    -1.8000   28.02250  -88.50200    219.971    185.854  312.82105  313.60639 1.1856e-01 4.0995e+00   2004.534          1      90867     54.778     4.2705     4.2698     35.271   3786.083     1.7668     1.6654     4.9328     4.6276     0.0000     0.0000     1.7668          1  0.000e+00
      98.66     0.0347          1   3.363984     -2.628    -1.8000   28.02250  -88.50200    219.968    186.048  312.82020  313.60551 1.1856e-01 4.0997e+00   2004.424          1      90868     54.786     4.2706     4.2698     35.280   3786.125     1.7668     1.6667     4.9328     4.6276     0.0000     0.0000     1.7668          1  0.000e+00
      98.68     0.0347          1   3.364009      2.629    -1.8000   28.02250  -88.50200    219.971    186.052  312.82036  313.60570 1.1856e-01 4.0995e+00   2004.534          1      90869     54.756     4.2705     4.2696     35.249   3786.167     1.7668     1.6667     4.9341     4.6276     0.0000     0.0000     1.7668          1  0.000e+00
      98.68     0.0347          1   3.363965      0.001    -1.8000   28.02250  -88.50200    220.185    186.051  312.82157  313.60690 1.1856e-01 4.0995e+00   2004.534          1      90870     54.794     4.2705     4.2698     35.288   3786.208     1.7680     1.6667     4.9341     4.6276     0.0000     0.0000     1.7680          1  0.000e+00
      98.68     0.0347          1   3.363996      0.001    -1.8000   28.02250  -88.50200    220.184    186.051  312.82070  313.60604 1.1856e-01 4.0995e+00   2004.534          1      90871     54.767     4.2705     4.2697     35.260   3786.250     1.7680     1.6667     4.9341     4.6276     0.0000     0.0000     1.7680          1  0.000e+00
      98.66     0.0347          1   3.363965      0.001    -1.8000   28.02250  -88.50200    220.184    186.052  312.82084  313.60614 1.1856e-01 4.0997e+00   2004.534          1      90872     54.807     4.2706     4.2697     35.301   3786.292     1.7680     1.6667     4.9328     4.6276     0.0000     0.0000     1.7680          1  0.000e+00
      98.66     0.0347          1   3.363977      0.001    -1.8000   28.02250  -88.50200    220.184    186.052  312.82049  313.60580 1.1856e-01 4.0997e+00   2004.534          1      90873     54.796     4.2706     4.2696     35.290   3786.333     1.7680     1.6667     4.9328     4.6276     0.0000     0.0000     1.7680          1  0.000e+00
      98.68     0.0347          1   3.364028      1.403    -1.8000   28.02250  -88.50200    220.186    186.053  312.82063  313.60601 1.1856e-01 4.0994e+00   2004.592          1      90874     54.730     4.2704     4.2697     35.222   3786.375     1.7680     1.6667     4.9341     4.6276     0.0000     0.0000     1.7680          1  0.000e+00
      98.68     0.0336          1   3.363996      0.176    -1.8000   28.02250  -88.50200    220.186    185.857  312.82004  313.60536 1.1856e-01 4.0997e+00   2004.600          1      90875     54.783     4.2706     4.2693     35.275   3786.417     1.7680     1.6654     4.9341     4.6288     0.0000     0.0000     1.7680          1  0.000e+00
      98.68     0.0347          1   3.363958     -0.174    -1.8000   28.02250  -88.50200    219.973    186.052  312.82107  313.60638 1.1856e-01 4.0997e+00   2004.592          1      90876     54.814     4.2706     4.2698     35.308   3786.458     1.7668     1.6667     4.9341     4.6276     0.0000     0.0000     1.7668          1  0.000e+00
      98.66     0.0347          1   3.364016      0.001    -1.8000   28.02250  -88.50200    219.972    186.053  312.81952  313.60484 1.1856e-01 4.0997e+00   2004.593          1      90877     54.766     4.2706     4.2697     35.258   3786.500     1.7668     1.6667     4.9328     4.6276     0.0000     0.0000     1.7668          1  0.000e+00
      98.66     0.0347          1   3.364022      0.001    -1.8000   28.02250  -88.50200    219.972    186.054  312.81934  313.60467 1.1856e-01 4.0997e+00   2004.593          1      90878     54.761     4.2706     4.2695     35.253   3786.542     1.7668     1.6667     4.9328     4.6276     0.0000     0.0000     1.7668          1  0.000e+00
      98.68     0.0336          1   3.363996      0.001    -1.8000   28.02250  -88.50200    220.185    186.054  312.82003  313.60535 1.1856e-01 4.0997e+00   2004.593          1      90879     54.782     4.2706     4.2695     35.275   3786.583     1.7680     1.6667     4.9341     4.6288     0.0000     0.0000     1.7680          1  0.000e+00
      98.66     0.0347          1   3.364028      1.228    -1.8000   28.02250  -88.50200    220.186    186.055  312.81922  313.60455 1.1856e-01 4.0997e+00   2004.644          1      90880     54.758     4.2706     4.2695     35.249   3786.625     1.7680     1.6667     4.9328     4.6276     0.0000     0.0000     1.7680          1  0.000e+00
      98.68     0.0347          1   3.363971      1.403    -1.8000   28.02250  -88.50200    219.977    186.056  312.82158  313.60691 1.1856e-01 4.0995e+00   2004.702          1      90881     54.795     4.2705     4.2696     35.288   3786.667     1.7668     1.6667     4.9341     4.6276     0.0000     0.0000     1.7668          1  0.000e+00
      98.68     0.0336          1   3.363971     -2.628    -1.8000   28.02250  -88.50200    220.186    186.053  312.82073  313.60604 1.1856e-01 4.0997e+00   2004.593          1      90882     54.804     4.2706     4.2697     35.297   3786.708     1.7680     1.6667     4.9341     4.6288     0.0000     0.0000     1.7680          1  0.000e+00
      98.66     0.0347          1   3.364003      1.227    -1.8000   28.02250  -88.50200    219.974    186.055  312.81992  313.60524 1.1856e-01 4.0997e+00   2004.644          1      90883     54.779     4.2706     4.2695     35.271   3786.750     1.7668     1.6667     4.9328     4.6276     0.0000     0.0000     1.7668          1  0.000e+00
      98.66     0.0347          1   3.364016      1.403    -1.8000   28.02252  -88.50200    220.188    186.056  312.81963  313.60496 1.1856e-01 4.0996e+00   2004.702          1      90884     54.771     4.2706     4.2695     35.262   3786.792     1.7680     1.6667     4.9328     4.6276     0.0000     0.0000     1.7680          1  0.000e+00
      98.68     0.0347          1   3.363997     -1.401    -1.8000   28.02252  -88.50200    219.974    186.054  312.82009  313.60541 1.1856e-01 4.0997e+00   2004.644          1      90885     54.785     4.2706     4.2697     35.277   3786.833     1.7668     1.6667     4.9341     4.6276     0.0000     0.0000     1.7668          1  0.000e+00
      98.68     0.0336          1   3.363984      1.578    -1.8000   28.02252  -88.50200    220.189    186.056  312.82051  313.60582 1.1856e-01 4.0996e+00   2004.710          1      90886     54.798     4.2706     4.2696     35.290   3786.875     1.7680     1.6667     4.9341     4.6288     0.0000     0.0000     1.7680          1  0.000e+00
      98.66     0.0347          1   3.363984     -1.576    -1.8000   28.02252  -88.50200    220.188    186.054  312.82190  313.60726 1.1856e-01 4.0994e+00   2004.644          1      90887     54.769     4.2704     4.2695     35.262   3786.917     1.7680     1.6667     4.9328     4.6276     0.0000     0.0000     1.7680          1  0.000e+00
