test/data/CTD/g01l05s01.ros
* Sea-Bird SBE 9 Data File:
* FileName = D:\CTD DATA\2013\PE13-01 DiMarco\G01L05S01.hex
* Software Version Seasave V 7.21g
* Temperature SN = 4515
* Conductivity SN = 3079
* Number of Bytes Per Scan = 40
* Number of Voltage Words = 5
* Number of Scans Averaged by the Deck Unit = 1
* NMEA Latitude = 28 59.98 N
* NMEA Longitude = 088 15.00 W
* NMEA UTC (Time) = Jul 06 2012  08:14:22
* NMEA baud rate = 4800
# nquan = 31
# nvalues = 588                                   
# units = specified
# name 0 = altM: Altimeter [m]
# name 1 = bat: Beam Attenuation, Chelsea/Seatech [1/m]
# name 2 = bpos: Bottle Position in Carousel
# name 3 = c0S/m: Conductivity [S/m]
# name 4 = dz/dtM: Descent Rate [m/s]
# name 5 = wetCDOM: Fluorescence, WET Labs CDOM [mg/m^3]
# name 6 = latitude: Latitude [deg]
# name 7 = longitude: Longitude [deg]
# name 8 = sbeox0Mm/Kg: Oxygen, SBE 43 [umol/kg]
# name 9 = sbeox1Mm/Kg: Oxygen, SBE 43, 2 [umol/kg]
# name 10 = oxsolMm/Kg: Oxygen Saturation, Garcia & Gordon [umol/kg]
# name 11 = oxsatMm/Kg: Oxygen Saturation, Weiss [umol/kg]
# name 12 = par: PAR/Irradiance, Biospherical/Licor
# name 13 = pla: Plume Anomaly
# name 14 = prDM: Pressure, Digiquartz [db]
# name 15 = pumps: Pump Status
# name 16 = scan: Scan Count
# name 17 = sva: Specific Volume Anomaly [10^-8 * m^3/kg]
# name 18 = t090C: Temperature [ITS-90, deg C]
# name 19 = t190C: Temperature, 2 [ITS-90, deg C]
# name 20 = tsa: Thermosteric Anomaly [10^-8 * m^3/kg]
# name 21 = timeS: Time, Elapsed [seconds]
# name 22 = v0: Voltage 0
# name 23 = v1: Voltage 1
# name 24 = v2: Voltage 2
# name 25 = v3: Voltage 3
# name 26 = v4: Voltage 4
# name 27 = v5: Voltage 5
# name 28 = sbeox0V: Oxygen raw, SBE 43 [V]
# name 29 = nbf: Bottles Fired
# name 30 = flag:  0.000e+00
# interval = seconds: 0.0416667
# start_time = Jul 06 2012 08:14:22 [NMEA time, header]
# bad_flag = -9.990e-29
*END*
[from data line 422]
      98.66     0.0400          9   4.511234     -0.338     3.2366   29.00642  -88.24790    142.449    122.352  241.71480  241.47161 1.2198e-01 1.5856e+01    199.685          1      76506    146.570    15.8837    15.8889    140.516   3187.708     1.8547     1.7619     4.9328     4.6215     0.0122     0.2015     1.8547          9  0.000e+00
      98.66     0.0400          9   4.511249      0.001     3.2366   29.00642  -88.24790    142.578    122.352  241.71459  241.47140 1.2164e-01 1.5856e+01    199.685          1      76507    146.560    15.8837    15.8889    140.507   3187.750     1.8559     1.7619     4.9328     4.6215     0.0110     0.2015     1.8559          9  0.000e+00
      98.66     0.0389          9   4.511213      0.001     3.2366   29.00642  -88.24790    142.579    122.471  241.71627  241.47310 1.2198e-01 1.5855e+01    199.685          1      76508    146.551    15.8833    15.8891    140.498   3187.792     1.8559     1.7631     4.9328     4.6227     0.0122     0.2015     1.8559          9  0.000e+00
      98.63     0.0400          9   4.511213      0.001     3.2366   29.00642  -88.24790    142.578    122.473  241.71512  241.47193 1.2198e-01 1.5856e+01    199.685          1      76509    146.584    15.8837    15.8884    140.531   3187.833     1.8559     1.7631     4.9316     4.6215     0.0122     0.2015     1.8559          9  0.000e+00
      98.66     0.0400          9   4.511263     -0.846     3.2366   29.00642  -88.24790    142.577    122.354  241.71499  241.47182 1.2198e-01 1.5856e+01    199.650          1      76510    146.531    15.8834    15.8879    140.479   3187.875     1.8559     1.7619     4.9328     4.6215     0.0122     0.2015     1.8559          9  0.000e+00
      98.63     0.0400          9   4.511256      2.033     3.2366   29.00642  -88.24790    142.579    122.356  241.71451  241.47132 1.2198e-01 1.5856e+01    199.734          1      76511    146.559    15.8837    15.8874    140.504   3187.917     1.8559     1.7619     4.9316     4.6215     0.0122     0.2015     1.8559          9  0.000e+00
      98.63     0.0400          9   4.511213     -1.185     3.2366   29.00642  -88.24790    142.707    122.476  241.71563  241.47245 1.2198e-01 1.5856e+01    199.685          1      76512    146.569    15.8835    15.8870    140.516   3187.958     1.8571     1.7631     4.9316     4.6215     0.0122     0.2015     1.8571          9  0.000e+00
      98.66     0.0389          9   4.511242      1.186     3.2366   29.00642  -88.24790    142.708    122.478  241.71587  241.47271 1.2198e-01 1.5855e+01    199.734          1      76513    146.536    15.8833    15.8865    140.481   3188.000     1.8571     1.7631     4.9328     4.6227     0.0122     0.2015     1.8571          9  0.000e+00
      98.63     0.0400          9   4.511213     -1.185     3.2366   29.00642  -88.24790    142.579    122.476  241.71627  241.47310 1.2198e-01 1.5855e+01    199.685          1      76514    146.551    15.8833    15.8869    140.498   3188.042     1.8559     1.7631     4.9316     4.6215     0.0122     0.2015     1.8559          9  0.000e+00
      98.66     0.0389          9   4.511177      0.001     3.2366   29.00642  -88.24790    142.579    122.477  241.71731  241.47415 1.2198e-01 1.5855e+01    199.685          1      76515    146.560    15.8831    15.8867    140.507   3188.083     1.8559     1.7631     4.9328     4.6227     0.0122     0.2015     1.8559          9  0.000e+00
      98.66     0.0400          9   4.511163      0.339     3.2366   29.00642  -88.24790    142.580    122.479  241.71804  241.47489 1.2198e-01 1.5855e+01    199.699          1      76516    146.556    15.8830    15.8862    140.503   3188.125     1.8559     1.7631     4.9328     4.6215     0.0122     0.2015     1.8559          9  0.000e+00
      98.63     0.0389          9   4.511206      0.848     3.2366   29.00642  -88.24790    142.580    122.482  241.71743  241.47428 1.2164e-01 1.5855e+01    199.735          1      76517    146.530    15.8830    15.8851    140.476   3188.167     1.8559     1.7631     4.9316     4.6227     0.0110     0.2015     1.8559          9  0.000e+00
      98.63     0.0400          9   4.511199     -1.185     3.2366   29.00642  -88.24790    142.580    122.481  241.71750  241.47435 1.2198e-01 1.5855e+01    199.685          1      76518    146.532    15.8830    15.8850    140.479   3188.208     1.8559     1.7631     4.9316     4.6215     0.0122     0.2015     1.8559          9  0.000e+00
      98.63     0.0400          9   4.511092      0.001     3.2366   29.00642  -88.24790    142.580    122.601  241.71858  241.47542 1.2198e-01 1.5855e+01    199.685          1      76519    146.616    15.8831    15.8849    140.563   3188.250     1.8559     1.7643     4.9316     4.6215     0.0122     0.2015     1.8559          9  0.000e+00
      98.66     0.0389          9   4.511163      0.001     3.2366   29.00642  -88.24790    142.581    122.481  241.71918  241.47605 1.2198e-01 1.5855e+01    199.685          1      76520    146.523    15.8826    15.8850    140.470   3188.292     1.8559     1.7631     4.9328     4.6227     0.0122     0.2015     1.8559          9  0.000e+00
      98.63     0.0389          9   4.511156     -0.846     3.2366   29.00642  -88.24790    142.580    122.479  241.71927  241.47614 1.2198e-01 1.5855e+01    199.650          1      76521    146.526    15.8826    15.8855    140.474   3188.333     1.8559     1.7631     4.9316     4.6227     0.0122     0.2015     1.8559          9  0.000e+00
      98.63     0.0389          9   4.511213      2.033     3.2366   29.00642  -88.24790    142.710    122.480  241.71783  241.47469 1.2198e-01 1.5855e+01    199.735          1      76522    146.511    15.8828    15.8855    140.457   3188.375     1.8571     1.7631     4.9316     4.6227     0.0122     0.2015     1.8571          9  0.000e+00
      98.66     0.0389          9   4.511242     -1.185     3.2366   29.00642  -88.24790    142.708    122.481  241.71686  241.47372 1.2198e-01 1.5855e+01    199.685          1      76523    146.504    15.8830    15.8851    140.451   3188.417     1.8571     1.7631     4.9328     4.6227     0.0122     0.2015     1.8571          9  0.000e+00
      98.63     0.0400          9   4.511249      0.001     3.2366   29.00642  -88.24790    142.579    122.481  241.71625  241.47309 1.2198e-01 1.5855e+01    199.685          1      76524    146.514    15.8831    15.8849    140.461   3188.458     1.8559     1.7631     4.9316     4.6215     0.0122     0.2015     1.8559          9  0.000e+00
      98.58     0.0612         10   4.982807      0.001     3.2977   29.00730  -88.24758    178.355    154.552  222.62543  222.20352 1.2198e-01 2.0208e+01    101.727          1      80936    229.477    20.2226    20.2233    225.981   3372.292     2.3626     2.2381     4.9292     4.5971     0.0122     0.2039     2.3626         10  0.000e+00
      98.58     0.0612         10   4.982740      0.001     3.2977   29.00730  -88.24758    178.355    154.553  222.62624  222.20433 1.2164e-01 2.0208e+01    101.727          1      80937    229.517    20.2226    20.2233    226.021   3372.333     2.3626     2.2381     4.9292     4.5971     0.0110     0.2039     2.3626         10  0.000e+00
      98.58     0.0622         10   4.982592      1.184     3.3282   29.00730  -88.24758    178.359    154.665  222.62911  222.20720 1.2198e-01 2.0208e+01    101.776          1      80938    229.575    20.2223    20.2230    226.077   3372.375     2.3626     2.2393     4.9292     4.5958     0.0122     0.2051     2.3626         10  0.000e+00
      98.58     0.0580         10   4.982510      0.001     3.2977   29.00730  -88.24758    178.477    154.665  222.63103  222.20913 1.2198e-01 2.0208e+01    101.776          1      80939    229.593    20.2219    20.2228    226.096   3372.417     2.3639     2.2393     4.9292     4.6007     0.0122     0.2039     2.3639         10  0.000e+00
      98.58     0.0580         10   4.982540      0.001     3.2977   29.00730  -88.24758    178.477    154.664  222.63109  222.20919 1.2198e-01 2.0208e+01    101.776          1      80940    229.562    20.2218    20.2228    226.064   3372.458     2.3639     2.2393     4.9292     4.6007     0.0122     0.2039     2.3639         10  0.000e+00
      98.58     0.0569         10   4.982555     -2.367     3.2977   29.00730  -88.24758    178.358    154.661  222.63085  222.20896 1.2198e-01 2.0208e+01    101.678          1      80941    229.547    20.2218    20.2230    226.053   3372.500     2.3626     2.2393     4.9292     4.6020     0.0122     0.2039     2.3626         10  0.000e+00
      98.58     0.0559         10   4.982584      1.184     3.2977   29.00730  -88.24758    178.476    154.661  222.63042  222.20852 1.2198e-01 2.0208e+01    101.727          1      80942    229.536    20.2218    20.2235    226.040   3372.542     2.3639     2.2393     4.9292     4.6032     0.0122     0.2039     2.3639         10  0.000e+00
      98.58     0.0580         10   4.982659      1.184     3.2977   29.00730  -88.24758    178.358    154.662  222.62830  222.20639 1.2198e-01 2.0208e+01    101.776          1      80943    229.535    20.2223    20.2237    226.037   3372.583     2.3626     2.2393     4.9292     4.6007     0.0122     0.2039     2.3626         10  0.000e+00
      98.58     0.0569         10   4.982711      0.001     3.2977   29.00730  -88.24758    178.475    154.664  222.62808  222.20618 1.2198e-01 2.0208e+01    101.776          1      80944    229.491    20.2221    20.2235    225.993   3372.625     2.3639     2.2393     4.9292     4.6020     0.0122     0.2039     2.3639         10  0.000e+00
      98.58     0.0569         10   4.982726     -1.183     3.2977   29.00730  -88.24758    178.474    154.665  222.62787  222.20597 1.2164e-01 2.0208e+01    101.727          1      80945    229.479    20.2221    20.2230    225.983   3372.667     2.3639     2.2393     4.9292     4.6020     0.0110     0.2039     2.3639         10  0.000e+00
      98.58     0.0569         10   4.982688     -0.845     3.2977   29.00730  -88.24758    178.473    154.666  222.62737  222.20546 1.2198e-01 2.0208e+01    101.692          1      80946    229.529    20.2225    20.2225    226.034   3372.708     2.3639     2.2393     4.9292     4.6020     0.0122     0.2039     2.3639         10  0.000e+00
      98.58     0.0569         10   4.982644      2.029     3.3282   29.00730  -88.24758    178.475    154.777  222.62848  222.20657 1.2198e-01 2.0208e+01    101.776          1      80947    229.544    20.2223    20.2222    226.046   3372.750     2.3639     2.2405     4.9292     4.6020     0.0122     0.2051     2.3639         10  0.000e+00
      98.58     0.0569         10   4.982636     -1.183     3.2977   29.00732  -88.24758    178.474    154.667  222.62833  222.20642 1.2198e-01 2.0208e+01    101.727          1      80948    229.552    20.2223    20.2223    226.056   3372.792     2.3639     2.2393     4.9292     4.6020     0.0122     0.2039     2.3639         10  0.000e+00
      98.58     0.0569         10   4.982540      0.001     3.2977   29.00732  -88.24758    178.474    154.667  222.62868  222.20676 1.2198e-01 2.0208e+01    101.727          1      80949    229.636    20.2226    20.2222    226.140   3372.833     2.3639     2.2393     4.9292     4.6020     0.0122     0.2039     2.3639         10  0.000e+00
      98.58     0.0569         10   4.982510     -1.183     3.2977   29.00732  -88.24758    178.473    154.665  222.62808  222.20614 1.2198e-01 2.0209e+01    101.678          1      80950    229.681    20.2230    20.2221    226.187   3372.875     2.3639     2.2393     4.9292     4.6020     0.0122     0.2039     2.3639         10  0.000e+00
      98.58     0.0559         10   4.982599      2.368     3.2977   29.00732  -88.24758    178.474    154.666  222.62653  222.20459 1.2164e-01 2.0209e+01    101.777          1      80951    229.651    20.2232    20.2221    226.153   3372.917     2.3639     2.2393     4.9292     4.6032     0.0110     0.2039     2.3639         10  0.000e+00
      98.58     0.0580         10   4.982726     -3.719     3.2977   29.00732  -88.24758    178.470    154.662  222.62543  222.20351 1.2198e-01 2.0209e+01    101.622          1      80952    229.549    20.2230    20.2228    226.057   3372.958     2.3639     2.2393     4.9292     4.6007     0.0122     0.2039     2.3639         10  0.000e+00
      98.58     0.0569         10   4.982830      2.537     3.2977   29.00732  -88.24758    178.470    154.664  222.62278  222.20083 1.2198e-01 2.0209e+01    101.727          1      80953    229.541    20.2235    20.2228    226.045   3373.000     2.3639     2.2393     4.9292     4.6020     0.0122     0.2039     2.3639         10  0.000e+00
      98.58     0.0569         10   4.982852      0.001     3.2977   29.00732  -88.24758    178.469    154.663  222.62250  222.20056 1.2233e-01 2.0209e+01    101.727          1      80954    229.528    20.2235    20.2230    226.032   3373.042     2.3639     2.2393     4.9292     4.6020     0.0134     0.2039     2.3639         10  0.000e+00
      98.58     0.0580         10   4.982815     -1.183     3.2977   29.00732  -88.24758    178.469    154.662  222.62376  222.20183 1.2198e-01 2.0209e+01    101.678          1      80955    229.520    20.2232    20.2229    226.026   3373.083     2.3639     2.2393     4.9292     4.6007     0.0122     0.2039     2.3639         10  0.000e+00
      98.58     0.0569         10   4.982763      1.184     3.3282   29.00732  -88.24758    178.472    154.662  222.62556  222.20364 1.2198e-01 2.0209e+01    101.727          1      80956    229.517    20.2228    20.2232    226.021   3373.125     2.3639     2.2393     4.9292     4.6020     0.0122     0.2051     2.3639         10  0.000e+00
      98.58     0.0569         10   4.982726      0.001     3.2977   29.00732  -88.24758    178.472    154.661  222.62601  222.20409 1.2198e-01 2.0209e+01    101.727          1      80957    229.539    20.2228    20.2236    226.043   3373.167     2.3639     2.2393     4.9292     4.6020     0.0122     0.2039     2.3639         10  0.000e+00
      98.58     0.0580         10   4.982748     -0.845     3.2977   29.00732  -88.24758    178.471    154.769  222.62520  222.20327 1.2198e-01 2.0209e+01    101.692          1      80958    229.541    20.2230    20.2237    226.046   3373.208     2.3639     2.2405     4.9292     4.6007     0.0122     0.2039     2.3639         10  0.000e+00
      98.58     0.0580         10   4.982792     -1.690     3.2977   29.00732  -88.24758    178.468    154.767  222.62410  222.20217 1.2198e-01 2.0209e+01    101.622          1      80959    229.526    20.2232    20.2240    226.034   3373.250     2.3639     2.2405     4.9292     4.6007     0.0122     0.2039     2.3639         10  0.000e+00
      98.58     0.0580         10   4.982837      2.537     3.2977   29.00732  -88.24758    178.352    154.769  222.62269  222.20074 1.2198e-01 2.0209e+01    101.727          1      80960    229.537    20.2235    20.2240    226.041   3373.292     2.3626     2.2405     4.9292     4.6007     0.0122     0.2039     2.3626         10  0.000e+00
      98.58     0.0580         10   4.982874     -1.183     3.2977   29.00732  -88.24758    178.351    154.768  222.62210  222.20016 1.2198e-01 2.0209e+01    101.678          1      80961    229.515    20.2236    20.2242    226.020   3373.333     2.3626     2.2405     4.9292     4.6007     0.0122     0.2039     2.3626         10  0.000e+00
