test/data/CTD/g01l06s02.ros
* Sea-Bird SBE 9 Data File:
* FileName = D:\CTD DATA\2013\PE13-01 DiMarco\G01L06S02.hex
* Software Version Seasave V 7.21g
* Temperature SN = 4515
* Conductivity SN = 3079
* Number of Bytes Per Scan = 40
* Number of Voltage Words = 5
* Number of Scans Averaged by the Deck Unit = 1
* NMEA Latitude = 28 29.99 N
* NMEA Longitude = 087 59.94 W
* NMEA UTC (Time) = Jul 07 2012  07:20:40
* NMEA baud rate = 4800
# nquan = 31
# nvalues = 588                                   
# units = specified
# name 0 = altM: Altimeter [m]
# name 1 = bat: Beam Attenuation, Chelsea/Seatech [1/m]
# name 2 = bpos: Bottle Position in Carousel
# name 3 = c0S/m: Conductivity [S/m]
# name 4 = dz/dtM: Descent Rate [m/s]
# name 5 = wetCDOM: Fluorescence, WET Labs CDOM [mg/m^3]
# name 6 = latitude: Latitude [deg]
# name 7 = longitude: Longitude [deg]
# name 8 = sbeox0Mm/Kg: Oxygen, SBE 43 [umol/kg]
# name 9 = sbeox1Mm/Kg: Oxygen, SBE 43, 2 [umol/kg]
# name 10 = oxsolMm/Kg: Oxygen Saturation, Garcia & Gordon [umol/kg]
# name 11 = oxsatMm/Kg: Oxygen Saturation, Weiss [umol/kg]
# name 12 = par: PAR/Irradiance, Biospherical/Licor
# name 13 = pla: Plume Anomaly
# name 14 = prDM: Pressure, Digiquartz [db]
# name 15 = pumps: Pump Status
# name 16 = scan: Scan Count
# name 17 = sva: Specific Volume Anomaly [10^-8 * m^3/kg]
# name 18 = t090C: Temperature [ITS-90, deg C]
# name 19 = t190C: Temperature, 2 [ITS-90, deg C]
# name 20 = tsa: Thermosteric Anomaly [10^-8 * m^3/kg]
# name 21 = timeS: Time, Elapsed [seconds]
# name 22 = v0: Voltage 0
# name 23 = v1: Voltage 1
# name 24 = v2: Voltage 2
# name 25 = v3: Voltage 3
# name 26 = v4: Voltage 4
# name 27 = v5: Voltage 5
# name 28 = sbeox0V: Oxygen raw, SBE 43 [V]
# name 29 = nbf: Bottles Fired
# name 30 = flag:  0.000e+00
# interval = seconds: 0.0416667
# start_time = Jul 07 2012 07:20:40 [NMEA time, header]
# bad_flag = -9.990e-29
*END*
[from data line 328]
      98.71     0.0379          7   3.485181      1.199    -1.8000   28.50078  -87.97960    149.584    126.858  298.72612  299.25359 1.1856e-01 6.1854e+00    756.103          1     210811     73.378     6.2533     6.2522     62.818   8783.750     1.5653     1.4860     4.9353     4.6239     0.0000     0.0000     1.5653          7  0.000e+00
      98.71     0.0379          7   3.485252      0.514    -1.8000   28.50078  -87.97960    149.584    126.699  298.72526  299.25278 1.1856e-01 6.1852e+00    756.125          1     210812     73.304     6.2531     6.2521     62.743   8783.792     1.5653     1.4847     4.9353     4.6239     0.0000     0.0000     1.5653          7  0.000e+00
      98.71     0.0379          7   3.485226     -0.513    -1.8000   28.50078  -87.97960    149.583    126.699  298.72349  299.25092 1.1856e-01 6.1857e+00    756.103          1     210813     73.370     6.2536     6.2522     62.809   8783.833     1.5653     1.4847     4.9353     4.6239     0.0000     0.0000     1.5653          7  0.000e+00
      98.71     0.0379          7   3.485213      0.000    -1.8000   28.50078  -87.97960    149.583    126.700  298.72380  299.25124 1.1856e-01 6.1857e+00    756.103          1     210814     73.381     6.2536     6.2518     62.820   8783.875     1.5653     1.4847     4.9353     4.6239     0.0000     0.0000     1.5653          7  0.000e+00
      98.71     0.0368          7   3.485233      0.001    -1.8000   28.50078  -87.97960    149.582    126.700  298.72268  299.25009 1.1856e-01 6.1859e+00    756.103          1     210815     73.377     6.2537     6.2518     62.816   8783.917     1.5653     1.4847     4.9353     4.6252     0.0000     0.0000     1.5653          7  0.000e+00
      98.71     0.0379          7   3.485291      1.199    -1.8000   28.50078  -87.97960    149.583    126.701  298.72130  299.24873 1.1856e-01 6.1859e+00    756.153          1     210816     73.332     6.2537     6.2518     62.770   8783.958     1.5653     1.4847     4.9353     4.6239     0.0000     0.0000     1.5653          7  0.000e+00
      98.71     0.0379          7   3.485284     -1.198    -1.8000   28.50078  -87.97960    149.581    126.700  298.72054  299.24794 1.1856e-01 6.1860e+00    756.104          1     210817     73.351     6.2539     6.2519     62.790   8784.000     1.5653     1.4847     4.9353     4.6239     0.0000     0.0000     1.5653          7  0.000e+00
      98.71     0.0368          7   3.485278      1.199    -1.8000   28.50078  -87.97960    149.583    126.701  298.72097  299.24838 1.1856e-01 6.1860e+00    756.153          1     210818     73.355     6.2539     6.2518     62.793   8784.042     1.5653     1.4847     4.9353     4.6252     0.0000     0.0000     1.5653          7  0.000e+00
      98.71     0.0368          7   3.485297     -0.685    -1.8000   28.50078  -87.97960    149.581    126.700  298.71959  299.24698 1.1856e-01 6.1862e+00    756.125          1     210819     73.354     6.2541     6.2519     62.792   8784.083     1.5653     1.4847     4.9353     4.6252     0.0000     0.0000     1.5653          7  0.000e+00
      98.71     0.0379          7   3.485284      2.055    -1.8000   28.50078  -87.97960    149.584    126.861  298.72087  299.24828 1.1856e-01 6.1860e+00    756.211          1     210820     73.353     6.2539     6.2519     62.790   8784.125     1.5653     1.4860     4.9353     4.6239     0.0000     0.0000     1.5653          7  0.000e+00
      98.71     0.0379          7   3.485258     -2.568    -1.8000   28.50078  -87.97960    149.582    126.860  298.72204  299.24947 1.1856e-01 6.1859e+00    756.104          1     210821     73.356     6.2537     6.2518     62.795   8784.167     1.5653     1.4860     4.9353     4.6239     0.0000     0.0000     1.5653          7  0.000e+00
      98.71     0.0379          7   3.485201      1.199    -1.8000   28.50078  -87.97960    149.586    126.860  298.72721  299.25474 1.1856e-01 6.1851e+00    756.154          1     210822     73.335     6.2529     6.2518     62.775   8784.208     1.5653     1.4860     4.9353     4.6239     0.0000     0.0000     1.5653          7  0.000e+00
      98.71     0.0379          7   3.485181      1.370    -1.8000   28.50078  -87.97960    149.588    126.701  298.72862  299.25616 1.1856e-01 6.1849e+00    756.211          1     210823     73.337     6.2527     6.2519     62.776   8784.250     1.5653     1.4847     4.9353     4.6239     0.0000     0.0000     1.5653          7  0.000e+00
      98.71     0.0379          7   3.485130     -1.370    -1.8000   28.50078  -87.97960    149.588    126.861  298.73135  299.25893 1.1856e-01 6.1846e+00    756.154          1     210824     73.348     6.2524     6.2516     62.788   8784.292     1.5653     1.4860     4.9353     4.6239     0.0000     0.0000     1.5653          7  0.000e+00
      98.71     0.0379          7   3.485136      0.514    -1.8000   28.50078  -87.97960    149.589    126.861  298.73251  299.26013 1.1856e-01 6.1843e+00    756.175          1     210825     73.319     6.2521     6.2516     62.759   8784.333     1.5653     1.4860     4.9353     4.6239     0.0000     0.0000     1.5653          7  0.000e+00
      98.71     0.0357          8   3.551962     -1.196    -1.8000   28.50080  -87.97872    136.874    115.913  293.48309  293.92233 1.1856e-01 6.9628e+00    654.843          1     217443     82.428     7.0245     7.0241     72.292   9060.083     1.5067     1.4310     4.9353     4.6264     0.0000     0.0000     1.5067          8  0.000e+00
      98.71     0.0347          8   3.551956      1.197    -1.8000   28.50080  -87.97872    137.042    115.915  293.48329  293.92253 1.1856e-01 6.9628e+00    654.892          1     217444     82.436     7.0245     7.0241     72.299   9060.125     1.5079     1.4310     4.9353     4.6276     0.0000     0.0000     1.5079          8  0.000e+00
      98.71     0.0347          8   3.551975     -2.564    -1.8000   28.50080  -87.97872    136.873    115.912  293.48210  293.92132 1.1856e-01 6.9629e+00    654.786          1     217445     82.427     7.0247     7.0243     72.292   9060.167     1.5067     1.4310     4.9353     4.6276     0.0000     0.0000     1.5067          8  0.000e+00
      98.73     0.0357          8   3.551949      1.368    -1.8000   28.50080  -87.97872    136.874    115.913  293.48340  293.92263 1.1856e-01 6.9628e+00    654.843          1     217446     82.439     7.0245     7.0243     72.303   9060.208     1.5067     1.4310     4.9365     4.6264     0.0000     0.0000     1.5067          8  0.000e+00
      98.71     0.0347          8   3.551923      2.393    -1.8000   28.50080  -87.97872    136.877    116.069  293.48494  293.92419 1.1856e-01 6.9626e+00    654.942          1     217447     82.448     7.0243     7.0241     72.311   9060.250     1.5067     1.4322     4.9353     4.6276     0.0000     0.0000     1.5067          8  0.000e+00
      98.71     0.0347          8   3.551930     -3.589    -1.8000   28.50080  -87.97872    136.874    115.913  293.48464  293.92389 1.1856e-01 6.9626e+00    654.793          1     217448     82.436     7.0243     7.0240     72.300   9060.292     1.5067     1.4310     4.9353     4.6276     0.0000     0.0000     1.5067          8  0.000e+00
      98.71     0.0357          8   3.551975      2.393    -1.8000   28.50080  -87.97872    136.876    115.915  293.48429  293.92357 1.1856e-01 6.9625e+00    654.892          1     217449     82.392     7.0242     7.0240     72.254   9060.333     1.5067     1.4310     4.9353     4.6264     0.0000     0.0000     1.5067          8  0.000e+00
      98.71     0.0357          8   3.551988     -1.196    -1.8000   28.50080  -87.97872    136.874    115.914  293.48331  293.92258 1.1856e-01 6.9626e+00    654.843          1     217450     82.391     7.0243     7.0241     72.254   9060.375     1.5067     1.4310     4.9353     4.6264     0.0000     0.0000     1.5067          8  0.000e+00
      98.73     0.0357          8   3.551969      1.197    -1.8000   28.50080  -87.97872    136.875    116.069  293.48319  293.92244 1.1856e-01 6.9627e+00    654.892          1     217451     82.421     7.0245     7.0240     72.284   9060.417     1.5067     1.4322     4.9365     4.6264     0.0000     0.0000     1.5067          8  0.000e+00
      98.73     0.0357          8   3.551956     -1.196    -1.8000   28.50080  -87.97872    136.874    115.914  293.48324  293.92248 1.1856e-01 6.9628e+00    654.843          1     217452     82.434     7.0245     7.0238     72.297   9060.458     1.5067     1.4310     4.9365     4.6264     0.0000     0.0000     1.5067          8  0.000e+00
      98.71     0.0357          8   3.551962      1.197    -1.8000   28.50080  -87.97872    136.875    116.069  293.48397  293.92323 1.1856e-01 6.9626e+00    654.892          1     217453     82.414     7.0243     7.0238     72.277   9060.500     1.5067     1.4322     4.9353     4.6264     0.0000     0.0000     1.5067          8  0.000e+00
      98.71     0.0357          8   3.551982      0.000    -1.8000   28.50080  -87.97872    136.875    116.070  293.48268  293.92192 1.1856e-01 6.9628e+00    654.893          1     217454     82.415     7.0245     7.0236     72.278   9060.542     1.5067     1.4322     4.9353     4.6264     0.0000     0.0000     1.5067          8  0.000e+00
      98.71     0.0357          8   3.551962     -1.196    -1.8000   28.50080  -87.97872    136.707    115.915  293.48309  293.92233 1.1856e-01 6.9628e+00    654.843          1     217455     82.428     7.0245     7.0238     72.292   9060.583     1.5055     1.4310     4.9353     4.6264     0.0000     0.0000     1.5055          8  0.000e+00
      98.71     0.0368          8   3.551962      1.197    -1.8000   28.50080  -87.97872    136.708    116.070  293.48314  293.92238 1.1856e-01 6.9628e+00    654.893          1     217456     82.431     7.0245     7.0235     72.294   9060.625     1.5055     1.4322     4.9353     4.6252     0.0000     0.0000     1.5055          8  0.000e+00
      98.71     0.0357          8   3.551982      0.000    -1.8000   28.50080  -87.97872    136.708    115.915  293.48351  293.92278 1.1856e-01 6.9626e+00    654.893          1     217457     82.399     7.0243     7.0237     72.261   9060.667     1.5055     1.4310     4.9353     4.6264     0.0000     0.0000     1.5055          8  0.000e+00
      98.71     0.0357          8   3.551962      0.000    -1.8000   28.50080  -87.97872    136.876    115.916  293.48460  293.92388 1.1856e-01 6.9625e+00    654.893          1     217458     82.402     7.0242     7.0235     72.265   9060.708     1.5067     1.4310     4.9353     4.6264     0.0000     0.0000     1.5067          8  0.000e+00
      98.73     0.0347          8   3.551962      0.000    -1.8000   28.50080  -87.97872    136.875    115.916  293.48397  293.92323 1.1856e-01 6.9626e+00    654.893          1     217459     82.414     7.0243     7.0235     72.277   9060.750     1.5067     1.4310     4.9365     4.6276     0.0000     0.0000     1.5067          8  0.000e+00
      98.73     0.0347          8   3.551910     -1.196    -1.8000   28.50080  -87.97872    136.875    115.915  293.48577  293.92504 1.1856e-01 6.9625e+00    654.843          1     217460     82.441     7.0242     7.0235     72.306   9060.792     1.5067     1.4310     4.9365     4.6276     0.0000     0.0000     1.5067          8  0.000e+00
      98.73     0.0357          8   3.551949      2.564    -1.8000   28.50080  -87.97872    136.877    115.917  293.48579  293.92510 1.1856e-01 6.9623e+00    654.950          1     217461     82.399     7.0240     7.0236     72.261   9060.833     1.5067     1.4310     4.9365     4.6264     0.0000     0.0000     1.5067          8  0.000e+00
      98.71     0.0357          8   3.551910     -1.367    -1.8000   28.50080  -87.97872    136.878    115.916  293.48874  293.92809 1.1856e-01 6.9618e+00    654.893          1     217462     82.387     7.0236     7.0236     72.250   9060.875     1.5067     1.4310     4.9353     4.6264     0.0000     0.0000     1.5067          8  0.000e+00
      98.73     0.0357          8   3.551891      0.000    -1.8000   28.50080  -87.97872    136.878    115.915  293.48878  293.92812 1.1856e-01 6.9619e+00    654.893          1     217463     82.410     7.0236     7.0238     72.274   9060.917     1.5067     1.4310     4.9365     4.6264     0.0000     0.0000     1.5067          8  0.000e+00
      98.71     0.0357          8   3.551871      1.197    -1.8000   28.50080  -87.97872    136.879    115.917  293.48971  293.92905 1.1856e-01 6.9618e+00    654.943          1     217464     82.421     7.0236     7.0236     72.284   9060.958     1.5067     1.4310     4.9353     4.6264     0.0000     0.0000     1.5067          8  0.000e+00
      98.73     0.0357          8   3.551832      0.171    -1.8000   28.50080  -87.97872    136.880    115.917  293.49146  293.93082 1.1856e-01 6.9616e+00    654.950          1     217465     82.436     7.0234     7.0237     72.300   9061.000     1.5067     1.4310     4.9365     4.6264     0.0000     0.0000     1.5067          8  0.000e+00
      98.73     0.0357          8   3.551858     -1.367    -1.8000   28.50080  -87.97872    136.879    115.916  293.49079  293.93016 1.1856e-01 6.9616e+00    654.893          1     217466     82.412     7.0234     7.0236     72.276   9061.042     1.5067     1.4310     4.9365     4.6264     0.0000     0.0000     1.5067          8  0.000e+00
      98.71     0.0357          8   3.551832      1.368    -1.8000   28.50080  -87.97872    136.880    116.071  293.49146  293.93082 1.1856e-01 6.9616e+00    654.950          1     217467     82.436     7.0234     7.0236     72.300   9061.083     1.5067     1.4322     4.9353     4.6264     0.0000     0.0000     1.5067          8  0.000e+00
      98.73     0.0357          8   3.551845     -1.367    -1.8000   28.50080  -87.97872    136.879    115.916  293.49110  293.93046 1.1856e-01 6.9616e+00    654.893          1     217468     82.423     7.0234     7.0237     72.287   9061.125     1.5067     1.4310     4.9365     4.6264     0.0000     0.0000     1.5067          8  0.000e+00
      98.71     0.0357          8   3.551839      1.367    -1.8000   28.50080  -87.97872    136.880    116.071  293.49069  293.93003 1.1856e-01 6.9618e+00    654.950          1     217469     82.443     7.0235     7.0235     72.307   9061.167     1.5067     1.4322     4.9353     4.6264     0.0000     0.0000     1.5067          8  0.000e+00
      98.71     0.0357          8   3.551878     -0.170    -1.8000   28.50080  -87.97872    136.879    116.071  293.48955  293.92890 1.1856e-01 6.9618e+00    654.943          1     217470     82.415     7.0236     7.0236     72.279   9061.208     1.5067     1.4322     4.9353     4.6264     0.0000     0.0000     1.5067          8  0.000e+00
      98.73     0.0357          8   3.551871      0.171    -1.8000   28.50080  -87.97872    136.879    115.916  293.48971  293.92906 1.1856e-01 6.9618e+00    654.950          1     217471     82.421     7.0236     7.0238     72.284   9061.250     1.5067     1.4310     4.9365     4.6264     0.0000     0.0000     1.5067          8  0.000e+00
      98.73     0.0357          8   3.551858     -0.171    -1.8000   28.50080  -87.97872    136.879    115.916  293.49001  293.92935 1.1856e-01 6.9618e+00    654.943          1     217472     82.431     7.0236     7.0238     72.295   9061.292     1.5067     1.4310     4.9365     4.6264     0.0000     0.0000     1.5067          8  0.000e+00
      98.71     0.0357          8   3.551878      1.368    -1.8000   28.50080  -87.97872    136.881    115.918  293.49044  293.92981 1.1856e-01 6.9616e+00    655.000          1     217473     82.402     7.0234     7.0235     72.264   9061.333     1.5067     1.4310     4.9353     4.6264     0.0000     0.0000     1.5067          8  0.000e+00
