test/data/CTD/g01l05s03.ros
* Sea-Bird SBE 9 Data File:
* FileName = D:\CTD DATA\2013\PE13-01 DiMarco\G01L05S03.hex
* Software Version Seasave V 7.21g
* Temperature SN = 4515
* Conductivity SN = 3079
* Number of Bytes Per Scan = 40
* Number of Voltage Words = 5
* Number of Scans Averaged by the Deck Unit = 1
* NMEA Latitude = 28 30.00 N
* NMEA Longitude = 088 14.96 W
* NMEA UTC (Time) = Jul 07 2012  03:13:58
* NMEA baud rate = 4800
# nquan = 31
# nvalues = 588                                   
# units = specified
# name 0 = altM: Altimeter [m]
# name 1 = bat: Beam Attenuation, Chelsea/Seatech [1/m]
# name 2 = bpos: Bottle Position in Carousel
# name 3 = c0S/m: Conductivity [S/m]
# name 4 = dz/dtM: Descent Rate [m/s]
# name 5 = wetCDOM: Fluorescence, WET Labs CDOM [mg/m^3]
# name 6 = latitude: Latitude [deg]
# name 7 = longitude: Longitude [deg]
# name 8 = sbeox0Mm/Kg: Oxygen, SBE 43 [umol/kg]
# name 9 = sbeox1Mm/Kg: Oxygen, SBE 43, 2 [umol/kg]
# name 10 = oxsolMm/Kg: Oxygen Saturation, Garcia & Gordon [umol/kg]
# name 11 = oxsatMm/Kg: Oxygen Saturation, Weiss [umol/kg]
# name 12 = par: PAR/Irradiance, Biospherical/Licor
# name 13 = pla: Plume Anomaly
# name 14 = prDM: Pressure, Digiquartz [db]
# name 15 = pumps: Pump Status
# name 16 = scan: Scan Count
# name 17 = sva: Specific Volume Anomaly [10^-8 * m^3/kg]
# name 18 = t090C: Temperature [ITS-90, deg C]
# name 19 = t190C: Temperature, 2 [ITS-90, deg C]
# name 20 = tsa: Thermosteric Anomaly [10^-8 * m^3/kg]
# name 21 = timeS: Time, Elapsed [seconds]
# name 22 = v0: Voltage 0
# name 23 = v1: Voltage 1
# name 24 = v2: Voltage 2
# name 25 = v3: Voltage 3
# name 26 = v4: Voltage 4
# name 27 = v5: Voltage 5
# name 28 = sbeox0V: Oxygen raw, SBE 43 [V]
# name 29 = nbf: Bottles Fired
# name 30 = flag:  0.000e+00
# interval = seconds: 0.0416667
# start_time = Jul 07 2012 03:13:58 [NMEA time, header]
# bad_flag = -9.990e-29
*END*
[from data line 422]
      98.71     0.0410          9   3.893723      1.191    -1.8000   28.51826  -88.23946    124.841    105.964  271.53003  271.64450 1.1856e-01 1.0398e+01    403.029          1     211304    107.354    10.4445    10.4520     98.524   8804.292     1.5287     1.4530     4.9353     4.6203     0.0000     0.0000     1.5287          9  0.000e+00
      98.71     0.0400          9   3.893783     -1.190    -1.8000   28.51826  -88.23946    124.988    105.963  271.52812  271.64258 1.1856e-01 1.0399e+01    402.979          1     211305    107.322    10.4447    10.4522     98.492   8804.333     1.5299     1.4530     4.9353     4.6215     0.0000     0.0000     1.5299          9  0.000e+00
      98.71     0.0410          9   3.893804      0.681    -1.8000   28.51826  -88.23946    124.839    106.102  271.52706  271.64150 1.1856e-01 1.0399e+01    403.007          1     211306    107.324    10.4449    10.4519     98.494   8804.375     1.5287     1.4542     4.9353     4.6203     0.0000     0.0000     1.5287          9  0.000e+00
      98.71     0.0410          9   3.893777      0.511    -1.8000   28.51826  -88.23946    124.840    105.965  271.52760  271.64205 1.1856e-01 1.0399e+01    403.029          1     211307    107.345    10.4449    10.4517     98.514   8804.417     1.5287     1.4530     4.9353     4.6203     0.0000     0.0000     1.5287          9  0.000e+00
      98.71     0.0400          9   3.893770      0.000    -1.8000   28.51826  -88.23946    124.840    105.964  271.52825  271.64270 1.1856e-01 1.0399e+01    403.029          1     211308    107.338    10.4448    10.4515     98.508   8804.458     1.5287     1.4530     4.9353     4.6215     0.0000     0.0000     1.5287          9  0.000e+00
      98.71     0.0400          9   3.893871      0.000    -1.8000   28.51826  -88.23946    124.988    105.963  271.52644  271.64092 1.1856e-01 1.0399e+01    403.029          1     211309    107.260    10.4447    10.4520     98.429   8804.500     1.5299     1.4530     4.9353     4.6215     0.0000     0.0000     1.5299          9  0.000e+00
      98.71     0.0410          9   3.893931      0.000    -1.8000   28.51826  -88.23946    124.837    105.965  271.52199  271.63639 1.1856e-01 1.0399e+01    403.029          1     211310    107.288    10.4455    10.4515     98.457   8804.542     1.5287     1.4530     4.9353     4.6203     0.0000     0.0000     1.5287          9  0.000e+00
      98.71     0.0400          9   3.893965      0.681    -1.8000   28.51826  -88.23946    124.986    106.104  271.52067  271.63506 1.1856e-01 1.0400e+01    403.057          1     211311    107.281    10.4457    10.4515     98.448   8804.583     1.5299     1.4542     4.9353     4.6215     0.0000     0.0000     1.5299          9  0.000e+00
      98.71     0.0400          9   3.893925     -0.680    -1.8000   28.51826  -88.23946    124.836    105.967  271.51955  271.63388 1.1856e-01 1.0400e+01    403.029          1     211312    107.352    10.4462    10.4509     98.520   8804.625     1.5287     1.4530     4.9353     4.6215     0.0000     0.0000     1.5287          9  0.000e+00
      98.71     0.0410          9   3.893958      1.361    -1.8000   28.51826  -88.23946    124.985    105.969  271.51808  271.63239 1.1856e-01 1.0400e+01    403.086          1     211313    107.349    10.4464    10.4504     98.516   8804.667     1.5299     1.4530     4.9353     4.6203     0.0000     0.0000     1.5299          9  0.000e+00
      98.71     0.0400          9   3.893925     -1.360    -1.8000   28.51826  -88.23946    124.985    105.969  271.51886  271.63318 1.1856e-01 1.0400e+01    403.029          1     211314    107.367    10.4464    10.4502     98.535   8804.708     1.5299     1.4530     4.9353     4.6215     0.0000     0.0000     1.5299          9  0.000e+00
      98.71     0.0400          9   3.893985      1.871    -1.8000   28.51826  -88.23946    124.836    105.972  271.51722  271.63154 1.1856e-01 1.0400e+01    403.107          1     211315    107.338    10.4465    10.4496     98.504   8804.750     1.5287     1.4530     4.9353     4.6215     0.0000     0.0000     1.5287          9  0.000e+00
      98.71     0.0410          9   3.894140     -0.510    -1.8000   28.51826  -88.23946    124.981    105.973  271.50953  271.62375 1.1856e-01 1.0401e+01    403.086          1     211316    107.327    10.4477    10.4491     98.492   8804.792     1.5299     1.4530     4.9353     4.6203     0.0000     0.0000     1.5299          9  0.000e+00
      98.71     0.0410          9   3.894288     -1.360    -1.8000   28.51826  -88.23946    124.975    105.973  271.49937  271.61343 1.1856e-01 1.0403e+01    403.029          1     211317    107.377    10.4495    10.4487     98.542   8804.833     1.5299     1.4530     4.9353     4.6203     0.0000     0.0000     1.5299          9  0.000e+00
      98.71     0.0410          9   3.894295      1.361    -1.8000   28.51826  -88.23946    124.829    105.973  271.50186  271.61599 1.1856e-01 1.0403e+01    403.086          1     211318    107.316    10.4489    10.4487     98.481   8804.875     1.5287     1.4530     4.9353     4.6203     0.0000     0.0000     1.5287          9  0.000e+00
      98.71     0.0410          9   3.894288      0.511    -1.8000   28.51826  -88.23946    124.829    105.971  271.50270  271.61684 1.1856e-01 1.0402e+01    403.107          1     211319    107.307    10.4487    10.4494     98.471   8804.917     1.5287     1.4530     4.9353     4.6203     0.0000     0.0000     1.5287          9  0.000e+00
      98.71     0.0400          9   3.894308     -0.510    -1.8000   28.51826  -88.23946    124.976    105.969  271.49850  271.61256 1.1856e-01 1.0403e+01    403.086          1     211320    107.376    10.4497    10.4503     98.541   8804.958     1.5299     1.4530     4.9353     4.6215     0.0000     0.0000     1.5299          9  0.000e+00
      98.71     0.0410          9   3.894295      0.000    -1.8000   28.51826  -88.23946    124.827    105.969  271.49808  271.61211 1.1856e-01 1.0404e+01    403.086          1     211321    107.402    10.4498    10.4504     98.566   8805.000     1.5287     1.4530     4.9353     4.6203     0.0000     0.0000     1.5287          9  0.000e+00
      98.71     0.0410          9   3.894234      1.191    -1.8000   28.51826  -88.23946    124.830    105.972  271.50326  271.61738 1.1856e-01 1.0403e+01    403.135          1     211322    107.360    10.4488    10.4496     98.524   8805.042     1.5287     1.4530     4.9353     4.6203     0.0000     0.0000     1.5287          9  0.000e+00
      98.63     0.0410         10   4.523888     -3.727    -1.8000   28.51904  -88.23894    145.695    125.163  241.21803  240.96984 1.1856e-01 1.5954e+01    203.425          1     220271    147.293    15.9826    15.9849    141.093   9177.917     1.8877     1.7924     4.9316     4.6203     0.0000     0.0000     1.8877         10  0.000e+00
      98.63     0.0410         10   4.523874      3.728    -1.8000   28.51904  -88.23894    145.698    125.046  241.21898  240.97080 1.1856e-01 1.5954e+01    203.580          1     220272    147.293    15.9824    15.9849    141.089   9177.958     1.8877     1.7912     4.9316     4.6203     0.0000     0.0000     1.8877         10  0.000e+00
      98.63     0.0421         10   4.523860     -2.372    -1.8000   28.51904  -88.23894    145.697    125.044  241.21900  240.97082 1.1856e-01 1.5954e+01    203.481          1     220273    147.300    15.9825    15.9849    141.099   9178.000     1.8877     1.7912     4.9316     4.6190     0.0000     0.0000     1.8877         10  0.000e+00
      98.63     0.0410         10   4.523838      1.186    -1.8000   28.51904  -88.23894    145.698    125.044  241.22036  240.97220 1.1856e-01 1.5954e+01    203.531          1     220274    147.289    15.9821    15.9851    141.086   9178.042     1.8877     1.7912     4.9316     4.6203     0.0000     0.0000     1.8877         10  0.000e+00
      98.63     0.0410         10   4.523831      0.339    -1.8000   28.51904  -88.23894    145.699    125.045  241.22124  240.97310 1.1856e-01 1.5953e+01    203.545          1     220275    147.273    15.9819    15.9847    141.070   9178.083     1.8877     1.7912     4.9316     4.6203     0.0000     0.0000     1.8877         10  0.000e+00
      98.63     0.0421         10   4.523831      0.847    -1.8000   28.51904  -88.23894    145.699    125.045  241.22050  240.97234 1.1856e-01 1.5953e+01    203.580          1     220276    147.296    15.9821    15.9849    141.092   9178.125     1.8877     1.7912     4.9316     4.6190     0.0000     0.0000     1.8877         10  0.000e+00
      98.63     0.0410         10   4.523831     -2.372    -1.8000   28.51904  -88.23894    145.569    125.044  241.22006  240.97189 1.1856e-01 1.5954e+01    203.481          1     220277    147.301    15.9823    15.9847    141.100   9178.167     1.8864     1.7912     4.9316     4.6203     0.0000     0.0000     1.8864         10  0.000e+00
      98.63     0.0410         10   4.523917      2.372    -1.8000   28.51904  -88.23894    145.569    125.046  241.21720  240.96901 1.1856e-01 1.5954e+01    203.580          1     220278    147.298    15.9828    15.9847    141.093   9178.208     1.8864     1.7912     4.9316     4.6203     0.0000     0.0000     1.8864         10  0.000e+00
      98.63     0.0410         10   4.523910     -2.372    -1.8000   28.51904  -88.23894    145.566    125.045  241.21660  240.96840 1.1856e-01 1.5954e+01    203.481          1     220279    147.314    15.9830    15.9845    141.113   9178.250     1.8864     1.7912     4.9316     4.6203     0.0000     0.0000     1.8864         10  0.000e+00
      98.63     0.0410         10   4.523881      1.186    -1.8000   28.51904  -88.23894    145.696    125.045  241.21719  240.96898 1.1856e-01 1.5954e+01    203.531          1     220280    147.332    15.9830    15.9845    141.130   9178.292     1.8877     1.7912     4.9316     4.6203     0.0000     0.0000     1.8877         10  0.000e+00
      98.63     0.0421         10   4.523838      0.339    -1.8000   28.51904  -88.23894    145.569    125.046  241.21936  240.97118 1.1856e-01 1.5954e+01    203.545          1     220281    147.318    15.9825    15.9845    141.115   9178.333     1.8864     1.7912     4.9316     4.6190     0.0000     0.0000     1.8864         10  0.000e+00
      98.63     0.0421         10   4.523831      0.847    -1.8000   28.51904  -88.23894    145.699    125.047  241.22012  240.97195 1.1856e-01 1.5954e+01    203.580          1     220282    147.307    15.9823    15.9843    141.103   9178.375     1.8877     1.7912     4.9316     4.6190     0.0000     0.0000     1.8877         10  0.000e+00
      98.63     0.0421         10   4.523831     -1.186    -1.8000   28.51904  -88.23894    145.699    125.046  241.22161  240.97348 1.1856e-01 1.5953e+01    203.531          1     220283    147.261    15.9818    15.9843    141.058   9178.417     1.8877     1.7912     4.9316     4.6190     0.0000     0.0000     1.8877         10  0.000e+00
      98.63     0.0421         10   4.523824      0.000    -1.8000   28.51904  -88.23894    145.700    125.046  241.22337  240.97526 1.1856e-01 1.5953e+01    203.531          1     220284    147.219    15.9813    15.9842    141.016   9178.458     1.8877     1.7912     4.9316     4.6190     0.0000     0.0000     1.8877         10  0.000e+00
      98.63     0.0410         10   4.523803      0.000    -1.8000   28.51904  -88.23894    145.701    125.046  241.22382  240.97571 1.1856e-01 1.5953e+01    203.531          1     220285    147.229    15.9812    15.9842    141.027   9178.500     1.8877     1.7912     4.9316     4.6203     0.0000     0.0000     1.8877         10  0.000e+00
      98.63     0.0410         10   4.523760      0.000    -1.8000   28.51904  -88.23894    145.701    125.046  241.22483  240.97673 1.1856e-01 1.5952e+01    203.531          1     220286    147.247    15.9811    15.9843    141.044   9178.542     1.8877     1.7912     4.9316     4.6203     0.0000     0.0000     1.8877         10  0.000e+00
      98.63     0.0410         10   4.523753      0.339    -1.8000   28.51904  -88.23894    145.701    125.046  241.22393  240.97581 1.1856e-01 1.5953e+01    203.545          1     220287    147.281    15.9814    15.9842    141.078   9178.583     1.8877     1.7912     4.9316     4.6203     0.0000     0.0000     1.8877         10  0.000e+00
      98.63     0.0410         10   4.523753     -0.339    -1.8000   28.51904  -88.23894    145.700    125.165  241.22379  240.97567 1.1856e-01 1.5953e+01    203.531          1     220288    147.284    15.9815    15.9843    141.081   9178.625     1.8877     1.7924     4.9316     4.6203     0.0000     0.0000     1.8877         10  0.000e+00
      98.63     0.0400         10   4.523774      0.000    -1.8000   28.51904  -88.23894    145.700    125.046  241.22309  240.97497 1.1856e-01 1.5953e+01    203.531          1     220289    147.280    15.9816    15.9843    141.078   9178.667     1.8877     1.7912     4.9316     4.6215     0.0000     0.0000     1.8877         10  0.000e+00
      98.63     0.0410         10   4.523760      0.000    -1.8000   28.51904  -88.23894    145.572    125.046  241.22432  240.97621 1.1856e-01 1.5953e+01    203.531          1     220290    147.261    15.9813    15.9842    141.059   9178.708     1.8864     1.7912     4.9316     4.6203     0.0000     0.0000     1.8864         10  0.000e+00
      98.63     0.0400         10   4.523753      0.000    -1.8000   28.51904  -88.23894    145.700    125.046  241.22379  240.97567 1.1856e-01 1.5953e+01    203.531          1     220291    147.284    15.9815    15.9842    141.081   9178.750     1.8877     1.7912     4.9316     4.6215     0.0000     0.0000     1.8877         10  0.000e+00
      98.63     0.0400         10   4.523753      0.339    -1.8000   28.51904  -88.23892    145.701    125.047  241.22457  240.97646 1.1856e-01 1.5953e+01    203.545          1     220292    147.263    15.9812    15.9842    141.060   9178.792     1.8877     1.7912     4.9316     4.6215     0.0000     0.0000     1.8877         10  0.000e+00
      98.63     0.0410         10   4.523753     -0.339    -1.8000   28.51904  -88.23892    145.700    125.046  241.22379  240.97567 1.1856e-01 1.5953e+01    203.531          1     220293    147.284    15.9815    15.9842    141.081   9178.833     1.8877     1.7912     4.9316     4.6203     0.0000     0.0000     1.8877         10  0.000e+00
      98.63     0.0410         10   4.523753      0.000    -1.8000   28.51904  -88.23892    145.700    124.927  241.22341  240.97528 1.1856e-01 1.5953e+01    203.531          1     220294    147.294    15.9816    15.9840    141.092   9178.875     1.8877     1.7900     4.9316     4.6203     0.0000     0.0000     1.8877         10  0.000e+00
      98.63     0.0400         10   4.523774      0.000    -1.8000   28.51904  -88.23892    145.700    124.928  241.22348  240.97535 1.1856e-01 1.5953e+01    203.531          1     220295    147.270    15.9815    15.9836    141.067   9178.917     1.8877     1.7900     4.9316     4.6215     0.0000     0.0000     1.8877         10  0.000e+00
      98.66     0.0400         10   4.523696      0.000    -1.8000   28.51904  -88.23892    145.701    125.048  241.22528  240.97716 1.1856e-01 1.5953e+01    203.531          1     220296    147.303    15.9813    15.9835    141.101   9178.958     1.8877     1.7912     4.9328     4.6215     0.0000     0.0000     1.8877         10  0.000e+00
