test/data/CTD/g01l04s05.ros
* Sea-Bird SBE 9 Data File:
* FileName = D:\CTD DATA\2013\PE13-01 DiMarco\G01L04S05.hex
* Software Version Seasave V 7.21g
* Temperature SN = 4515
* Conductivity SN = 3079
* Number of Bytes Per Scan = 40
* Number of Voltage Words = 5
* Number of Scans Averaged by the Deck Unit = 1
* NMEA Latitude = 28 00.01 N
* NMEA Longitude = 088 29.93 W
* NMEA UTC (Time) = Jul 09 2012  05:55:22
* NMEA baud rate = 4800
# nquan = 31
# nvalues = 588                                   
# units = specified
# name 0 = altM: Altimeter [m]
# name 1 = bat: Beam Attenuation, Chelsea/Seatech [1/m]
# name 2 = bpos: Bottle Position in Carousel
# name 3 = c0S/m: Conductivity [S/m]
# name 4 = dz/dtM: Descent Rate [m/s]
# name 5 = wetCDOM: Fluorescence, WET Labs CDOM [mg/m^3]
# name 6 = latitude: Latitude [deg]
# name 7 = longitude: Longitude [deg]
# name 8 = sbeox0Mm/Kg: Oxygen, SBE 43 [umol/kg]
# name 9 = sbeox1Mm/Kg: Oxygen, SBE 43, 2 [umol/kg]
# name 10 = oxsolMm/Kg: Oxygen Saturation, Garcia & Gordon [umol/kg]
# name 11 = oxsatMm/Kg: Oxygen Saturation, Weiss [umol/kg]
# name 12 = par: PAR/Irradiance, Biospherical/Licor
# name 13 = pla: Plume Anomaly
# name 14 = prDM: Pressure, Digiquartz [db]
# name 15 = pumps: Pump Status
# name 16 = scan: Scan Count
# name 17 = sva: Specific Volume Anomaly [10^-8 * m^3/kg]
# name 18 = t090C: Temperature [ITS-90, deg C]
# name 19 = t190C: Temperature, 2 [ITS-90, deg C]
# name 20 = tsa: Thermosteric Anomaly [10^-8 * m^3/kg]
# name 21 = timeS: Time, Elapsed [seconds]
# name 22 = v0: Voltage 0
# name 23 = v1: Voltage 1
# name 24 = v2: Voltage 2
# name 25 = v3: Voltage 3
# name 26 = v4: Voltage 4
# name 27 = v5: Voltage 5
# name 28 = sbeox0V: Oxygen raw, SBE 43 [V]
# name 29 = nbf: Bottles Fired
# name 30 = flag:  0.000e+00
# interval = seconds: 0.0416667
# start_time = Jul 09 2012 05:55:22 [NMEA time, header]
# bad_flag = -9.990e-29
*END*
[from data line 234]
      98.66     0.0368          5   3.357784      1.382    -1.8000   28.03032  -88.50460    201.221    170.501  310.52227  311.26333 1.1856e-01 4.4870e+00   1210.112          1     137670     52.764     4.5856     4.5850     39.997   5736.208     1.7949     1.6947     4.9328     4.6252     0.0000     0.0000     1.7949          5  0.000e+00
      98.66     0.0368          5   3.357790     -0.690    -1.8000   28.03032  -88.50460    201.220    170.501  310.52159  311.26263 1.1856e-01 4.4871e+00   1210.084          1     137671     52.766     4.5857     4.5847     39.999   5736.250     1.7949     1.6947     4.9328     4.6252     0.0000     0.0000     1.7949          5  0.000e+00
      98.66     0.0357          5   3.357797      1.901    -1.8000   28.03032  -88.50460    201.223    170.502  310.52270  311.26379 1.1856e-01 4.4868e+00   1210.163          1     137672     52.743     4.5855     4.5850     39.975   5736.292     1.7949     1.6947     4.9328     4.6264     0.0000     0.0000     1.7949          5  0.000e+00
      98.66     0.0357          5   3.357784     -1.208    -1.8000   28.03032  -88.50460    201.411    170.501  310.52179  311.26284 1.1856e-01 4.4871e+00   1210.112          1     137673     52.773     4.5857     4.5848     40.005   5736.333     1.7961     1.6947     4.9328     4.6264     0.0000     0.0000     1.7961          5  0.000e+00
      98.66     0.0357          5   3.357816      0.001    -1.8000   28.03032  -88.50460    201.221    170.500  310.52260  311.26372 1.1856e-01 4.4867e+00   1210.113          1     137674     52.716     4.5854     4.5850     39.948   5736.375     1.7949     1.6947     4.9328     4.6264     0.0000     0.0000     1.7949          5  0.000e+00
      98.66     0.0368          5   3.357803      0.001    -1.8000   28.03032  -88.50460    201.221    170.500  310.52175  311.26282 1.1856e-01 4.4870e+00   1210.113          1     137675     52.748     4.5856     4.5851     39.980   5736.417     1.7949     1.6947     4.9328     4.6252     0.0000     0.0000     1.7949          5  0.000e+00
      98.66     0.0357          5   3.357803      0.519    -1.8000   28.03032  -88.50460    201.413    170.501  310.52297  311.26408 1.1856e-01 4.4867e+00   1210.134          1     137676     52.728     4.5854     4.5849     39.960   5736.458     1.7961     1.6947     4.9328     4.6264     0.0000     0.0000     1.7961          5  0.000e+00
      98.66     0.0357          5   3.357797      0.691    -1.8000   28.03032  -88.50460    201.413    170.501  310.52198  311.26305 1.1856e-01 4.4870e+00   1210.163          1     137677     52.756     4.5856     4.5850     39.988   5736.500     1.7961     1.6947     4.9328     4.6264     0.0000     0.0000     1.7961          5  0.000e+00
      98.66     0.0357          5   3.357841      0.001    -1.8000   28.03032  -88.50460    201.222    170.502  310.52102  311.26211 1.1856e-01 4.4869e+00   1210.163          1     137678     52.714     4.5856     4.5850     39.944   5736.542     1.7949     1.6947     4.9328     4.6264     0.0000     0.0000     1.7949          5  0.000e+00
      98.66     0.0368          5   3.357822     -1.208    -1.8000   28.03032  -88.50460    201.221    170.501  310.52148  311.26256 1.1856e-01 4.4869e+00   1210.113          1     137679     52.728     4.5856     4.5848     39.959   5736.583     1.7949     1.6947     4.9328     4.6252     0.0000     0.0000     1.7949          5  0.000e+00
      98.66     0.0347          5   3.357822      1.900    -1.8000   28.03032  -88.50460    201.222    170.503  310.52061  311.26166 1.1856e-01 4.4871e+00   1210.192          1     137680     52.749     4.5858     4.5849     39.979   5736.625     1.7949     1.6947     4.9328     4.6276     0.0000     0.0000     1.7949          5  0.000e+00
      98.68     0.0368          6   3.397869     -4.128    -1.8000   28.03244  -88.50490    179.924    152.728  306.47487  307.14043 1.1856e-01 5.0618e+00   1009.383          1     148663     59.633     5.1466     5.1462     47.794   6194.250     1.7057     1.6154     4.9341     4.6252     0.0000     0.0000     1.7057          6  0.000e+00
      98.68     0.0379          6   3.397863      2.926    -1.8000   28.03244  -88.50490    179.928    152.562  306.47679  307.14240 1.1856e-01 5.0615e+00   1009.505          1     148664     59.614     5.1463     5.1458     47.774   6194.292     1.7057     1.6142     4.9341     4.6239     0.0000     0.0000     1.7057          6  0.000e+00
      98.68     0.0379          6   3.397843     -1.376    -1.8000   28.03244  -88.50490    179.927    152.729  306.47792  307.14354 1.1856e-01 5.0614e+00   1009.448          1     148665     59.614     5.1461     5.1462     47.776   6194.333     1.7057     1.6154     4.9341     4.6239     0.0000     0.0000     1.7057          6  0.000e+00
      98.68     0.0379          6   3.397831     -0.171    -1.8000   28.03244  -88.50490    179.928    152.728  306.47917  307.14482 1.1856e-01 5.0612e+00   1009.440          1     148666     59.608     5.1459     5.1463     47.769   6194.375     1.7057     1.6154     4.9341     4.6239     0.0000     0.0000     1.7057          6  0.000e+00
      98.68     0.0368          6   3.397812      1.549    -1.8000   28.03244  -88.50490    179.747    152.729  306.47974  307.14539 1.1856e-01 5.0612e+00   1009.505          1     148667     59.627     5.1459     5.1463     47.788   6194.417     1.7045     1.6154     4.9341     4.6252     0.0000     0.0000     1.7045          6  0.000e+00
      98.68     0.0379          6   3.397824     -1.376    -1.8000   28.03244  -88.50490    179.929    152.729  306.48003  307.14571 1.1856e-01 5.0610e+00   1009.448          1     148668     59.601     5.1458     5.1462     47.762   6194.458     1.7057     1.6154     4.9341     4.6239     0.0000     0.0000     1.7057          6  0.000e+00
      98.68     0.0379          6   3.397831      2.409    -1.8000   28.03244  -88.50490    179.749    152.731  306.48090  307.14661 1.1856e-01 5.0608e+00   1009.548          1     148669     59.583     5.1456     5.1460     47.744   6194.500     1.7045     1.6154     4.9341     4.6239     0.0000     0.0000     1.7045          6  0.000e+00
      98.68     0.0368          6   3.397831      0.173    -1.8000   28.03244  -88.50490    179.748    152.732  306.47929  307.14495 1.1856e-01 5.0612e+00   1009.555          1     148670     59.613     5.1459     5.1460     47.774   6194.542     1.7045     1.6154     4.9341     4.6252     0.0000     0.0000     1.7045          6  0.000e+00
      98.68     0.0379          6   3.397831     -2.580    -1.8000   28.03244  -88.50490    179.745    152.730  306.47894  307.14459 1.1856e-01 5.0612e+00   1009.448          1     148671     59.612     5.1460     5.1460     47.774   6194.583     1.7045     1.6154     4.9341     4.6239     0.0000     0.0000     1.7045          6  0.000e+00
      98.68     0.0379          6   3.397831      3.614    -1.8000   28.03244  -88.50490    179.932    152.733  306.48004  307.14571 1.1856e-01 5.0610e+00   1009.598          1     148672     59.603     5.1458     5.1457     47.762   6194.625     1.7057     1.6154     4.9341     4.6239     0.0000     0.0000     1.7057          6  0.000e+00
      98.68     0.0379          6   3.397812     -2.236    -1.8000   28.03244  -88.50490    179.747    152.563  306.47974  307.14539 1.1856e-01 5.0612e+00   1009.505          1     148673     59.627     5.1459     5.1453     47.788   6194.667     1.7045     1.6142     4.9341     4.6239     0.0000     0.0000     1.7045          6  0.000e+00
      98.68     0.0379          6   3.397824      1.205    -1.8000   28.03244  -88.50490    179.931    152.565  306.48015  307.14583 1.1856e-01 5.0610e+00   1009.555          1     148674     59.606     5.1458     5.1455     47.766   6194.708     1.7057     1.6142     4.9341     4.6239     0.0000     0.0000     1.7057          6  0.000e+00
      98.68     0.0379          6   3.397812     -0.171    -1.8000   28.03244  -88.50490    179.931    152.734  306.48048  307.14615 1.1856e-01 5.0610e+00   1009.548          1     148675     59.616     5.1458     5.1452     47.777   6194.750     1.7057     1.6154     4.9341     4.6239     0.0000     0.0000     1.7057          6  0.000e+00
      98.68     0.0379          6   3.397805      0.173    -1.8000   28.03244  -88.50490    179.932    152.735  306.48066  307.14632 1.1856e-01 5.0610e+00   1009.555          1     148676     59.622     5.1458     5.1450     47.783   6194.792     1.7057     1.6154     4.9341     4.6239     0.0000     0.0000     1.7057          6  0.000e+00
      98.68     0.0368          6   3.397843      0.001    -1.8000   28.03244  -88.50490    179.932    152.734  306.48058  307.14629 1.1856e-01 5.0608e+00   1009.555          1     148677     59.573     5.1456     5.1452     47.733   6194.833     1.7057     1.6154     4.9341     4.6252     0.0000     0.0000     1.7057          6  0.000e+00
      98.68     0.0368          6   3.397818      1.033    -1.8000   28.03244  -88.50490    179.933    152.734  306.48176  307.14747 1.1856e-01 5.0607e+00   1009.598          1     148678     59.588     5.1455     5.1455     47.748   6194.875     1.7057     1.6154     4.9341     4.6252     0.0000     0.0000     1.7057          6  0.000e+00
      98.68     0.0368          6   3.397805      0.173    -1.8000   28.03244  -88.50490    179.933    152.733  306.48164  307.14733 1.1856e-01 5.0608e+00   1009.606          1     148679     59.607     5.1456     5.1458     47.768   6194.917     1.7057     1.6154     4.9341     4.6252     0.0000     0.0000     1.7057          6  0.000e+00
      98.68     0.0368          6   3.397824     -1.204    -1.8000   28.03244  -88.50490    179.932    152.733  306.48108  307.14678 1.1856e-01 5.0608e+00   1009.556          1     148680     59.589     5.1456     5.1457     47.749   6194.958     1.7057     1.6154     4.9341     4.6252     0.0000     0.0000     1.7057          6  0.000e+00
      98.68     0.0379          6   3.397812      1.033    -1.8000   28.03244  -88.50490    179.751    152.905  306.48285  307.14859 1.1856e-01 5.0605e+00   1009.599          1     148681     59.576     5.1453     5.1452     47.737   6195.000     1.7045     1.6166     4.9341     4.6239     0.0000     0.0000     1.7045          6  0.000e+00
      98.68     0.0368          6   3.397805      1.549    -1.8000   28.03244  -88.50490    179.935    152.737  306.48170  307.14739 1.1856e-01 5.0608e+00   1009.663          1     148682     59.610     5.1456     5.1452     47.770   6195.042     1.7057     1.6154     4.9341     4.6252     0.0000     0.0000     1.7057          6  0.000e+00
      98.68     0.0379          6   3.397824     -1.376    -1.8000   28.03244  -88.50490    179.750    152.737  306.48183  307.14755 1.1856e-01 5.0607e+00   1009.606          1     148683     59.578     5.1455     5.1450     47.739   6195.083     1.7045     1.6154     4.9341     4.6239     0.0000     0.0000     1.7045          6  0.000e+00
      98.68     0.0379          6   3.397812     -0.171    -1.8000   28.03244  -88.50490    179.750    152.737  306.48192  307.14764 1.1856e-01 5.0607e+00   1009.599          1     148684     59.593     5.1455     5.1449     47.754   6195.125     1.7045     1.6154     4.9341     4.6239     0.0000     0.0000     1.7045          6  0.000e+00
      98.68     0.0379          6   3.397786      1.549    -1.8000   28.03244  -88.50490    179.752    152.738  306.48289  307.14860 1.1856e-01 5.0607e+00   1009.663          1     148685     59.614     5.1455     5.1449     47.774   6195.167     1.7045     1.6154     4.9341     4.6239     0.0000     0.0000     1.7045          6  0.000e+00
      98.68     0.0368          6   3.397818     -1.376    -1.8000   28.03244  -88.50490    179.750    152.737  306.48130  307.14700 1.1856e-01 5.0608e+00   1009.606          1     148686     59.597     5.1456     5.1449     47.757   6195.208     1.7045     1.6154     4.9341     4.6252     0.0000     0.0000     1.7045          6  0.000e+00
      98.68     0.0368          6   3.397812      1.033    -1.8000   28.03244  -88.50490    179.752    152.738  306.48290  307.14864 1.1856e-01 5.0605e+00   1009.649          1     148687     59.579     5.1453     5.1449     47.738   6195.250     1.7045     1.6154     4.9341     4.6252     0.0000     0.0000     1.7045          6  0.000e+00
      98.68     0.0379          6   3.397805      0.345    -1.8000   28.03244  -88.50490    179.935    152.738  306.48239  307.14811 1.1856e-01 5.0607e+00   1009.663          1     148688     59.597     5.1455     5.1450     47.757   6195.292     1.7057     1.6154     4.9341     4.6239     0.0000     0.0000     1.7057          6  0.000e+00
      98.68     0.0379          6   3.397824      0.001    -1.8000   28.03244  -88.50490    179.752    152.907  306.48189  307.14762 1.1856e-01 5.0607e+00   1009.663          1     148689     59.581     5.1455     5.1449     47.741   6195.333     1.7045     1.6166     4.9341     4.6239     0.0000     0.0000     1.7045          6  0.000e+00
      98.68     0.0368          6   3.397812      1.033    -1.8000   28.03244  -88.50490    179.753    152.738  306.48227  307.14799 1.1856e-01 5.0607e+00   1009.706          1     148690     59.594     5.1455     5.1450     47.753   6195.375     1.7045     1.6154     4.9341     4.6252     0.0000     0.0000     1.7045          6  0.000e+00
      98.68     0.0368          6   3.397780     -2.408    -1.8000   28.03244  -88.50490    179.752    152.737  306.48369  307.14942 1.1856e-01 5.0605e+00   1009.606          1     148691     59.603     5.1453     5.1449     47.764   6195.417     1.7045     1.6154     4.9341     4.6252     0.0000     0.0000     1.7045          6  0.000e+00
      98.68     0.0368          6   3.397754      2.581    -1.8000   28.03244  -88.50490    179.938    152.738  306.48448  307.15020 1.1856e-01 5.0605e+00   1009.714          1     148692     59.630     5.1453     5.1452     47.790   6195.458     1.7057     1.6154     4.9341     4.6252     0.0000     0.0000     1.7057          6  0.000e+00
      98.68     0.0379          6   3.397786     -0.171    -1.8000   28.03244  -88.50490    179.937    152.738  306.48294  307.14865 1.1856e-01 5.0607e+00   1009.706          1     148693     59.616     5.1455     5.1450     47.775   6195.500     1.7057     1.6154     4.9341     4.6239     0.0000     0.0000     1.7057          6  0.000e+00
      98.68     0.0379          6   3.397780     -1.032    -1.8000   28.03244  -88.50490    179.937    152.567  306.48537  307.15116 1.1856e-01 5.0602e+00   1009.663          1     148694     59.576     5.1450     5.1452     47.737   6195.542     1.7057     1.6142     4.9341     4.6239     0.0000     0.0000     1.7057          6  0.000e+00
      98.68     0.0379          6   3.397773      2.237    -1.8000   28.03244  -88.50490    179.938    152.569  306.48333  307.14904 1.1856e-01 5.0607e+00   1009.757          1     148695     59.629     5.1455     5.1453     47.788   6195.583     1.7057     1.6142     4.9341     4.6239     0.0000     0.0000     1.7057          6  0.000e+00
      98.68     0.0368          6   3.397818     -2.236    -1.8000   28.03244  -88.50490    179.935    152.568  306.48206  307.14778 1.1856e-01 5.0607e+00   1009.664          1     148696     59.587     5.1455     5.1450     47.746   6195.625     1.7057     1.6142     4.9341     4.6252     0.0000     0.0000     1.7057          6  0.000e+00
      98.68     0.0368          6   3.397786      1.205    -1.8000   28.03244  -88.50490    179.753    152.740  306.48203  307.14771 1.1856e-01 5.0609e+00   1009.714          1     148697     59.633     5.1457     5.1447     47.792   6195.667     1.7045     1.6154     4.9341     4.6252     0.0000     0.0000     1.7045          6  0.000e+00
