test/data/CTD/g01l01s01.ros
* Sea-Bird SBE 9 Data File:
* FileName = D:\CTD DATA\2013\PE13-01 DiMarco\G01L01S01.hex
* Software Version Seasave V 7.21g
* Temperature SN = 4515
* Conductivity SN = 3079
* Number of Bytes Per Scan = 40
* Number of Voltage Words = 5
* Number of Scans Averaged by the Deck Unit = 1
* NMEA Latitude = 28 15.01 N
* NMEA Longitude = 089 15.02 W
* NMEA UTC (Time) = Jul 11 2012  02:22:32
* NMEA baud rate = 4800
# nquan = 31
# nvalues = 588                                   
# units = specified
# name 0 = altM: Altimeter [m]
# name 1 = bat: Beam Attenuation, Chelsea/Seatech [1/m]
# name 2 = bpos: Bottle Position in Carousel
# name 3 = c0S/m: Conductivity [S/m]
# name 4 = dz/dtM: Descent Rate [m/s]
# name 5 = wetCDOM: Fluorescence, WET Labs CDOM [mg/m^3]
# name 6 = latitude: Latitude [deg]
# name 7 = longitude: Longitude [deg]
# name 8 = sbeox0Mm/Kg: Oxygen, SBE 43 [umol/kg]
# name 9 = sbeox1Mm/Kg: Oxygen, SBE 43, 2 [umol/kg]
# name 10 = oxsolMm/Kg: Oxygen Saturation, Garcia & Gordon [umol/kg]
# name 11 = oxsatMm/Kg: Oxygen Saturation, Weiss [umol/kg]
# name 12 = par: PAR/Irradiance, Biospherical/Licor
# name 13 = pla: Plume Anomaly
# name 14 = prDM: Pressure, Digiquartz [db]
# name 15 = pumps: Pump Status
# name 16 = scan: Scan Count
# name 17 = sva: Specific Volume Anomaly [10^-8 * m^3/kg]
# name 18 = t090C: Temperature [ITS-90, deg C]
# name 19 = t190C: Temperature, 2 [ITS-90, deg C]
# name 20 = tsa: Thermosteric Anomaly [10^-8 * m^3/kg]
# name 21 = timeS: Time, Elapsed [seconds]
# name 22 = v0: Voltage 0
# name 23 = v1: Voltage 1
# name 24 = v2: Voltage 2
# name 25 = v3: Voltage 3
# name 26 = v4: Voltage 4
# name 27 = v5: Voltage 5
# name 28 = sbeox0V: Oxygen raw, SBE 43 [V]
# name 29 = nbf: Bottles Fired
# name 30 = flag:  0.000e+00
# interval = seconds: 0.0416667
# start_time = Jul 11 2012 02:22:32 [NMEA time, header]
# bad_flag = -9.990e-29
*END*
[from data line 375]
      98.63     0.0506          8   4.470706      0.001     3.3587   28.24818  -89.26374    149.223    127.568  243.42698  243.20195 1.2658e-01 1.5508e+01    201.682          1      75915    142.542    15.5361    15.5358    136.524   3163.083     1.9084     1.8059     4.9316     4.6093     0.0281     0.2063     1.9084          8  0.000e+00
      98.63     0.0506          8   4.470720      0.339     3.3587   28.24818  -89.26374    149.223    127.568  243.42704  243.20201 1.2694e-01 1.5508e+01    201.696          1      75916    142.526    15.5360    15.5358    136.508   3163.125     1.9084     1.8059     4.9316     4.6093     0.0293     0.2063     1.9084          8  0.000e+00
      98.63     0.0495          8   4.470713      0.848     3.3587   28.24818  -89.26374    149.223    127.569  243.42691  243.20187 1.2694e-01 1.5508e+01    201.732          1      75917    142.540    15.5361    15.5359    136.521   3163.167     1.9084     1.8059     4.9316     4.6105     0.0293     0.2063     1.9084          8  0.000e+00
      98.63     0.0495          8   4.470713     -2.371     3.3587   28.24818  -89.26374    149.221    127.568  243.42632  243.20128 1.2694e-01 1.5508e+01    201.633          1      75918    142.549    15.5363    15.5358    136.533   3163.208     1.9084     1.8059     4.9316     4.6105     0.0293     0.2063     1.9084          8  0.000e+00
      98.63     0.0495          8   4.470749      1.186     3.3587   28.24818  -89.26374    149.222    127.569  243.42582  243.20078 1.2730e-01 1.5508e+01    201.682          1      75919    142.528    15.5363    15.5356    136.510   3163.250     1.9084     1.8059     4.9316     4.6105     0.0305     0.2063     1.9084          8  0.000e+00
      98.63     0.0506          8   4.470749      1.186     3.3587   28.24818  -89.26374    149.223    127.569  243.42585  243.20081 1.2694e-01 1.5508e+01    201.732          1      75920    142.531    15.5363    15.5358    136.512   3163.292     1.9084     1.8059     4.9316     4.6093     0.0293     0.2063     1.9084          8  0.000e+00
      98.63     0.0495          8   4.470727     -2.032     3.3587   28.24818  -89.26374    149.222    127.568  243.42664  243.20160 1.2694e-01 1.5508e+01    201.647          1      75921    142.526    15.5361    15.5357    136.509   3163.333     1.9084     1.8059     4.9316     4.6105     0.0293     0.2063     1.9084          8  0.000e+00
      98.63     0.0495          8   4.470713      2.033     3.3587   28.24818  -89.26374    149.224    127.569  243.42769  243.20267 1.2730e-01 1.5508e+01    201.732          1      75922    142.518    15.5359    15.5358    136.499   3163.375     1.9084     1.8059     4.9316     4.6105     0.0305     0.2063     1.9084          8  0.000e+00
      98.63     0.0506          8   4.470713     -1.185     3.3587   28.24818  -89.26374    149.223    127.569  243.42687  243.20184 1.2694e-01 1.5508e+01    201.682          1      75923    142.537    15.5361    15.5356    136.520   3163.417     1.9084     1.8059     4.9316     4.6093     0.0293     0.2063     1.9084          8  0.000e+00
      98.66     0.0495          8   4.470720      0.001     3.3587   28.24818  -89.26374    149.093    127.568  243.42729  243.20227 1.2694e-01 1.5508e+01    201.682          1      75924    142.518    15.5360    15.5360    136.500   3163.458     1.9072     1.8059     4.9328     4.6105     0.0293     0.2063     1.9072          8  0.000e+00
      98.66     0.0506          8   4.470713      0.339     3.3587   28.24818  -89.26374    149.223    127.568  243.42688  243.20185 1.2730e-01 1.5508e+01    201.697          1      75925    142.538    15.5361    15.5361    136.520   3163.500     1.9084     1.8059     4.9328     4.6093     0.0305     0.2063     1.9084          8  0.000e+00
      98.63     0.0506          8   4.470692     -0.338     3.3587   28.24818  -89.26374    149.093    127.568  243.42668  243.20163 1.2694e-01 1.5508e+01    201.683          1      75926    142.566    15.5363    15.5360    136.548   3163.542     1.9072     1.8059     4.9316     4.6093     0.0293     0.2063     1.9072          8  0.000e+00
      98.63     0.0506          8   4.470763      1.187     3.3282   28.24818  -89.26374    149.093    127.569  243.42576  243.20073 1.2694e-01 1.5508e+01    201.732          1      75927    142.518    15.5362    15.5360    136.499   3163.583     1.9072     1.8059     4.9316     4.6093     0.0293     0.2051     1.9072          8  0.000e+00
      98.63     0.0506          8   4.470727     -1.185     3.3587   28.24818  -89.26374    149.222    127.568  243.42614  243.20110 1.2730e-01 1.5508e+01    201.683          1      75928    142.542    15.5363    15.5361    136.525   3163.625     1.9084     1.8059     4.9316     4.6093     0.0305     0.2063     1.9084          8  0.000e+00
      98.63     0.0495          8   4.470749      0.001     3.3587   28.24818  -89.26374    149.092    127.568  243.42634  243.20131 1.2694e-01 1.5508e+01    201.683          1      75929    142.514    15.5361    15.5359    136.496   3163.667     1.9072     1.8059     4.9316     4.6105     0.0293     0.2063     1.9072          8  0.000e+00
      98.66     0.0506          8   4.470749      0.339     3.3587   28.24818  -89.26374    149.092    127.568  243.42582  243.20079 1.2694e-01 1.5508e+01    201.697          1      75930    142.529    15.5363    15.5360    136.511   3163.708     1.9072     1.8059     4.9328     4.6093     0.0293     0.2063     1.9072          8  0.000e+00
      98.63     0.0506          8   4.470756     -0.338     3.3893   28.24818  -89.26374    149.092    127.568  243.42571  243.20067 1.2730e-01 1.5508e+01    201.683          1      75931    142.523    15.5363    15.5358    136.506   3163.750     1.9072     1.8059     4.9316     4.6093     0.0305     0.2076     1.9072          8  0.000e+00
      98.63     0.0516          9   4.614577      1.185     3.2977   28.24814  -89.26444    147.511    126.613  237.45875  237.17258 1.2550e-01 1.6740e+01    151.272          1      79264    154.346    16.7609    16.7554    149.620   3302.625     1.9365     1.8352     4.9316     4.6081     0.0244     0.2039     1.9365          9  0.000e+00
      98.63     0.0527          9   4.614505      0.001     3.2977   28.24814  -89.26444    147.386    126.496  237.46051  237.17435 1.2514e-01 1.6740e+01    151.272          1      79265    154.371    16.7606    16.7556    149.645   3302.667     1.9353     1.8339     4.9316     4.6068     0.0232     0.2039     1.9353          9  0.000e+00
      98.63     0.0527          9   4.614325     -2.369     3.2977   28.24814  -89.26444    147.515    126.495  237.46827  237.18219 1.2550e-01 1.6738e+01    151.174          1      79266    154.328    16.7589    16.7556    149.606   3302.708     1.9365     1.8339     4.9316     4.6068     0.0244     0.2039     1.9365          9  0.000e+00
      98.63     0.0527          9   4.614282      2.370     3.2672   28.24814  -89.26444    147.519    126.613  237.47188  237.18585 1.2514e-01 1.6737e+01    151.272          1      79267    154.277    16.7579    16.7555    149.551   3302.750     1.9365     1.8352     4.9316     4.6068     0.0232     0.2027     1.9365          9  0.000e+00
      98.63     0.0527          9   4.614160     -2.369     3.2977   28.24814  -89.26446    147.519    126.610  237.47478  237.18877 1.2550e-01 1.6737e+01    151.174          1      79268    154.314    16.7575    16.7559    149.592   3302.792     1.9365     1.8352     4.9316     4.6068     0.0244     0.2039     1.9365          9  0.000e+00
      98.63     0.0516          9   4.614037      3.724     3.2672   28.24814  -89.26446    147.525    126.728  237.48029  237.19433 1.2514e-01 1.6735e+01    151.329          1      79269    154.295    16.7563    16.7568    149.568   3302.833     1.9365     1.8364     4.9316     4.6081     0.0232     0.2027     1.9365          9  0.000e+00
      98.63     0.0527          9   4.613828     -2.538     3.2977   28.24814  -89.26446    147.528    126.609  237.48845  237.20258 1.2550e-01 1.6734e+01    151.223          1      79270    154.270    16.7546    16.7570    149.547   3302.875     1.9365     1.8352     4.9316     4.6068     0.0244     0.2039     1.9365          9  0.000e+00
      98.63     0.0527          9   4.613706      0.000     3.2977   28.24814  -89.26446    147.406    126.607  237.49325  237.20742 1.2514e-01 1.6733e+01    151.223          1      79271    154.260    16.7536    16.7578    149.537   3302.917     1.9353     1.8352     4.9316     4.6068     0.0232     0.2039     1.9353          9  0.000e+00
      98.63     0.0527          9   4.613591      0.000     3.2977   28.24814  -89.26446    147.534    126.722  237.49661  237.21080 1.2514e-01 1.6732e+01    151.223          1      79272    154.285    16.7531    16.7585    149.562   3302.958     1.9365     1.8364     4.9316     4.6068     0.0232     0.2039     1.9365          9  0.000e+00
      98.63     0.0516          9   4.613540     -1.184     3.2672   28.24814  -89.26446    147.534    126.600  237.49937  237.21360 1.2514e-01 1.6731e+01    151.174          1      79273    154.254    16.7524    16.7601    149.533   3303.000     1.9365     1.8352     4.9316     4.6081     0.0232     0.2027     1.9365          9  0.000e+00
      98.66     0.0527          9   4.613533      2.370     3.2977   28.24814  -89.26446    147.538    126.598  237.50161  237.21588 1.2550e-01 1.6731e+01    151.273          1      79274    154.204    16.7517    16.7616    149.480   3303.042     1.9365     1.8352     4.9328     4.6068     0.0244     0.2039     1.9365          9  0.000e+00
      98.63     0.0527          9   4.613447     -2.369     3.2672   28.24814  -89.26446    147.411    126.595  237.50339  237.21766 1.2514e-01 1.6731e+01    151.174          1      79275    154.236    16.7515    16.7625    149.515   3303.083     1.9353     1.8352     4.9316     4.6068     0.0232     0.2027     1.9353          9  0.000e+00
      98.63     0.0527          9   4.613439      1.185     3.2672   28.24814  -89.26446    147.412    126.597  237.50402  237.21829 1.2550e-01 1.6730e+01    151.223          1      79276    154.229    16.7513    16.7623    149.507   3303.125     1.9353     1.8352     4.9316     4.6068     0.0244     0.2027     1.9353          9  0.000e+00
      98.63     0.0527          9   4.613511      0.001     3.2672   28.24814  -89.26446    147.537    126.601  237.50140  237.21565 1.2514e-01 1.6731e+01    151.223          1      79277    154.229    16.7519    16.7607    149.506   3303.167     1.9365     1.8352     4.9316     4.6068     0.0232     0.2027     1.9365          9  0.000e+00
      98.63     0.0527          9   4.613641      0.000     3.2672   28.24814  -89.26446    147.533    126.602  237.49577  237.20996 1.2550e-01 1.6732e+01    151.223          1      79278    154.256    16.7531    16.7601    149.533   3303.208     1.9365     1.8352     4.9316     4.6068     0.0244     0.2027     1.9365          9  0.000e+00
      98.63     0.0527          9   4.613742     -1.184     3.2672   28.24814  -89.26446    147.530    126.602  237.49185  237.20601 1.2514e-01 1.6733e+01    151.174          1      79279    154.259    16.7539    16.7594    149.538   3303.250     1.9365     1.8352     4.9316     4.6068     0.0232     0.2027     1.9365          9  0.000e+00
      98.63     0.0527          9   4.613735      1.185     3.2672   28.24814  -89.26446    147.405    126.604  237.49199  237.20614 1.2514e-01 1.6733e+01    151.223          1      79280    154.267    16.7539    16.7590    149.544   3303.292     1.9353     1.8352     4.9316     4.6068     0.0232     0.2027     1.9353          9  0.000e+00
      98.63     0.0537          9   4.613727     -1.184     3.2672   28.24814  -89.26446    147.529    126.604  237.49133  237.20547 1.2514e-01 1.6733e+01    151.174          1      79281    154.290    16.7541    16.7587    149.568   3303.333     1.9365     1.8352     4.9316     4.6056     0.0232     0.2027     1.9365          9  0.000e+00
      98.63     0.0527          9   4.613699      1.185     3.2366   28.24814  -89.26446    147.406    126.488  237.49458  237.20877 1.2514e-01 1.6732e+01    151.223          1      79282    154.230    16.7532    16.7587    149.507   3303.375     1.9353     1.8339     4.9316     4.6068     0.0232     0.2015     1.9353          9  0.000e+00
      98.63     0.0527          9   4.613511     -1.184     3.2672   28.24814  -89.26446    147.535    126.487  237.50088  237.21513 1.2550e-01 1.6731e+01    151.174          1      79283    154.240    16.7520    16.7586    149.519   3303.417     1.9365     1.8339     4.9316     4.6068     0.0244     0.2027     1.9365          9  0.000e+00
      98.63     0.0537          9   4.613425      1.185     3.2366   28.24814  -89.26446    147.413    126.605  237.50471  237.21900 1.2514e-01 1.6730e+01    151.223          1      79284    154.224    16.7512    16.7585    149.502   3303.458     1.9353     1.8352     4.9316     4.6056     0.0232     0.2015     1.9353          9  0.000e+00
      98.63     0.0527          9   4.613403     -1.184     3.2672   28.24814  -89.26446    147.413    126.604  237.50609  237.22039 1.2514e-01 1.6730e+01    151.174          1      79285    154.203    16.7508    16.7589    149.482   3303.500     1.9353     1.8352     4.9316     4.6068     0.0232     0.2027     1.9353          9  0.000e+00
      98.63     0.0527          9   4.613382      1.185     3.2672   28.24814  -89.26446    147.414    126.603  237.50643  237.22073 1.2514e-01 1.6730e+01    151.223          1      79286    154.220    16.7508    16.7599    149.498   3303.542     1.9353     1.8352     4.9316     4.6068     0.0232     0.2027     1.9353          9  0.000e+00
      98.63     0.0537          9   4.613432     -1.184     3.2672   28.24814  -89.26446    147.412    126.601  237.50458  237.21886 1.2514e-01 1.6730e+01    151.174          1      79287    154.217    16.7512    16.7599    149.496   3303.583     1.9353     1.8352     4.9316     4.6056     0.0232     0.2027     1.9353          9  0.000e+00
      98.63     0.0527          9   4.613454      1.185     3.2672   28.24814  -89.26446    147.538    126.485  237.50430  237.21859 1.2514e-01 1.6730e+01    151.224          1      79288    154.206    16.7512    16.7596    149.483   3303.625     1.9365     1.8339     4.9316     4.6068     0.0232     0.2027     1.9365          9  0.000e+00
      98.63     0.0537          9   4.613425     -1.184     3.2672   28.24814  -89.26446    147.538    126.484  237.50578  237.22008 1.2550e-01 1.6730e+01    151.174          1      79289    154.189    16.7508    16.7596    149.468   3303.667     1.9365     1.8339     4.9316     4.6056     0.0244     0.2027     1.9365          9  0.000e+00
      98.63     0.0527          9   4.613324      1.185     3.2672   28.24814  -89.26446    147.541    126.484  237.50823  237.22254 1.2514e-01 1.6730e+01    151.224          1      79290    154.229    16.7505    16.7604    149.506   3303.708     1.9365     1.8339     4.9316     4.6068     0.0232     0.2027     1.9365          9  0.000e+00
      98.63     0.0527          9   4.613317     -1.184     3.2672   28.24814  -89.26446    147.541    126.600  237.51037  237.22473 1.2550e-01 1.6729e+01    151.174          1      79291    154.170    16.7498    16.7606    149.449   3303.750     1.9365     1.8352     4.9316     4.6068     0.0244     0.2027     1.9365          9  0.000e+00
      98.63     0.0527          9   4.613274      0.000     3.2366   28.24814  -89.26446    147.542    126.483  237.51160  237.22596 1.2514e-01 1.6729e+01    151.174          1      79292    154.180    16.7496    16.7605    149.459   3303.792     1.9365     1.8339     4.9316     4.6068     0.0232     0.2015     1.9365          9  0.000e+00
