test/data/CTD/g01l05s03.ros
* Sea-Bird SBE 9 Data File:
* FileName = D:\CTD DATA\2013\PE13-01 DiMarco\G01L05S03.hex
* Software Version Seasave V 7.21g
* Temperature SN = 4515
* Conductivity SN = 3079
* Number of Bytes Per Scan = 40
* Number of Voltage Words = 5
* Number of Scans Averaged by the Deck Unit = 1
* NMEA Latitude = 28 30.00 N
* NMEA Longitude = 088 14.96 W
* NMEA UTC (Time) = Jul 07 2012  03:13:58
* NMEA baud rate = 4800
# nquan = 31
# nvalues = 588                                   
# units = specified
# name 0 = altM: Altimeter [m]
# name 1 = bat: Beam Attenuation, Chelsea/Seatech [1/m]
# name 2 = bpos: Bottle Position in Carousel
# name 3 = c0S/m: Conductivity [S/m]
# name 4 = dz/dtM: Descent Rate [m/s]
# name 5 = wetCDOM: Fluorescence, WET Labs CDOM [mg/m^3]
# name 6 = latitude: Latitude [deg]
# name 7 = longitude: Longitude [deg]
# name 8 = sbeox0Mm/Kg: Oxygen, SBE 43 [umol/kg]
# name 9 = sbeox1Mm/Kg: Oxygen, SBE 43, 2 [umol/kg]
# name 10 = oxsolMm/Kg: Oxygen Saturation, Garcia & Gordon [umol/kg]
# name 11 = oxsatMm/Kg: Oxygen Saturation, Weiss [umol/kg]
# name 12 = par: PAR/Irradiance, Biospherical/Licor
# name 13 = pla: Plume Anomaly
# name 14 = prDM: Pressure, Digiquartz [db]
# name 15 = pumps: Pump Status
# name 16 = scan: Scan Count
# name 17 = sva: Specific Volume Anomaly [10^-8 * m^3/kg]
# name 18 = t090C: Temperature [ITS-90, deg C]
# name 19 = t190C: Temperature, 2 [ITS-90, deg C]
# name 20 = tsa: Thermosteric Anomaly [10^-8 * m^3/kg]
# name 21 = timeS: Time, Elapsed [seconds]
# name 22 = v0: Voltage 0
# name 23 = v1: Voltage 1
# name 24 = v2: Voltage 2
# name 25 = v3: Voltage 3
# name 26 = v4: Voltage 4
# name 27 = v5: Voltage 5
# name 28 = sbeox0V: Oxygen raw, SBE 43 [V]
# name 29 = nbf: Bottles Fired
# name 30 = flag:  0.000e+00
# interval = seconds: 0.0416667
# start_time = Jul 07 2012 03:13:58 [NMEA time, header]
# bad_flag = -9.990e-29
*END*
[from data line 515]
      98.58     0.0580         11   5.112647      0.000    -1.8000   28.51946  -88.23858    174.303    151.179  218.44669  217.99801 1.1856e-01 2.1197e+01    100.851          1     224855    240.135    21.2113    21.2183    236.556   9368.917     2.3553     2.2308     4.9292     4.6007     0.0000     0.0000     2.3553         11  0.000e+00
      98.58     0.0580         11   5.112737     -1.014    -1.8000   28.51946  -88.23858    174.415    151.177  218.44384  217.99515 1.1856e-01 2.1197e+01    100.808          1     224856    240.139    21.2120    21.2190    236.562   9368.958     2.3565     2.2308     4.9292     4.6007     0.0000     0.0000     2.3565         11  0.000e+00
      98.58     0.0591         11   5.112737     -0.338    -1.8000   28.51946  -88.23858    174.414    151.176  218.44325  217.99455 1.1856e-01 2.1198e+01    100.794          1     224857    240.158    21.2122    21.2192    236.582   9369.000     2.3565     2.2308     4.9292     4.5995     0.0000     0.0000     2.3565         11  0.000e+00
      98.58     0.0580         11   5.112699      1.353    -1.8000   28.51946  -88.23858    174.415    151.072  218.44322  217.99451 1.1856e-01 2.1198e+01    100.851          1     224858    240.200    21.2124    21.2187    236.622   9369.042     2.3565     2.2295     4.9292     4.6007     0.0000     0.0000     2.3565         11  0.000e+00
      98.58     0.0580         11   5.112722      0.000    -1.8000   28.51946  -88.23858    174.416    151.076  218.44404  217.99535 1.1856e-01 2.1197e+01    100.851          1     224859    240.151    21.2120    21.2170    236.572   9369.083     2.3565     2.2295     4.9292     4.6007     0.0000     0.0000     2.3565         11  0.000e+00
      98.58     0.0580         11   5.112737     -1.353    -1.8000   28.51946  -88.23858    174.415    151.077  218.44413  217.99544 1.1856e-01 2.1197e+01    100.794          1     224860    240.129    21.2119    21.2166    236.552   9369.125     2.3565     2.2295     4.9292     4.6007     0.0000     0.0000     2.3565         11  0.000e+00
      98.58     0.0580         11   5.112699      1.522    -1.8000   28.51946  -88.23858    174.417    151.080  218.44529  217.99661 1.1856e-01 2.1197e+01    100.858          1     224861    240.131    21.2116    21.2159    236.552   9369.167     2.3565     2.2295     4.9292     4.6007     0.0000     0.0000     2.3565         11  0.000e+00
      98.58     0.0580         11   5.112692     -0.169    -1.8000   28.51946  -88.23858    174.531    150.974  218.44429  217.99559 1.1856e-01 2.1198e+01    100.851          1     224862    240.172    21.2120    21.2147    236.593   9369.208     2.3578     2.2283     4.9292     4.6007     0.0000     0.0000     2.3578         11  0.000e+00
      98.58     0.0580         11   5.112692     -1.353    -1.8000   28.51946  -88.23858    174.530    150.974  218.44426  217.99557 1.1856e-01 2.1198e+01    100.794          1     224863    240.168    21.2120    21.2145    236.591   9369.250     2.3578     2.2283     4.9292     4.6007     0.0000     0.0000     2.3578         11  0.000e+00
      98.58     0.0580         11   5.112722      1.353    -1.8000   28.51946  -88.23858    174.530    150.976  218.44315  217.99445 1.1856e-01 2.1198e+01    100.851          1     224864    240.181    21.2123    21.2138    236.602   9369.292     2.3578     2.2283     4.9292     4.6007     0.0000     0.0000     2.3578         11  0.000e+00
      98.58     0.0591         11   5.112737      0.000    -1.8000   28.51946  -88.23858    174.530    151.083  218.44278  217.99408 1.1856e-01 2.1198e+01    100.851          1     224865    240.179    21.2124    21.2136    236.600   9369.333     2.3578     2.2295     4.9292     4.5995     0.0000     0.0000     2.3578         11  0.000e+00
      98.58     0.0591         11   5.112797     -1.014    -1.8000   28.51946  -88.23858    174.528    150.975  218.44177  217.99306 1.1856e-01 2.1198e+01    100.808          1     224866    240.151    21.2125    21.2136    236.573   9369.375     2.3578     2.2283     4.9292     4.5995     0.0000     0.0000     2.3578         11  0.000e+00
      98.58     0.0580         11   5.112684      1.015    -1.8000   28.51946  -88.23858    174.533    150.976  218.44625  217.99758 1.1856e-01 2.1197e+01    100.851          1     224867    240.113    21.2113    21.2138    236.534   9369.417     2.3578     2.2283     4.9292     4.6007     0.0000     0.0000     2.3578         11  0.000e+00
      98.58     0.0591         11   5.112511      0.000    -1.8000   28.51946  -88.23858    174.421    150.976  218.45003  218.00137 1.1856e-01 2.1196e+01    100.851          1     224868    240.154    21.2106    21.2140    236.575   9369.458     2.3565     2.2283     4.9292     4.5995     0.0000     0.0000     2.3565         11  0.000e+00
      98.58     0.0580         11   5.112474      1.184    -1.8000   28.51946  -88.23858    174.539    150.977  218.45207  218.00342 1.1856e-01 2.1196e+01    100.900          1     224869    240.126    21.2100    21.2137    236.545   9369.500     2.3578     2.2283     4.9292     4.6007     0.0000     0.0000     2.3578         11  0.000e+00
      98.58     0.0580         11   5.112444     -2.536    -1.8000   28.51946  -88.23858    174.536    150.976  218.45217  218.00352 1.1856e-01 2.1196e+01    100.794          1     224870    240.143    21.2101    21.2136    236.567   9369.542     2.3578     2.2283     4.9292     4.6007     0.0000     0.0000     2.3578         11  0.000e+00
      98.58     0.0591         11   5.112436      2.875    -1.8000   28.51946  -88.23858    174.540    150.979  218.45389  218.00526 1.1856e-01 2.1195e+01    100.914          1     224871    240.102    21.2095    21.2136    236.521   9369.583     2.3578     2.2283     4.9292     4.5995     0.0000     0.0000     2.3578         11  0.000e+00
      98.58     0.0580         11   5.112399     -1.522    -1.8000   28.51946  -88.23858    174.539    150.978  218.45420  218.00557 1.1856e-01 2.1195e+01    100.851          1     224872    240.123    21.2095    21.2130    236.545   9369.625     2.3578     2.2283     4.9292     4.6007     0.0000     0.0000     2.3578         11  0.000e+00
      98.58     0.0580         11   5.112421      1.184    -1.8000   28.51946  -88.23858    174.655    150.978  218.45436  218.00573 1.1856e-01 2.1195e+01    100.900          1     224873    240.100    21.2094    21.2134    236.519   9369.667     2.3590     2.2283     4.9292     4.6007     0.0000     0.0000     2.3590         11  0.000e+00
      98.58     0.0580         11   5.112436     -1.184    -1.8000   28.51946  -88.23858    174.654    150.976  218.45337  218.00473 1.1856e-01 2.1195e+01    100.851          1     224874    240.115    21.2097    21.2137    236.536   9369.708     2.3590     2.2283     4.9292     4.6007     0.0000     0.0000     2.3590         11  0.000e+00
      98.58     0.0580         11   5.112459      0.000    -1.8000   28.51946  -88.23858    174.653    150.974  218.45252  218.00387 1.1856e-01 2.1195e+01    100.851          1     224875    240.122    21.2099    21.2145    236.543   9369.750     2.3590     2.2283     4.9292     4.6007     0.0000     0.0000     2.3590         11  0.000e+00
      98.58     0.0591         11   5.112444      1.184    -1.8000   28.51946  -88.23858    174.540    150.975  218.45429  218.00567 1.1856e-01 2.1195e+01    100.900          1     224876    240.080    21.2093    21.2145    236.500   9369.792     2.3578     2.2283     4.9292     4.5995     0.0000     0.0000     2.3578         11  0.000e+00
      98.58     0.0580         11   5.112399     -1.014    -1.8000   28.51946  -88.23858    174.656    150.975  218.45598  218.00736 1.1856e-01 2.1194e+01    100.858          1     224877    240.064    21.2088    21.2144    236.485   9369.833     2.3590     2.2283     4.9292     4.6007     0.0000     0.0000     2.3590         11  0.000e+00
      98.58     0.0580         11   5.112324      2.199    -1.8000   28.51946  -88.23858    174.659    150.978  218.45788  218.00928 1.1856e-01 2.1194e+01    100.949          1     224878    240.080    21.2085    21.2141    236.498   9369.875     2.3590     2.2283     4.9292     4.6007     0.0000     0.0000     2.3590         11  0.000e+00
      98.58     0.6513         12   5.366368     -3.881    -1.8000   28.51978  -88.23828    225.252    199.027  194.78749  194.28856 1.1856e-01 2.9888e+01      0.862          1     228445    824.500    29.8809    29.9233    824.671   9518.500     3.2173     3.0501     4.9292     3.9670     0.0000     0.0000     3.2173         12  0.000e+00
      98.56     0.6538         12   5.366068      2.700    -1.8000   28.51978  -88.23828    225.156    198.937  194.78957  194.29063 1.1856e-01 2.9888e+01      0.975          1     228446    824.664    29.8811    29.9225    824.831   9518.542     3.2161     3.0488     4.9280     3.9646     0.0000     0.0000     3.2161         12  0.000e+00
      98.58     0.6525         12   5.365463     -0.337    -1.8000   28.51978  -88.23828    225.255    198.936  194.78809  194.28918 1.1856e-01 2.9891e+01      0.961          1     228447    825.180    29.8839    29.9225    825.347   9518.583     3.2173     3.0488     4.9292     3.9658     0.0000     0.0000     3.2173         12  0.000e+00
      98.58     0.6525         12   5.364305     -1.013    -1.8000   28.51978  -88.23828    225.255    198.935  194.78903  194.29014 1.1856e-01 2.9895e+01      0.919          1     228448    826.032    29.8876    29.9223    826.201   9518.625     3.2173     3.0488     4.9292     3.9658     0.0000     0.0000     3.2173         12  0.000e+00
      98.56     0.6525         12   5.362978     -0.169    -1.8000   28.51978  -88.23828    225.255    198.933  194.78937  194.29051 1.1856e-01 2.9899e+01      0.912          1     228449    827.036    29.8922    29.9253    827.205   9518.667     3.2173     3.0488     4.9280     3.9658     0.0000     0.0000     3.2173         12  0.000e+00
      98.58     0.6525         12   5.362135      0.169    -1.8000   28.51978  -88.23828    225.358    198.930  194.79059  194.29174 1.1856e-01 2.9902e+01      0.919          1     228450    827.640    29.8947    29.9272    827.809   9518.708     3.2186     3.0488     4.9292     3.9658     0.0000     0.0000     3.2186         12  0.000e+00
      98.58     0.6525         12   5.361836     -0.169    -1.8000   28.51978  -88.23828    225.358    198.933  194.79089  194.29203 1.1856e-01 2.9903e+01      0.912          1     228451    827.859    29.8957    29.9270    828.028   9518.750     3.2186     3.0488     4.9292     3.9658     0.0000     0.0000     3.2186         12  0.000e+00
      98.56     0.6525         12   5.361698      0.169    -1.8000   28.51978  -88.23828    225.357    198.936  194.78987  194.29103 1.1856e-01 2.9904e+01      0.919          1     228452    828.000    29.8966    29.9281    828.169   9518.792     3.2186     3.0488     4.9280     3.9658     0.0000     0.0000     3.2186         12  0.000e+00
      98.58     0.6525         12   5.361690     -0.169    -1.8000   28.51978  -88.23828    225.355    199.031  194.78841  194.28958 1.1856e-01 2.9904e+01      0.912          1     228453    828.057    29.8973    29.9316    828.226   9518.833     3.2186     3.0501     4.9292     3.9658     0.0000     0.0000     3.2186         12  0.000e+00
      98.58     0.6525         12   5.362043     -1.012    -1.8000   28.51978  -88.23828    225.351    199.025  194.78584  194.28702 1.1856e-01 2.9904e+01      0.869          1     228454    827.875    29.8971    29.9361    828.045   9518.875     3.2186     3.0501     4.9292     3.9658     0.0000     0.0000     3.2186         12  0.000e+00
      98.58     0.6525         12   5.362319      1.013    -1.8000   28.51978  -88.23828    225.350    199.023  194.78399  194.28518 1.1856e-01 2.9904e+01      0.912          1     228455    827.731    29.8970    29.9383    827.900   9518.917     3.2186     3.0501     4.9292     3.9658     0.0000     0.0000     3.2186         12  0.000e+00
      98.58     0.6513         12   5.362380      0.169    -1.8000   28.51978  -88.23828    225.452    199.021  194.78433  194.28552 1.1856e-01 2.9904e+01      0.919          1     228456    827.672    29.8966    29.9391    827.841   9518.958     3.2198     3.0501     4.9292     3.9670     0.0000     0.0000     3.2198         12  0.000e+00
      98.58     0.6513         12   5.362748     -0.169    -1.8000   28.51978  -88.23828    225.452    199.019  194.78408  194.28526 1.1856e-01 2.9902e+01      0.912          1     228457    827.399    29.8954    29.9391    827.568   9519.000     3.2198     3.0501     4.9292     3.9670     0.0000     0.0000     3.2198         12  0.000e+00
      98.56     0.6525         12   5.363201     -1.012    -1.8000   28.51978  -88.23828    225.449    198.921  194.78237  194.28356 1.1856e-01 2.9901e+01      0.869          1     228458    827.109    29.8945    29.9389    827.280   9519.042     3.2198     3.0488     4.9280     3.9658     0.0000     0.0000     3.2198         12  0.000e+00
      98.58     0.6525         12   5.363216      1.013    -1.8000   28.51978  -88.23828    225.348    199.014  194.78226  194.28345 1.1856e-01 2.9901e+01      0.912          1     228459    827.104    29.8945    29.9393    827.273   9519.083     3.2186     3.0501     4.9292     3.9658     0.0000     0.0000     3.2186         12  0.000e+00
      98.56     0.6488         12   5.362948     -1.012    -1.8000   28.51978  -88.23828    225.450    199.018  194.78313  194.28432 1.1856e-01 2.9902e+01      0.869          1     228460    827.276    29.8951    29.9370    827.447   9519.125     3.2198     3.0501     4.9280     3.9695     0.0000     0.0000     3.2198         12  0.000e+00
      98.58     0.6353         12   5.362733      1.013    -1.8000   28.51978  -88.23828    225.451    198.925  194.78329  194.28448 1.1856e-01 2.9903e+01      0.912          1     228461    827.438    29.8958    29.9357    827.607   9519.167     3.2198     3.0488     4.9292     3.9829     0.0000     0.0000     3.2198         12  0.000e+00
      98.56     0.6304         12   5.362557     -1.013    -1.8000   28.51978  -88.23828    225.349    199.018  194.78418  194.28537 1.1856e-01 2.9903e+01      0.869          1     228462    827.539    29.8960    29.9359    827.710   9519.208     3.2186     3.0501     4.9280     3.9878     0.0000     0.0000     3.2186         12  0.000e+00
      98.58     0.6304         12   5.362511     -0.169    -1.8000   28.51978  -88.23828    225.350    198.922  194.78539  194.28657 1.1856e-01 2.9903e+01      0.862          1     228463    827.531    29.8957    29.9363    827.703   9519.250     3.2186     3.0488     4.9292     3.9878     0.0000     0.0000     3.2186         12  0.000e+00
      98.56     0.6316         12   5.362603      1.350    -1.8000   28.51978  -88.23828    225.352    198.924  194.78511  194.28629 1.1856e-01 2.9902e+01      0.919          1     228464    827.474    29.8955    29.9370    827.643   9519.292     3.2186     3.0488     4.9280     3.9866     0.0000     0.0000     3.2186         12  0.000e+00
      98.58     0.6316         12   5.362848     -0.169    -1.8000   28.51978  -88.23828    225.350    198.926  194.78396  194.28514 1.1856e-01 2.9902e+01      0.912          1     228465    827.327    29.8951    29.9372    827.496   9519.333     3.2186     3.0488     4.9292     3.9866     0.0000     0.0000     3.2186         12  0.000e+00
      98.58     0.6316         12   5.362810     -1.013    -1.8000   28.51978  -88.23828    225.349    198.929  194.78395  194.28513 1.1856e-01 2.9902e+01      0.870          1     228466    827.353    29.8952    29.9364    827.524   9519.375     3.2186     3.0488     4.9292     3.9866     0.0000     0.0000     3.2186         12  0.000e+00
