test/data/CTD/g01l06s02.ros
* Sea-Bird SBE 9 Data File:
* FileName = D:\CTD DATA\2013\PE13-01 DiMarco\G01L06S02.hex
* Software Version Seasave V 7.21g
* Temperature SN = 4515
* Conductivity SN = 3079
* Number of Bytes Per Scan = 40
* Number of Voltage Words = 5
* Number of Scans Averaged by the Deck Unit = 1
* NMEA Latitude = 28 29.99 N
* NMEA Longitude = 087 59.94 W
* NMEA UTC (Time) = Jul 07 2012  07:20:40
* NMEA baud rate = 4800
# nquan = 31
# nvalues = 588                                   
# units = specified
# name 0 = altM: Altimeter [m]
# name 1 = bat: Beam Attenuation, Chelsea/Seatech [1/m]
# name 2 = bpos: Bottle Position in Carousel
# name 3 = c0S/m: Conductivity [S/m]
# name 4 = dz/dtM: Descent Rate [m/s]
# name 5 = wetCDOM: Fluorescence, WET Labs CDOM [mg/m^3]
# name 6 = latitude: Latitude [deg]
# name 7 = longitude: Longitude [deg]
# name 8 = sbeox0Mm/Kg: Oxygen, SBE 43 [umol/kg]
# name 9 = sbeox1Mm/Kg: Oxygen, SBE 43, 2 [umol/kg]
# name 10 = oxsolMm/Kg: Oxygen Saturation, Garcia & Gordon [umol/kg]
# name 11 = oxsatMm/Kg: Oxygen Saturation, Weiss [umol/kg]
# name 12 = par: PAR/Irradiance, Biospherical/Licor
# name 13 = pla: Plume Anomaly
# name 14 = prDM: Pressure, Digiquartz [db]
# name 15 = pumps: Pump Status
# name 16 = scan: Scan Count
# name 17 = sva: Specific Volume Anomaly [10^-8 * m^3/kg]
# name 18 = t090C: Temperature [ITS-90, deg C]
# name 19 = t190C: Temperature, 2 [ITS-90, deg C]
# name 20 = tsa: Thermosteric Anomaly [10^-8 * m^3/kg]
# name 21 = timeS: Time, Elapsed [seconds]
# name 22 = v0: Voltage 0
# name 23 = v1: Voltage 1
# name 24 = v2: Voltage 2
# name 25 = v3: Voltage 3
# name 26 = v4: Voltage 4
# name 27 = v5: Voltage 5
# name 28 = sbeox0V: Oxygen raw, SBE 43 [V]
# name 29 = nbf: Bottles Fired
# name 30 = flag:  0.000e+00
# interval = seconds: 0.0416667
# start_time = Jul 07 2012 07:20:40 [NMEA time, header]
# bad_flag = -9.990e-29
*END*
[from data line 468]
      98.66     0.0400         10   4.492704     -0.000    -1.8000   28.50042  -87.97494    139.962    119.984  242.48380  242.24862 1.1856e-01 1.5700e+01    201.373          1     244812    145.063    15.7283    15.7368    139.001  10200.458     1.8266     1.7338     4.9328     4.6215     0.0000     0.0000     1.8266         10  0.000e+00
      98.66     0.0410         10   4.492790      1.186    -1.8000   28.50042  -87.97494    139.961    119.985  242.48178  242.24659 1.1856e-01 1.5701e+01    201.423          1     244813    145.031    15.7286    15.7366    138.968  10200.500     1.8266     1.7338     4.9328     4.6203     0.0000     0.0000     1.8266         10  0.000e+00
      98.66     0.0400         10   4.492861     -2.033    -1.8000   28.50042  -87.97494    139.958    119.984  242.47924  242.24403 1.1856e-01 1.5701e+01    201.338          1     244814    145.019    15.7290    15.7364    138.958  10200.542     1.8266     1.7338     4.9328     4.6215     0.0000     0.0000     1.8266         10  0.000e+00
      98.63     0.0410         10   4.492982     -0.339    -1.8000   28.50042  -87.97494    139.955    120.102  242.47393  242.23867 1.1856e-01 1.5702e+01    201.324          1     244815    145.036    15.7301    15.7368    138.975  10200.583     1.8266     1.7350     4.9316     4.6203     0.0000     0.0000     1.8266         10  0.000e+00
      98.66     0.0400         10   4.493189      0.000    -1.8000   28.50042  -87.97494    139.951    119.978  242.46620  242.23086 1.1856e-01 1.5704e+01    201.324          1     244816    145.030    15.7316    15.7383    138.969  10200.625     1.8266     1.7338     4.9328     4.6215     0.0000     0.0000     1.8266         10  0.000e+00
      98.66     0.0400         10   4.493360      0.000    -1.8000   28.50042  -87.97494    139.946    120.094  242.45874  242.22332 1.1856e-01 1.5705e+01    201.324          1     244817    145.054    15.7331    15.7399    138.993  10200.667     1.8266     1.7350     4.9328     4.6215     0.0000     0.0000     1.8266         10  0.000e+00
      98.66     0.0400         10   4.493488      0.000    -1.8000   28.50042  -87.97494    139.943    119.969  242.45282  242.21733 1.1856e-01 1.5706e+01    201.324          1     244818    145.081    15.7344    15.7419    139.020  10200.708     1.8266     1.7338     4.9328     4.6215     0.0000     0.0000     1.8266         10  0.000e+00
      98.63     0.0400         10   4.493602 5.3643e-07    -1.8000   28.50042  -87.97494    140.069    119.966  242.44751  242.21196 1.1856e-01 1.5707e+01    201.324          1     244819    145.107    15.7355    15.7434    139.045  10200.750     1.8278     1.7338     4.9316     4.6215     0.0000     0.0000     1.8278         10  0.000e+00
      98.63     0.0410         10   4.493744     -1.355    -1.8000   28.50042  -87.97494    139.936    119.962  242.44237  242.20678 1.1856e-01 1.5708e+01    201.268          1     244820    145.093    15.7364    15.7448    139.033  10200.792     1.8266     1.7338     4.9316     4.6203     0.0000     0.0000     1.8266         10  0.000e+00
      98.66     0.0400         10   4.494044     -0.000    -1.8000   28.50042  -87.97494    139.930    119.959  242.43222  242.19654 1.1856e-01 1.5710e+01    201.268          1     244821    145.055    15.7382    15.7458    138.994  10200.833     1.8266     1.7338     4.9328     4.6215     0.0000     0.0000     1.8266         10  0.000e+00
      98.66     0.0410         10   4.494343      0.000    -1.8000   28.50042  -87.97494    139.923    119.957  242.42014  242.18433 1.1856e-01 1.5713e+01    201.268          1     244822    145.071    15.7406    15.7473    139.009  10200.875     1.8266     1.7338     4.9328     4.6203     0.0000     0.0000     1.8266         10  0.000e+00
      98.66     0.0400         10   4.494585     -0.678    -1.8000   28.50042  -87.97494    140.045    119.832  242.40902  242.17309 1.1856e-01 1.5715e+01    201.239          1     244823    145.119    15.7430    15.7489    139.057  10200.917     1.8278     1.7326     4.9328     4.6215     0.0000     0.0000     1.8278         10  0.000e+00
      98.66     0.0400         10   4.494728      0.678    -1.8000   28.50042  -87.97494    140.041    119.828  242.40189  242.16587 1.1856e-01 1.5717e+01    201.268          1     244824    145.167    15.7446    15.7505    139.104  10200.958     1.8278     1.7326     4.9328     4.6215     0.0000     0.0000     1.8278         10  0.000e+00
      98.66     0.0400         10   4.494813     -1.186    -1.8000   28.50042  -87.97494    140.037    119.822  242.39568  242.15958 1.1856e-01 1.5718e+01    201.218          1     244825    145.245    15.7461    15.7528    139.183  10201.000     1.8278     1.7326     4.9328     4.6215     0.0000     0.0000     1.8278         10  0.000e+00
      98.63     0.0400         10   4.494977      0.000    -1.8000   28.50042  -87.97494    140.033    119.818  242.38846  242.15228 1.1856e-01 1.5720e+01    201.218          1     244826    145.270    15.7476    15.7547    139.208  10201.042     1.8278     1.7326     4.9316     4.6215     0.0000     0.0000     1.8278         10  0.000e+00
      98.66     0.0400         10   4.495112      0.000    -1.8000   28.50042  -87.97494    140.029    119.936  242.38258  242.14633 1.1856e-01 1.5721e+01    201.218          1     244827    145.289    15.7488    15.7559    139.227  10201.083     1.8278     1.7338     4.9328     4.6215     0.0000     0.0000     1.8278         10  0.000e+00
      98.66     0.0410         10   4.495312      0.000    -1.8000   28.50042  -87.97494    139.895    119.933  242.37367  242.13732 1.1856e-01 1.5723e+01    201.218          1     244828    145.324    15.7507    15.7570    139.261  10201.125     1.8266     1.7338     4.9328     4.6203     0.0000     0.0000     1.8266         10  0.000e+00
      98.63     0.0410         10   4.495633     -1.186    -1.8000   28.50042  -87.97494    140.015    119.928  242.36008  242.12359 1.1856e-01 1.5725e+01    201.169          1     244829    145.355    15.7535    15.7585    139.293  10201.167     1.8278     1.7338     4.9316     4.6203     0.0000     0.0000     1.8278         10  0.000e+00
      98.66     0.0410         10   4.495953      1.186    -1.8000   28.50042  -87.97494    140.008    119.923  242.34669  242.11006 1.1856e-01 1.5728e+01    201.218          1     244830    145.388    15.7562    15.7607    139.324  10201.208     1.8278     1.7338     4.9328     4.6203     0.0000     0.0000     1.8278         10  0.000e+00
      98.63     0.0410         10   4.496117     -1.186    -1.8000   28.50042  -87.97494    140.003    119.917  242.33880  242.10208 1.1856e-01 1.5730e+01    201.169          1     244831    145.429    15.7579    15.7629    139.366  10201.250     1.8278     1.7338     4.9316     4.6203     0.0000     0.0000     1.8278         10  0.000e+00
      98.66     0.0410         10   4.496381      1.186    -1.8000   28.50042  -87.97494    139.998    119.794  242.32987  242.09307 1.1856e-01 1.5731e+01    201.218          1     244832    145.399    15.7595    15.7652    139.334  10201.292     1.8278     1.7326     4.9328     4.6203     0.0000     0.0000     1.8278         10  0.000e+00
      98.66     0.0410         10   4.496566     -2.033    -1.8000   28.50042  -87.97494    139.992    119.788  242.32125  242.08435 1.1856e-01 1.5733e+01    201.133          1     244833    145.434    15.7613    15.7674    139.371  10201.333     1.8278     1.7326     4.9328     4.6203     0.0000     0.0000     1.8278         10  0.000e+00
      98.58     0.0644         11   5.096084      1.184    -1.8000   28.50018  -87.97398    165.587    143.525  219.10948  218.66564 1.1856e-01 2.1018e+01    100.401          1     251455    233.984    21.0323    21.0328    230.436  10477.250     2.2576     2.1392     4.9292     4.5934     0.0000     0.0000     2.2576         11  0.000e+00
      98.61     0.0644         11   5.096136     -2.367    -1.8000   28.50018  -87.97398    165.584    143.525  219.10742  218.66357 1.1856e-01 2.1019e+01    100.302          1     251456    233.994    21.0329    21.0324    230.449  10477.292     2.2576     2.1392     4.9304     4.5934     0.0000     0.0000     2.2576         11  0.000e+00
      98.58     0.0644         11   5.096174      3.889    -1.8000   28.50018  -87.97398    165.701    143.529  219.10577  218.66191 1.1856e-01 2.1019e+01    100.464          1     251457    234.026    21.0333    21.0318    230.475  10477.333     2.2589     2.1392     4.9292     4.5934     0.0000     0.0000     2.2589         11  0.000e+00
      98.61     0.0633         11   5.096189     -2.706    -1.8000   28.50018  -87.97398    165.698    143.527  219.10495  218.66107 1.1856e-01 2.1019e+01    100.351          1     251458    234.030    21.0336    21.0317    230.483  10477.375     2.2589     2.1392     4.9304     4.5946     0.0000     0.0000     2.2589         11  0.000e+00
      98.61     0.0644         11   5.096181 5.3643e-07    -1.8000   28.50018  -87.97398    165.584    143.418  219.10652  218.66267 1.1856e-01 2.1019e+01    100.351          1     251459    233.984    21.0330    21.0320    230.437  10477.417     2.2576     2.1380     4.9304     4.5934     0.0000     0.0000     2.2576         11  0.000e+00
      98.58     0.0644         11   5.096159     -1.184    -1.8000   28.50018  -87.97398    165.584    143.525  219.10716  218.66331 1.1856e-01 2.1019e+01    100.302          1     251460    233.981    21.0329    21.0320    230.436  10477.458     2.2576     2.1392     4.9292     4.5934     0.0000     0.0000     2.2576         11  0.000e+00
      98.58     0.0644         11   5.096159      2.367    -1.8000   28.50018  -87.97398    165.585    143.420  219.10671  218.66285 1.1856e-01 2.1019e+01    100.401          1     251461    234.004    21.0330    21.0317    230.455  10477.500     2.2576     2.1380     4.9292     4.5934     0.0000     0.0000     2.2576         11  0.000e+00
      98.61     0.0644         11   5.095978     -1.015    -1.8000   28.50018  -87.97398    165.587    143.419  219.10989  218.66604 1.1856e-01 2.1018e+01    100.358          1     251462    234.070    21.0326    21.0319    230.523  10477.542     2.2576     2.1380     4.9304     4.5934     0.0000     0.0000     2.2576         11  0.000e+00
      98.58     0.0644         11   5.095836      1.015    -1.8000   28.50018  -87.97398    165.708    143.420  219.11605  218.67224 1.1856e-01 2.1017e+01    100.401          1     251463    234.006    21.0309    21.0316    230.458  10477.583     2.2589     2.1380     4.9292     4.5934     0.0000     0.0000     2.2589         11  0.000e+00
      98.58     0.0654         11   5.095701      0.000    -1.8000   28.50018  -87.97398    165.597    143.313  219.12230  218.67854 1.1856e-01 2.1015e+01    100.401          1     251464    233.928    21.0292    21.0313    230.380  10477.625     2.2576     2.1368     4.9292     4.5922     0.0000     0.0000     2.2576         11  0.000e+00
      98.58     0.0644         11   5.095708     -1.184    -1.8000   28.50018  -87.97398    165.711    143.312  219.12189  218.67813 1.1856e-01 2.1015e+01    100.351          1     251465    233.931    21.0293    21.0313    230.384  10477.667     2.2589     2.1368     4.9292     4.5934     0.0000     0.0000     2.2589         11  0.000e+00
      98.61     0.0644         11   5.095843      1.522    -1.8000   28.50018  -87.97398    165.594    143.313  219.11835  218.67458 1.1856e-01 2.1016e+01    100.415          1     251466    233.922    21.0300    21.0315    230.374  10477.708     2.2576     2.1368     4.9304     4.5934     0.0000     0.0000     2.2576         11  0.000e+00
      98.58     0.0644         11   5.095926     -0.338    -1.8000   28.50018  -87.97398    165.592    143.313  219.11609  218.67230 1.1856e-01 2.1016e+01    100.400          1     251467    233.917    21.0305    21.0315    230.368  10477.750     2.2576     2.1368     4.9292     4.5934     0.0000     0.0000     2.2576         11  0.000e+00
      98.58     0.0644         11   5.095956     -1.184    -1.8000   28.50018  -87.97398    165.589    143.312  219.11323  218.66941 1.1856e-01 2.1017e+01    100.351          1     251468    233.979    21.0315    21.0313    230.433  10477.792     2.2576     2.1368     4.9292     4.5934     0.0000     0.0000     2.2576         11  0.000e+00
      98.61     0.0633         11   5.095918      1.184    -1.8000   28.50018  -87.97398    165.707    143.203  219.11508  218.67128 1.1856e-01 2.1017e+01    100.400          1     251469    233.958    21.0309    21.0320    230.409  10477.833     2.2589     2.1355     4.9304     4.5946     0.0000     0.0000     2.2589         11  0.000e+00
      98.58     0.0633         11   5.095948 5.3643e-07    -1.8000   28.50018  -87.97398    165.706    143.202  219.11354  218.66973 1.1856e-01 2.1017e+01    100.400          1     251470    233.980    21.0314    21.0326    230.432  10477.875     2.2589     2.1355     4.9292     4.5946     0.0000     0.0000     2.2589         11  0.000e+00
      98.58     0.0644         11   5.096008      0.338    -1.8000   28.50018  -87.97398    165.589    143.309  219.11175  218.66793 1.1856e-01 2.1017e+01    100.415          1     251471    233.982    21.0318    21.0329    230.433  10477.917     2.2576     2.1368     4.9292     4.5934     0.0000     0.0000     2.2576         11  0.000e+00
      98.61     0.0644         11   5.096076      0.845    -1.8000   28.50018  -87.97398    165.589    143.202  219.11009  218.66625 1.1856e-01 2.1018e+01    100.450          1     251472    233.975    21.0321    21.0328    230.425  10477.958     2.2576     2.1355     4.9304     4.5934     0.0000     0.0000     2.2576         11  0.000e+00
      98.58     0.0644         11   5.096204     -2.367    -1.8000   28.50018  -87.97398    165.699    143.202  219.10626  218.66240 1.1856e-01 2.1019e+01    100.351          1     251473    233.971    21.0330    21.0322    230.424  10478.000     2.2589     2.1355     4.9292     4.5934     0.0000     0.0000     2.2589         11  0.000e+00
      98.58     0.0644         11   5.096219      2.367    -1.8000   28.50018  -87.97398    165.701    143.203  219.10554  218.66168 1.1856e-01 2.1019e+01    100.450          1     251474    233.988    21.0332    21.0322    230.438  10478.042     2.2589     2.1355     4.9292     4.5934     0.0000     0.0000     2.2589         11  0.000e+00
      98.58     0.0665         11   5.096136     -1.184    -1.8000   28.50018  -87.97398    165.586    143.201  219.10747  218.66362 1.1856e-01 2.1019e+01    100.400          1     251475    234.000    21.0329    21.0328    230.452  10478.083     2.2576     2.1355     4.9292     4.5910     0.0000     0.0000     2.2576         11  0.000e+00
      98.58     0.0676         11   5.096091      1.522    -1.8000   28.50018  -87.97398    165.704    143.202  219.10912  218.66528 1.1856e-01 2.1018e+01    100.464          1     251476    233.994    21.0324    21.0331    230.443  10478.125     2.2589     2.1355     4.9292     4.5897     0.0000     0.0000     2.2589         11  0.000e+00
      98.61     0.0665         11   5.096046     -1.522    -1.8000   28.50018  -87.97398    165.704    143.201  219.11041  218.66658 1.1856e-01 2.1018e+01    100.400          1     251477    233.990    21.0321    21.0329    230.441  10478.167     2.2589     2.1355     4.9304     4.5910     0.0000     0.0000     2.2589         11  0.000e+00
      98.58     0.0665         11   5.095918      1.184    -1.8000   28.50018  -87.97398    165.708    143.203  219.11531  218.67151 1.1856e-01 2.1017e+01    100.450          1     251478    233.954    21.0309    21.0322    230.404  10478.208     2.2589     2.1355     4.9292     4.5910     0.0000     0.0000     2.2589         11  0.000e+00
