test/data/CTD/g01mcan01c.ros
* Sea-Bird SBE 9 Data File:
* FileName = D:\CTD DATA\2013\PE13-01 DiMarco\G01MCAN01C.hex
* Software Version Seasave V 7.21g
* Temperature SN = 4515
* Conductivity SN = 3079
* Number of Bytes Per Scan = 40
* Number of Voltage Words = 5
* Number of Scans Averaged by the Deck Unit = 1
* NMEA Latitude = 28 22.52 N
* NMEA Longitude = 089 30.03 W
* NMEA UTC (Time) = Jul 11 2012  04:59:31
* NMEA baud rate = 4800
# nquan = 31
# nvalues = 490                                   
# units = specified
# name 0 = altM: Altimeter [m]
# name 1 = bat: Beam Attenuation, Chelsea/Seatech [1/m]
# name 2 = bpos: Bottle Position in Carousel
# name 3 = c0S/m: Conductivity [S/m]
# name 4 = dz/dtM: Descent Rate [m/s]
# name 5 = wetCDOM: Fluorescence, WET Labs CDOM [mg/m^3]
# name 6 = latitude: Latitude [deg]
# name 7 = longitude: Longitude [deg]
# name 8 = sbeox0Mm/Kg: Oxygen, SBE 43 [umol/kg]
# name 9 = sbeox1Mm/Kg: Oxygen, SBE 43, 2 [umol/kg]
# name 10 = oxsolMm/Kg: Oxygen Saturation, Garcia & Gordon [umol/kg]
# name 11 = oxsatMm/Kg: Oxygen Saturation, Weiss [umol/kg]
# name 12 = par: PAR/Irradiance, Biospherical/Licor
# name 13 = pla: Plume Anomaly
# name 14 = prDM: Pressure, Digiquartz [db]
# name 15 = pumps: Pump Status
# name 16 = scan: Scan Count
# name 17 = sva: Specific Volume Anomaly [10^-8 * m^3/kg]
# name 18 = t090C: Temperature [ITS-90, deg C]
# name 19 = t190C: Temperature, 2 [ITS-90, deg C]
# name 20 = tsa: Thermosteric Anomaly [10^-8 * m^3/kg]
# name 21 = timeS: Time, Elapsed [seconds]
# name 22 = v0: Voltage 0
# name 23 = v1: Voltage 1
# name 24 = v2: Voltage 2
# name 25 = v3: Voltage 3
# name 26 = v4: Voltage 4
# name 27 = v5: Voltage 5
# name 28 = sbeox0V: Oxygen raw, SBE 43 [V]
# name 29 = nbf: Bottles Fired
# name 30 = flag:  0.000e+00
# interval = seconds: 0.0416667
# start_time = Jul 11 2012 04:59:31 [NMEA time, header]
# bad_flag = -9.990e-29
*END*
[from data line 47]
      98.71     0.0825          1   3.495406     -1.368     3.7861   28.37768  -89.50632    147.631    125.154  297.80182  298.31356 1.4883e-01 6.3235e+00    706.607          1      35955     74.433     6.3873     6.3878     64.374   1498.083     1.5617     1.4823     4.9353     4.5726     0.0977     0.2234     1.5617          1  0.000e+00
      98.71     0.0836          1   3.495393      1.369     3.7861   28.37768  -89.50632    147.632    125.313  297.80241  298.31416 1.4840e-01 6.3234e+00    706.664          1      35956     74.442     6.3872     6.3877     64.382   1498.125     1.5617     1.4835     4.9353     4.5714     0.0965     0.2234     1.5617          1  0.000e+00
      98.71     0.0740          2   3.574217     -2.048     3.8166   28.37786  -89.50694    133.542    113.266  291.81392  292.22673 1.4384e-01 7.2116e+00    605.588          1      40681     83.722     7.2694     7.2696     74.050   1695.000     1.4945     1.4212     4.9353     4.5824     0.0830     0.2247     1.4945          2  0.000e+00
      98.71     0.0750          2   3.574204      0.683     3.8166   28.37786  -89.50694    133.378    113.266  291.81364  292.22642 1.4384e-01 7.2117e+00    605.617          1      40682     83.746     7.2695     7.2696     74.074   1695.042     1.4933     1.4212     4.9353     4.5812     0.0830     0.2247     1.4933          2  0.000e+00
      98.73     0.0740          2   3.574211      0.512     3.8166   28.37786  -89.50694    133.378    113.266  291.81351  292.22629 1.4384e-01 7.2117e+00    605.638          1      40683     83.742     7.2695     7.2696     74.070   1695.083     1.4933     1.4212     4.9365     4.5824     0.0830     0.2247     1.4933          2  0.000e+00
      98.71     0.0740          2   3.574224     -1.707     3.8166   28.37786  -89.50694    133.376    113.265  291.81231  292.22508 1.4425e-01 7.2119e+00    605.567          1      40684     83.744     7.2697     7.2698     74.073   1695.125     1.4933     1.4212     4.9353     4.5824     0.0842     0.2247     1.4933          2  0.000e+00
      98.71     0.0740          2   3.574230      0.512     3.7250   28.37786  -89.50694    133.542    113.266  291.81300  292.22579 1.4384e-01 7.2117e+00    605.588          1      40685     83.724     7.2695     7.2694     74.052   1695.167     1.4945     1.4212     4.9353     4.5824     0.0830     0.2210     1.4945          2  0.000e+00
      98.71     0.0740          2   3.574250     -0.512     3.6945   28.37786  -89.50694    133.376    113.265  291.81109  292.22384 1.4384e-01 7.2120e+00    605.567          1      40686     83.735     7.2699     7.2696     74.064   1695.208     1.4933     1.4212     4.9353     4.5824     0.0830     0.2198     1.4933          2  0.000e+00
      98.71     0.0740          2   3.574237      0.000     3.6945   28.37786  -89.50694    133.541    113.265  291.81139  292.22414 1.4425e-01 7.2120e+00    605.567          1      40687     83.746     7.2699     7.2696     74.074   1695.250     1.4945     1.4212     4.9353     4.5824     0.0842     0.2198     1.4945          2  0.000e+00
      98.71     0.0750          2   3.574250     -0.853     3.6945   28.37786  -89.50694    133.375    113.265  291.81023  292.22296 1.4384e-01 7.2122e+00    605.531          1      40688     83.750     7.2700     7.2696     74.079   1695.292     1.4933     1.4212     4.9353     4.5812     0.0830     0.2198     1.4933          2  0.000e+00
      98.71     0.0740          2   3.574250      0.854     3.6945   28.37786  -89.50694    133.540    113.264  291.81109  292.22384 1.4425e-01 7.2120e+00    605.567          1      40689     83.735     7.2699     7.2699     74.064   1695.333     1.4945     1.4212     4.9353     4.5824     0.0842     0.2198     1.4945          2  0.000e+00
      98.71     0.0740          2   3.574282      0.512     3.6945   28.37786  -89.50694    133.540    113.265  291.80892  292.22164 1.4384e-01 7.2124e+00    605.588          1      40690     83.739     7.2702     7.2699     74.067   1695.375     1.4945     1.4212     4.9353     4.5824     0.0830     0.2198     1.4945          2  0.000e+00
      98.71     0.0750          2   3.574295     -0.512     3.6945   28.37786  -89.50694    133.538    113.265  291.80634  292.21899 1.4425e-01 7.2129e+00    605.567          1      40691     83.772     7.2707     7.2699     74.100   1695.417     1.4945     1.4212     4.9353     4.5812     0.0842     0.2198     1.4945          2  0.000e+00
      98.71     0.0750          2   3.574295      0.512     3.6945   28.37786  -89.50694    133.373    113.265  291.80554  292.21817 1.4384e-01 7.2130e+00    605.588          1      40692     83.790     7.2709     7.2699     74.117   1695.458     1.4933     1.4212     4.9353     4.5812     0.0830     0.2198     1.4933          2  0.000e+00
      98.71     0.0740          2   3.574367     -1.707     3.6945   28.37786  -89.50694    133.536    113.264  291.80318  292.21582 1.4343e-01 7.2132e+00    605.517          1      40693     83.741     7.2710     7.2700     74.069   1695.500     1.4945     1.4212     4.9353     4.5824     0.0818     0.2198     1.4945          2  0.000e+00
      98.71     0.0740          2   3.574439      0.342     3.6945   28.37786  -89.50694    133.534    113.263  291.79927  292.21186 1.4384e-01 7.2137e+00    605.531          1      40694     83.729     7.2715     7.2701     74.056   1695.542     1.4945     1.4212     4.9353     4.5824     0.0830     0.2198     1.4945          2  0.000e+00
      98.71     0.0740          2   3.574491     -0.341     3.6945   28.37786  -89.50694    133.532    113.261  291.79600  292.20853 1.4384e-01 7.2141e+00    605.517          1      40695     83.728     7.2720     7.2707     74.054   1695.583     1.4945     1.4212     4.9353     4.5824     0.0830     0.2198     1.4945          2  0.000e+00
      98.73     0.0740          2   3.574543      0.342     3.6945   28.37786  -89.50694    133.531    113.107  291.79172  292.20418 1.4384e-01 7.2148e+00    605.531          1      40696     83.748     7.2727     7.2714     74.073   1695.625     1.4945     1.4200     4.9365     4.5824     0.0830     0.2198     1.4945          2  0.000e+00
      98.73     0.0750          2   3.574556     -0.341     3.6945   28.37786  -89.50694    133.364    113.105  291.78935  292.20175 1.4384e-01 7.2153e+00    605.517          1      40697     83.777     7.2731     7.2722     74.103   1695.667     1.4933     1.4200     4.9365     4.5812     0.0830     0.2198     1.4933          2  0.000e+00
      98.71     0.0750          2   3.574556      0.342     3.6945   28.37786  -89.50694    133.363    113.257  291.78711  292.19944 1.4384e-01 7.2158e+00    605.531          1      40698     83.823     7.2736     7.2725     74.148   1695.708     1.4933     1.4212     4.9353     4.5812     0.0830     0.2198     1.4933          2  0.000e+00
      98.71     0.0740          2   3.574575     -0.341     3.6945   28.37786  -89.50694    133.363    113.256  291.78664  292.19898 1.4425e-01 7.2158e+00    605.517          1      40699     83.807     7.2736     7.2726     74.132   1695.750     1.4933     1.4212     4.9353     4.5824     0.0842     0.2198     1.4933          2  0.000e+00
      98.71     0.0740          2   3.574588     -0.853     3.6945   28.37786  -89.50696    133.527    113.103  291.78569  292.19801 1.4384e-01 7.2159e+00    605.482          1      40700     83.807     7.2738     7.2725     74.132   1695.792     1.4945     1.4200     4.9353     4.5824     0.0830     0.2198     1.4945          2  0.000e+00
      98.71     0.0750          2   3.574569     -0.512     3.6945   28.37786  -89.50696    133.362    113.103  291.78756  292.19992 1.4384e-01 7.2156e+00    605.460          1      40701     83.793     7.2735     7.2726     74.119   1695.833     1.4933     1.4200     4.9353     4.5812     0.0830     0.2198     1.4933          2  0.000e+00
      98.73     0.0740          2   3.574582      0.512     3.6945   28.37786  -89.50696    133.527    113.103  291.78727  292.19964 1.4384e-01 7.2156e+00    605.482          1      40702     83.783     7.2735     7.2729     74.109   1695.875     1.4945     1.4200     4.9365     4.5824     0.0830     0.2198     1.4945          2  0.000e+00
      98.71     0.0750          2   3.574536     -0.512     3.6945   28.37786  -89.50696    133.363    113.253  291.78831  292.20067 1.4303e-01 7.2156e+00    605.460          1      40703     83.819     7.2735     7.2734     74.145   1695.917     1.4933     1.4212     4.9353     4.5812     0.0806     0.2198     1.4933          2  0.000e+00
      98.73     0.0740          2   3.574523     -0.853     3.6945   28.37786  -89.50696    133.528    113.100  291.79002  292.20241 1.4384e-01 7.2153e+00    605.425          1      40704     83.799     7.2731     7.2735     74.126   1695.958     1.4945     1.4200     4.9365     4.5824     0.0830     0.2198     1.4945          2  0.000e+00
      98.71     0.0740          2   3.574497     -0.341     3.6945   28.37786  -89.50696    133.528    113.250  291.79061  292.20300 1.4384e-01 7.2153e+00    605.411          1      40705     83.819     7.2731     7.2743     74.147   1696.000     1.4945     1.4212     4.9353     4.5824     0.0830     0.2198     1.4945          2  0.000e+00
      98.71     0.0740          2   3.574491      0.342     3.6945   28.37786  -89.50696    133.529    113.249  291.79283  292.20527 1.4384e-01 7.2148e+00    605.425          1      40706     83.784     7.2727     7.2748     74.112   1696.042     1.4945     1.4212     4.9353     4.5824     0.0830     0.2198     1.4945          2  0.000e+00
      98.71     0.0740          2   3.574523      0.854     3.6945   28.37786  -89.50696    133.364    113.248  291.79149  292.20392 1.4384e-01 7.2150e+00    605.460          1      40707     83.772     7.2728     7.2754     74.099   1696.083     1.4933     1.4212     4.9353     4.5824     0.0830     0.2198     1.4933          2  0.000e+00
      98.73     0.0740          2   3.574549     -2.048     3.6945   28.37786  -89.50696    133.362    113.247  291.78936  292.20176 1.4425e-01 7.2153e+00    605.375          1      40708     83.775     7.2731     7.2752     74.103   1696.125     1.4933     1.4212     4.9365     4.5824     0.0842     0.2198     1.4933          2  0.000e+00
      98.71     0.0750          2   3.574556      0.854     3.6945   28.37786  -89.50696    133.362    113.248  291.78924  292.20165 1.4384e-01 7.2153e+00    605.411          1      40709     83.772     7.2731     7.2752     74.099   1696.167     1.4933     1.4212     4.9353     4.5812     0.0830     0.2198     1.4933          2  0.000e+00
      98.71     0.0740          2   3.574575      0.342     3.6945   28.37786  -89.50696    133.362    113.096  291.78737  292.19973 1.4343e-01 7.2156e+00    605.425          1      40710     83.786     7.2735     7.2753     74.112   1696.208     1.4933     1.4200     4.9353     4.5824     0.0818     0.2198     1.4933          2  0.000e+00
      98.71     0.0750          2   3.574588     -1.536     3.6945   28.37786  -89.50696    133.360    113.095  291.78700  292.19937 1.4425e-01 7.2156e+00    605.361          1      40711     83.772     7.2735     7.2752     74.099   1696.250     1.4933     1.4200     4.9353     4.5812     0.0842     0.2198     1.4933          2  0.000e+00
      98.73     0.0740          2   3.574608      0.342     3.7556   28.37786  -89.50696    133.525    113.095  291.78656  292.19893 1.4384e-01 7.2156e+00    605.375          1      40712     83.757     7.2735     7.2752     74.084   1696.292     1.4945     1.4200     4.9365     4.5824     0.0830     0.2222     1.4945          2  0.000e+00
      98.71     0.0740          2   3.574627     -0.341     3.8166   28.37786  -89.50696    133.523    113.095  291.78240  292.19467 1.4425e-01 7.2165e+00    605.361          1      40713     83.814     7.2743     7.2752     74.141   1696.333     1.4945     1.4200     4.9353     4.5824     0.0842     0.2247     1.4945          2  0.000e+00
      98.71     0.0750          2   3.574673      0.342     3.8166   28.37786  -89.50696    133.357    113.246  291.77992  292.19215 1.4384e-01 7.2168e+00    605.375          1      40714     83.807     7.2746     7.2755     74.133   1696.375     1.4933     1.4212     4.9353     4.5812     0.0830     0.2247     1.4933          2  0.000e+00
      98.71     0.0750          2   3.574705     -0.341     3.8166   28.37786  -89.50696    133.357    113.245  291.77915  292.19139 1.4384e-01 7.2168e+00    605.361          1      40715     83.780     7.2746     7.2759     74.106   1696.417     1.4933     1.4212     4.9353     4.5812     0.0830     0.2247     1.4933          2  0.000e+00
      98.71     0.0740          2   3.574712     -0.853     3.8471   28.37786  -89.50696    133.521    113.245  291.77978  292.19205 1.4384e-01 7.2166e+00    605.325          1      40716     83.757     7.2744     7.2758     74.083   1696.458     1.4945     1.4212     4.9353     4.5824     0.0830     0.2259     1.4945          2  0.000e+00
      98.71     0.0740          2   3.574692     -0.512     3.8166   28.37786  -89.50696    133.521    113.245  291.77939  292.19163 1.4384e-01 7.2168e+00    605.304          1      40717     83.788     7.2746     7.2757     74.115   1696.500     1.4945     1.4212     4.9353     4.5824     0.0830     0.2247     1.4945          2  0.000e+00
      98.71     0.0729          2   3.574764      0.512     3.8166   28.37786  -89.50696    133.518    113.245  291.77344  292.18557 1.4425e-01 7.2177e+00    605.325          1      40718     83.817     7.2756     7.2757     74.143   1696.542     1.4945     1.4212     4.9353     4.5836     0.0842     0.2247     1.4945          2  0.000e+00
      98.71     0.0729          2   3.574777      0.854     3.8166   28.37786  -89.50696    133.519    113.245  291.77317  292.18531 1.4384e-01 7.2177e+00    605.361          1      40719     83.808     7.2756     7.2757     74.133   1696.583     1.4945     1.4212     4.9353     4.5836     0.0830     0.2247     1.4945          2  0.000e+00
      98.71     0.0740          2   3.574705     -2.560     3.8166   28.37786  -89.50696    133.518    113.243  291.77535  292.18748 1.4343e-01 7.2176e+00    605.254          1      40720     83.848     7.2754     7.2758     74.176   1696.625     1.4945     1.4212     4.9353     4.5824     0.0818     0.2247     1.4945          2  0.000e+00
      98.71     0.0740          2   3.574705      1.707     3.8166   28.37786  -89.50696    133.520    113.244  291.77706  292.18924 1.4384e-01 7.2172e+00    605.325          1      40721     83.819     7.2751     7.2760     74.146   1696.667     1.4945     1.4212     4.9353     4.5824     0.0830     0.2247     1.4945          2  0.000e+00
      98.71     0.0729          2   3.574712     -1.707     3.8166   28.37786  -89.50696    133.354    113.092  291.77683  292.18902 1.4384e-01 7.2172e+00    605.254          1      40722     83.810     7.2751     7.2757     74.138   1696.708     1.4933     1.4200     4.9353     4.5836     0.0830     0.2247     1.4933          2  0.000e+00
      98.73     0.0740          2   3.574712      1.707     3.8166   28.37786  -89.50696    133.355    113.244  291.77752  292.18973 1.4425e-01 7.2171e+00    605.325          1      40723     83.802     7.2749     7.2759     74.128   1696.750     1.4933     1.4212     4.9365     4.5824     0.0842     0.2247     1.4933          2  0.000e+00
      98.71     0.0740          2   3.574725     -1.707     3.8166   28.37786  -89.50696    133.353    113.243  291.77633  292.18851 1.4384e-01 7.2173e+00    605.254          1      40724     83.804     7.2751     7.2761     74.131   1696.792     1.4933     1.4212     4.9353     4.5824     0.0830     0.2247     1.4933          2  0.000e+00
