test/data/CTD/g01mcan01c.ros
* Sea-Bird SBE 9 Data File:
* FileName = D:\CTD DATA\2013\PE13-01 DiMarco\G01MCAN01C.hex
* Software Version Seasave V 7.21g
* Temperature SN = 4515
* Conductivity SN = 3079
* Number of Bytes Per Scan = 40
* Number of Voltage Words = 5
* Number of Scans Averaged by the Deck Unit = 1
* NMEA Latitude = 28 22.52 N
* NMEA Longitude = 089 30.03 W
* NMEA UTC (Time) = Jul 11 2012  04:59:31
* NMEA baud rate = 4800
# nquan = 31
# nvalues = 490                                   
# units = specified
# name 0 = altM: Altimeter [m]
# name 1 = bat: Beam Attenuation, Chelsea/Seatech [1/m]
# name 2 = bpos: Bottle Position in Carousel
# name 3 = c0S/m: Conductivity [S/m]
# name 4 = dz/dtM: Descent Rate [m/s]
# name 5 = wetCDOM: Fluorescence, WET Labs CDOM [mg/m^3]
# name 6 = latitude: Latitude [deg]
# name 7 = longitude: Longitude [deg]
# name 8 = sbeox0Mm/Kg: Oxygen, SBE 43 [umol/kg]
# name 9 = sbeox1Mm/Kg: Oxygen, SBE 43, 2 [umol/kg]
# name 10 = oxsolMm/Kg: Oxygen Saturation, Garcia & Gordon [umol/kg]
# name 11 = oxsatMm/Kg: Oxygen Saturation, Weiss [umol/kg]
# name 12 = par: PAR/Irradiance, Biospherical/Licor
# name 13 = pla: Plume Anomaly
# name 14 = prDM: Pressure, Digiquartz [db]
# name 15 = pumps: Pump Status
# name 16 = scan: Scan Count
# name 17 = sva: Specific Volume Anomaly [10^-8 * m^3/kg]
# name 18 = t090C: Temperature [ITS-90, deg C]
# name 19 = t190C: Temperature, 2 [ITS-90, deg C]
# name 20 = tsa: Thermosteric Anomaly [10^-8 * m^3/kg]
# name 21 = timeS: Time, Elapsed [seconds]
# name 22 = v0: Voltage 0
# name 23 = v1: Voltage 1
# name 24 = v2: Voltage 2
# name 25 = v3: Voltage 3
# name 26 = v4: Voltage 4
# name 27 = v5: Voltage 5
# name 28 = sbeox0V: Oxygen raw, SBE 43 [V]
# name 29 = nbf: Bottles Fired
# name 30 = flag:  0.000e+00
# interval = seconds: 0.0416667
# start_time = Jul 11 2012 04:59:31 [NMEA time, header]
# bad_flag = -9.990e-29
*END*
[from data line 141]
      98.71     0.0591          3   3.694710     -1.192     3.7556   28.37802  -89.50762    124.108    105.267  283.56772  283.85323 1.3745e-01 8.4683e+00    504.469          1      45404     94.019     8.5203     8.5224     84.747   1891.792     1.4652     1.3944     4.9353     4.5995     0.0635     0.2222     1.4652          3  0.000e+00
      98.73     0.0580          3   3.694697      1.193     3.8166   28.37802  -89.50762    124.108    105.269  283.56633  283.85179 1.3745e-01 8.4687e+00    504.519          1      45405     94.068     8.5207     8.5222     84.795   1891.833     1.4652     1.3944     4.9365     4.6007     0.0635     0.2247     1.4652          3  0.000e+00
      98.71     0.0580          3   3.694717     -1.192     3.8166   28.37802  -89.50762    124.108    105.269  283.56700  283.85250 1.3745e-01 8.4685e+00    504.469          1      45406     94.026     8.5205     8.5215     84.753   1891.875     1.4652     1.3944     4.9353     4.6007     0.0635     0.2247     1.4652          3  0.000e+00
      98.71     0.0580          3   3.694776      0.000     3.8166   28.37802  -89.50762    123.948    105.270  283.56361  283.84906 1.3745e-01 8.4690e+00    504.469          1      45407     94.024     8.5210     8.5212     84.751   1891.917     1.4640     1.3944     4.9353     4.6007     0.0635     0.2247     1.4640          3  0.000e+00
      98.73     0.0580          3   3.694769      0.000     3.8166   28.37802  -89.50762    124.107    105.271  283.56432  283.84979 1.3667e-01 8.4688e+00    504.469          1      45408     94.017     8.5208     8.5209     84.744   1891.958     1.4652     1.3944     4.9365     4.6007     0.0611     0.2247     1.4652          3  0.000e+00
      98.73     0.0569          3   3.694763      1.193     3.8166   28.37802  -89.50762    124.107    105.272  283.56241  283.84782 1.3745e-01 8.4693e+00    504.519          1      45409     94.069     8.5213     8.5206     84.795   1892.000     1.4652     1.3944     4.9365     4.6020     0.0635     0.2247     1.4652          3  0.000e+00
      98.73     0.0569          4   3.872107      1.361     3.6335   28.37818  -89.50816    122.451    103.998  272.76990  272.90158 1.3667e-01 1.0192e+01    403.854          1      49497    105.222    10.2377    10.2375     96.520   2062.333     1.5043     1.4310     4.9365     4.6020     0.0611     0.2173     1.5043          4  0.000e+00
      98.71     0.0569          4   3.872134     -3.741     3.6335   28.37818  -89.50816    122.448    103.996  272.76784  272.89950 1.3667e-01 1.0192e+01    403.698          1      49498    105.225    10.2381    10.2375     96.526   2062.375     1.5043     1.4310     4.9353     4.6020     0.0611     0.2173     1.5043          4  0.000e+00
      98.71     0.0559          4   3.872148      2.381     3.6335   28.37818  -89.50816    122.449    103.999  272.76680  272.89843 1.3667e-01 1.0193e+01    403.797          1      49499    105.240    10.2383    10.2370     96.539   2062.417     1.5043     1.4310     4.9353     4.6032     0.0611     0.2173     1.5043          4  0.000e+00
      98.71     0.0569          4   3.872114     -2.381     3.6335   28.37818  -89.50816    122.448    103.996  272.76772  272.89936 1.3667e-01 1.0193e+01    403.698          1      49500    105.252    10.2382    10.2375     96.553   2062.458     1.5043     1.4310     4.9353     4.6020     0.0611     0.2173     1.5043          4  0.000e+00
      98.71     0.0580          4   3.872114      1.191     3.6335   28.37818  -89.50816    122.449    103.996  272.76811  272.89976 1.3667e-01 1.0192e+01    403.747          1      49501    105.247    10.2381    10.2377     96.547   2062.500     1.5043     1.4310     4.9353     4.6007     0.0611     0.2173     1.5043          4  0.000e+00
      98.71     0.0591          4   3.872161      0.000     3.6945   28.37818  -89.50816    122.299    103.996  272.76735  272.89901 1.3667e-01 1.0192e+01    403.747          1      49502    105.208    10.2381    10.2380     96.507   2062.542     1.5031     1.4310     4.9353     4.5995     0.0611     0.2198     1.5031          4  0.000e+00
      98.71     0.0580          4   3.872134      0.681     3.7250   28.37818  -89.50816    122.450    103.995  272.76843  272.90010 1.3667e-01 1.0192e+01    403.776          1      49503    105.218    10.2380    10.2383     96.517   2062.583     1.5043     1.4310     4.9353     4.6007     0.0611     0.2210     1.5043          4  0.000e+00
      98.71     0.0591          4   3.872134     -0.680     3.7250   28.37818  -89.50816    122.449    103.995  272.76858  272.90025 1.3667e-01 1.0192e+01    403.747          1      49504    105.212    10.2379    10.2380     96.512   2062.625     1.5043     1.4310     4.9353     4.5995     0.0611     0.2210     1.5043          4  0.000e+00
      98.71     0.0591          4   3.872121      1.191     3.7250   28.37818  -89.50816    122.450    103.997  272.76959  272.90127 1.3667e-01 1.0192e+01    403.797          1      49505    105.209    10.2377    10.2378     96.508   2062.667     1.5043     1.4310     4.9353     4.5995     0.0611     0.2210     1.5043          4  0.000e+00
      98.73     0.0580          4   3.872107     -1.190     3.7250   28.37818  -89.50816    122.450    103.996  272.76964  272.90132 1.3667e-01 1.0192e+01    403.748          1      49506    105.221    10.2378    10.2378     96.521   2062.708     1.5043     1.4310     4.9365     4.6007     0.0611     0.2210     1.5043          4  0.000e+00
      98.73     0.0580          4   3.872141      0.000     3.7250   28.37818  -89.50816    122.449    103.996  272.76914  272.90083 1.3667e-01 1.0192e+01    403.748          1      49507    105.192    10.2377    10.2377     96.492   2062.750     1.5043     1.4310     4.9365     4.6007     0.0611     0.2210     1.5043          4  0.000e+00
      98.71     0.0591          4   3.872114      1.191     3.7250   28.37818  -89.50816    122.450    104.135  272.76885  272.90051 1.3667e-01 1.0192e+01    403.797          1      49508    105.234    10.2380    10.2377     96.533   2062.792     1.5043     1.4322     4.9353     4.5995     0.0611     0.2210     1.5043          4  0.000e+00
      98.73     0.0591          4   3.872114     -1.190     3.7250   28.37818  -89.50816    122.449    103.997  272.76898  272.90065 1.3667e-01 1.0192e+01    403.748          1      49509    105.227    10.2379    10.2375     96.527   2062.833     1.5043     1.4310     4.9365     4.5995     0.0611     0.2210     1.5043          4  0.000e+00
      98.71     0.0591          4   3.872080      1.191     3.7250   28.37818  -89.50816    122.451    103.999  272.77073  272.90242 1.3667e-01 1.0192e+01    403.797          1      49510    105.232    10.2377    10.2370     96.531   2062.875     1.5043     1.4310     4.9353     4.5995     0.0611     0.2210     1.5043          4  0.000e+00
      98.71     0.0591          4   3.872080     -1.190     3.7250   28.37818  -89.50816    122.450    103.997  272.77034  272.90202 1.3667e-01 1.0192e+01    403.748          1      49511    105.237    10.2377    10.2375     96.537   2062.917     1.5043     1.4310     4.9353     4.5995     0.0611     0.2210     1.5043          4  0.000e+00
      98.71     0.0591          4   3.872074      0.680     3.7250   28.37818  -89.50816    122.451    103.998  272.77172  272.90343 1.3667e-01 1.0192e+01    403.776          1      49512    105.216    10.2374    10.2372     96.516   2062.958     1.5043     1.4310     4.9353     4.5995     0.0611     0.2210     1.5043          4  0.000e+00
      98.71     0.0591          4   3.872054     -0.680     3.7250   28.37818  -89.50816    122.301    103.998  272.77192  272.90362 1.3667e-01 1.0192e+01    403.748          1      49513    105.233    10.2375    10.2370     96.534   2063.000     1.5031     1.4310     4.9353     4.5995     0.0611     0.2210     1.5031          4  0.000e+00
      98.71     0.0580          4   3.872114      1.191     3.7556   28.37818  -89.50816    122.450    103.999  272.76972  272.90140 1.3667e-01 1.0192e+01    403.797          1      49514    105.214    10.2377    10.2367     96.513   2063.042     1.5043     1.4310     4.9353     4.6007     0.0611     0.2222     1.5043          4  0.000e+00
      98.73     0.0591          4   3.872101      0.000     3.7250   28.37818  -89.50816    122.451    103.999  272.77033  272.90202 1.3667e-01 1.0192e+01    403.797          1      49515    105.217    10.2377    10.2370     96.516   2063.083     1.5043     1.4310     4.9365     4.5995     0.0611     0.2210     1.5043          4  0.000e+00
      98.71     0.0591          4   3.872127      0.000     3.7250   28.37818  -89.50816    122.451    103.998  272.77067  272.90239 1.3667e-01 1.0192e+01    403.797          1      49516    105.177    10.2374    10.2374     96.476   2063.125     1.5043     1.4310     4.9353     4.5995     0.0611     0.2210     1.5043          4  0.000e+00
      98.73     0.0591          4   3.872047      0.000     3.7556   28.37818  -89.50816    122.303    104.135  272.77401  272.90575 1.3667e-01 1.0191e+01    403.797          1      49517    105.198    10.2370    10.2380     96.498   2063.167     1.5031     1.4322     4.9365     4.5995     0.0611     0.2222     1.5031          4  0.000e+00
      98.71     0.0580          4   3.872000      0.000     3.7250   28.37818  -89.50816    122.452    103.996  272.77320  272.90490 1.3667e-01 1.0192e+01    403.797          1      49518    105.272    10.2374    10.2382     96.572   2063.208     1.5043     1.4310     4.9353     4.6007     0.0611     0.2210     1.5043          4  0.000e+00
      98.71     0.0591          4   3.872060      0.000     3.6945   28.37818  -89.50816    122.452    103.996  272.77270  272.90442 1.3706e-01 1.0192e+01    403.797          1      49519    105.212    10.2373    10.2382     96.511   2063.250     1.5043     1.4310     4.9353     4.5995     0.0623     0.2198     1.5043          4  0.000e+00
      98.71     0.0591          4   3.872020      0.000     3.7250   28.37818  -89.50816    122.453    103.995  272.77454  272.90628 1.3706e-01 1.0191e+01    403.797          1      49520    105.218    10.2370    10.2383     96.518   2063.292     1.5043     1.4310     4.9353     4.5995     0.0623     0.2210     1.5043          4  0.000e+00
      98.71     0.0591          4   3.872013     -0.510     3.7250   28.37818  -89.50816    122.303    103.995  272.77570  272.90747 1.3667e-01 1.0191e+01    403.776          1      49521    105.199    10.2367    10.2382     96.499   2063.333     1.5031     1.4310     4.9353     4.5995     0.0611     0.2210     1.5031          4  0.000e+00
      98.71     0.0580          4   3.872000      0.510     3.7250   28.37818  -89.50816    122.454    103.995  272.77633  272.90810 1.3628e-01 1.0191e+01    403.797          1      49522    105.202    10.2366    10.2383     96.502   2063.375     1.5043     1.4310     4.9353     4.6007     0.0598     0.2210     1.5043          4  0.000e+00
      98.71     0.0580          4   3.871960      1.361     3.7250   28.37818  -89.50816    122.305    103.858  272.77804  272.90984 1.3667e-01 1.0191e+01    403.854          1      49523    105.216    10.2364    10.2382     96.515   2063.417     1.5031     1.4298     4.9353     4.6007     0.0611     0.2210     1.5031          4  0.000e+00
      98.71     0.0580          4   3.871960      0.000     3.7250   28.37818  -89.50816    122.305    103.996  272.77787  272.90966 1.3667e-01 1.0191e+01    403.854          1      49524    105.220    10.2365    10.2383     96.519   2063.458     1.5031     1.4310     4.9353     4.6007     0.0611     0.2210     1.5031          4  0.000e+00
      98.71     0.0580          4   3.871980     -1.360     3.7250   28.37818  -89.50816    122.454    103.996  272.77638  272.90814 1.3667e-01 1.0191e+01    403.797          1      49525    105.225    10.2367    10.2382     96.525   2063.500     1.5043     1.4310     4.9353     4.6007     0.0611     0.2210     1.5043          4  0.000e+00
      98.71     0.0580          4   3.871993      1.361     3.7250   28.37818  -89.50816    122.455    103.996  272.77668  272.90846 1.3667e-01 1.0191e+01    403.854          1      49526    105.207    10.2366    10.2383     96.505   2063.542     1.5043     1.4310     4.9353     4.6007     0.0611     0.2210     1.5043          4  0.000e+00
      98.71     0.0580          4   3.871986     -1.360     3.7250   28.37818  -89.50816    122.454    103.995  272.77729  272.90908 1.3667e-01 1.0191e+01    403.797          1      49527    105.197    10.2365    10.2385     96.497   2063.583     1.5043     1.4310     4.9353     4.6007     0.0611     0.2210     1.5043          4  0.000e+00
      98.71     0.0569          4   3.871946      1.361     3.7250   28.37818  -89.50816    122.456    103.995  272.77901  272.91081 1.3667e-01 1.0191e+01    403.854          1      49528    105.210    10.2362    10.2388     96.509   2063.625     1.5043     1.4310     4.9353     4.6020     0.0611     0.2210     1.5043          4  0.000e+00
      98.71     0.0580          4   3.871893      1.191     3.6945   28.37818  -89.50816    122.458    103.996  272.78307  272.91494 1.3667e-01 1.0190e+01    403.904          1      49529    105.187    10.2355    10.2388     96.485   2063.667     1.5043     1.4310     4.9353     4.6007     0.0611     0.2198     1.5043          4  0.000e+00
      98.71     0.0580          4   3.871866     -1.870     3.6945   28.37818  -89.50816    122.308    103.995  272.78388  272.91576 1.3667e-01 1.0190e+01    403.826          1      49530    105.195    10.2354    10.2386     96.495   2063.708     1.5031     1.4310     4.9353     4.6007     0.0611     0.2198     1.5031          4  0.000e+00
      98.71     0.0580          4   3.871825      1.871     3.6945   28.37818  -89.50816    122.460    103.997  272.78631  272.91822 1.3667e-01 1.0189e+01    403.904          1      49531    105.194    10.2350    10.2385     96.493   2063.750     1.5043     1.4310     4.9353     4.6007     0.0611     0.2198     1.5043          4  0.000e+00
      98.71     0.0580          4   3.871872     -1.190     3.6945   28.37818  -89.50816    122.458    103.998  272.78429  272.91619 1.3667e-01 1.0190e+01    403.854          1      49532    105.180    10.2353    10.2377     96.479   2063.792     1.5043     1.4310     4.9353     4.6007     0.0611     0.2198     1.5043          4  0.000e+00
      98.73     0.0569          4   3.871859      1.191     3.6945   28.37818  -89.50816    122.459    104.000  272.78460  272.91649 1.3667e-01 1.0190e+01    403.904          1      49533    105.193    10.2353    10.2372     96.491   2063.833     1.5043     1.4310     4.9365     4.6020     0.0611     0.2198     1.5043          4  0.000e+00
      98.71     0.0580          4   3.871859     -1.190     3.6945   28.37818  -89.50816    122.459    104.000  272.78508  272.91699 1.3667e-01 1.0189e+01    403.854          1      49534    105.178    10.2351    10.2365     96.478   2063.875     1.5043     1.4310     4.9353     4.6007     0.0611     0.2198     1.5043          4  0.000e+00
      98.71     0.0580          4   3.871872      1.191     3.6945   28.37818  -89.50816    122.459    104.002  272.78503  272.91694 1.3667e-01 1.0189e+01    403.904          1      49535    105.167    10.2351    10.2360     96.466   2063.917     1.5043     1.4310     4.9353     4.6007     0.0611     0.2198     1.5043          4  0.000e+00
      98.71     0.0580          4   3.871866      0.000     3.6945   28.37818  -89.50816    122.310    104.004  272.78551  272.91743 1.3667e-01 1.0189e+01    403.904          1      49536    105.164    10.2350    10.2355     96.463   2063.958     1.5031     1.4310     4.9353     4.6007     0.0611     0.2198     1.5031          4  0.000e+00
