test/data/CTD/g01mcan01c.ros
* Sea-Bird SBE 9 Data File:
* FileName = D:\CTD DATA\2013\PE13-01 DiMarco\G01MCAN01C.hex
* Software Version Seasave V 7.21g
* Temperature SN = 4515
* Conductivity SN = 3079
* Number of Bytes Per Scan = 40
* Number of Voltage Words = 5
* Number of Scans Averaged by the Deck Unit = 1
* NMEA Latitude = 28 22.52 N
* NMEA Longitude = 089 30.03 W
* NMEA UTC (Time) = Jul 11 2012  04:59:31
* NMEA baud rate = 4800
# nquan = 31
# nvalues = 490                                   
# units = specified
# name 0 = altM: Altimeter [m]
# name 1 = bat: Beam Attenuation, Chelsea/Seatech [1/m]
# name 2 = bpos: Bottle Position in Carousel
# name 3 = c0S/m: Conductivity [S/m]
# name 4 = dz/dtM: Descent Rate [m/s]
# name 5 = wetCDOM: Fluorescence, WET Labs CDOM [mg/m^3]
# name 6 = latitude: Latitude [deg]
# name 7 = longitude: Longitude [deg]
# name 8 = sbeox0Mm/Kg: Oxygen, SBE 43 [umol/kg]
# name 9 = sbeox1Mm/Kg: Oxygen, SBE 43, 2 [umol/kg]
# name 10 = oxsolMm/Kg: Oxygen Saturation, Garcia & Gordon [umol/kg]
# name 11 = oxsatMm/Kg: Oxygen Saturation, Weiss [umol/kg]
# name 12 = par: PAR/Irradiance, Biospherical/Licor
# name 13 = pla: Plume Anomaly
# name 14 = prDM: Pressure, Digiquartz [db]
# name 15 = pumps: Pump Status
# name 16 = scan: Scan Count
# name 17 = sva: Specific Volume Anomaly [10^-8 * m^3/kg]
# name 18 = t090C: Temperature [ITS-90, deg C]
# name 19 = t190C: Temperature, 2 [ITS-90, deg C]
# name 20 = tsa: Thermosteric Anomaly [10^-8 * m^3/kg]
# name 21 = timeS: Time, Elapsed [seconds]
# name 22 = v0: Voltage 0
# name 23 = v1: Voltage 1
# name 24 = v2: Voltage 2
# name 25 = v3: Voltage 3
# name 26 = v4: Voltage 4
# name 27 = v5: Voltage 5
# name 28 = sbeox0V: Oxygen raw, SBE 43 [V]
# name 29 = nbf: Bottles Fired
# name 30 = flag:  0.000e+00
# interval = seconds: 0.0416667
# start_time = Jul 11 2012 04:59:31 [NMEA time, header]
# bad_flag = -9.990e-29
*END*
[from data line 468]
      98.58     0.0986         10   5.967471      1.182     2.0767   28.37946  -89.51098    199.495    176.157  190.52797  190.05238 2.8673e+00 2.9593e+01      0.965          1      70159    507.588    29.5858    29.5632    507.751   2923.250     2.9609     2.8083     4.9292     4.5543     1.3785     0.1551     2.9609         10  0.000e+00
      98.58     0.1115         10   5.967270      0.169     2.0767   28.37946  -89.51098    199.599    176.145  190.53270  190.05708 3.0935e+00 2.9591e+01      0.972          1      70160    507.559    29.5843    29.5688    507.721   2923.292     2.9621     2.8083     4.9292     4.5397     1.4115     0.1551     2.9621         10  0.000e+00
      98.56     0.1179         10   5.967158      0.001     2.0767   28.37946  -89.51098    199.503    176.230  190.53552  190.05987 3.2726e+00 2.9590e+01      0.972          1      70161    507.536    29.5834    29.5725    507.698   2923.333     2.9609     2.8095     4.9280     4.5324     1.4359     0.1551     2.9609         10  0.000e+00
      98.58     0.1179         10   5.966941     -0.168     2.0767   28.37946  -89.51098    199.609    176.222  190.54242  190.06672 3.3096e+00 2.9588e+01      0.965          1      70162    507.429    29.5809    29.5754    507.592   2923.375     2.9621     2.8095     4.9292     4.5324     1.4408     0.1551     2.9621         10  0.000e+00
      98.56     0.1169         10   5.966813      0.169     2.1072   28.37946  -89.51098    199.715    176.214  190.54882  190.07307 3.3003e+00 2.9585e+01      0.972          1      70163    507.271    29.5784    29.5787    507.433   2923.417     2.9634     2.8095     4.9280     4.5336     1.4396     0.1563     2.9634         10  0.000e+00
      98.56     0.1169         10   5.966644     -0.168     2.0767   28.37946  -89.51098    199.718    176.210  190.55097  190.07520 3.3003e+00 2.9585e+01      0.965          1      70164    507.321    29.5780    29.5808    507.484   2923.458     2.9634     2.8095     4.9280     4.5336     1.4396     0.1551     2.9634         10  0.000e+00
      98.58     0.1169         10   5.966556      1.350     2.0767   28.37946  -89.51098    199.621    176.213  190.55248  190.07670 3.3003e+00 2.9584e+01      1.022          1      70165    507.336    29.5776    29.5802    507.497   2923.500     2.9621     2.8095     4.9292     4.5336     1.4396     0.1551     2.9621         10  0.000e+00
      98.56     0.1169         10   5.966476      0.001     2.0767   28.37946  -89.51098    199.723    176.307  190.55518  190.07938 3.2726e+00 2.9584e+01      1.022          1      70166    507.291    29.5767    29.5800    507.452   2923.542     2.9634     2.8107     4.9280     4.5336     1.4359     0.1551     2.9634         10  0.000e+00
      98.56     0.1169         10   5.966404     -0.168     2.0767   28.37946  -89.51098    199.725    176.309  190.55724  190.08143 3.2451e+00 2.9583e+01      1.015          1      70167    507.265    29.5759    29.5796    507.426   2923.583     2.9634     2.8107     4.9280     4.5336     1.4322     0.1551     2.9634         10  0.000e+00
      98.58     0.1169         10   5.966300     -1.012     2.0767   28.37946  -89.51098    199.727    176.310  190.55998  190.08414 3.2359e+00 2.9582e+01      0.972          1      70168    507.235    29.5750    29.5787    507.397   2923.625     2.9634     2.8107     4.9292     4.5336     1.4310     0.1551     2.9634         10  0.000e+00
      98.56     0.1169         10   5.966252      1.013     2.0767   28.37946  -89.51098    199.731    176.315  190.56285  190.08699 3.2178e+00 2.9581e+01      1.015          1      70169    507.159    29.5739    29.5768    507.320   2923.667     2.9634     2.8107     4.9280     4.5336     1.4286     0.1551     2.9634         10  0.000e+00
      98.58     0.1158         10   5.966252      1.350     2.0767   28.37946  -89.51098    199.732    176.321  190.56280  190.08694 3.1818e+00 2.9581e+01      1.071          1      70170    507.166    29.5739    29.5752    507.324   2923.708     2.9634     2.8107     4.9292     4.5348     1.4237     0.1551     2.9634         10  0.000e+00
      98.58     0.1169         10   5.966252     -1.181     2.0767   28.37946  -89.51098    199.831    176.323  190.56313  190.08727 3.1639e+00 2.9581e+01      1.022          1      70171    507.148    29.5737    29.5737    507.308   2923.750     2.9646     2.8107     4.9292     4.5336     1.4212     0.1551     2.9646         10  0.000e+00
      98.56     0.1169         10   5.966252     -0.168     2.0767   28.37946  -89.51098    199.729    176.232  190.56095  190.08511 3.1818e+00 2.9582e+01      1.015          1      70172    507.238    29.5748    29.5728    507.399   2923.792     2.9634     2.8095     4.9280     4.5336     1.4237     0.1551     2.9634         10  0.000e+00
      98.58     0.1169         10   5.966300      1.350     2.0767   28.37946  -89.51098    199.728    176.141  190.55847  190.08264 3.2269e+00 2.9583e+01      1.071          1      70173    507.305    29.5758    29.5722    507.464   2923.833     2.9634     2.8083     4.9292     4.5336     1.4298     0.1551     2.9634         10  0.000e+00
      98.56     0.1169         10   5.966372     -1.349     2.0767   28.37946  -89.51098    199.825    176.141  190.55786  190.08204 3.2359e+00 2.9583e+01      1.015          1      70174    507.266    29.5758    29.5718    507.427   2923.875     2.9646     2.8083     4.9280     4.5336     1.4310     0.1551     2.9646         10  0.000e+00
      98.56     0.1169         10   5.966436      1.350     2.0767   28.37946  -89.51098    199.727    176.142  190.55791  190.08209 3.2269e+00 2.9582e+01      1.071          1      70175    507.215    29.5755    29.5719    507.373   2923.917     2.9634     2.8083     4.9280     4.5336     1.4298     0.1551     2.9634         10  0.000e+00
      98.58     0.1169         10   5.966452     -1.181     2.1072   28.37946  -89.51098    199.824    176.048  190.55643  190.08062 3.1462e+00 2.9583e+01      1.022          1      70176    507.259    29.5762    29.5714    507.420   2923.958     2.9646     2.8071     4.9292     4.5336     1.4188     0.1563     2.9646         10  0.000e+00
      98.58     0.1169         10   5.966524      1.013     2.0767   28.37946  -89.51098    199.724    175.956  190.55473  190.07893 3.1110e+00 2.9584e+01      1.064          1      70177    507.273    29.5767    29.5711    507.432   2924.000     2.9634     2.8059     4.9292     4.5336     1.4139     0.1551     2.9634         10  0.000e+00
      98.58     0.1158         10   5.966548      0.169     2.0767   28.37946  -89.51098    199.822    175.863  190.55376  190.07797 3.1285e+00 2.9584e+01      1.071          1      70178    507.294    29.5771    29.5709    507.452   2924.042     2.9646     2.8046     4.9292     4.5348     1.4164     0.1551     2.9646         10  0.000e+00
      98.56     0.1147         10   5.966580     -0.168     2.0767   28.37946  -89.51098    199.821    175.863  190.55244  190.07666 3.4136e+00 2.9584e+01      1.064          1      70179    507.321    29.5776    29.5708    507.480   2924.083     2.9646     2.8046     4.9280     4.5360     1.4542     0.1551     2.9646         10  0.000e+00
      98.56     0.0996         10   5.966628     -1.012     2.0767   28.37946  -89.51098    199.817    175.770  190.54957  190.07381 3.6010e+00 2.9586e+01      1.022          1      70180    507.397    29.5787    29.5699    507.557   2924.125     2.9646     2.8034     4.9280     4.5531     1.4774     0.1551     2.9646         10  0.000e+00
