test/data/CTD/g01mcan01c.ros
* Sea-Bird SBE 9 Data File:
* FileName = D:\CTD DATA\2013\PE13-01 DiMarco\G01MCAN01C.hex
* Software Version Seasave V 7.21g
* Temperature SN = 4515
* Conductivity SN = 3079
* Number of Bytes Per Scan = 40
* Number of Voltage Words = 5
* Number of Scans Averaged by the Deck Unit = 1
* NMEA Latitude = 28 22.52 N
* NMEA Longitude = 089 30.03 W
* NMEA UTC (Time) = Jul 11 2012  04:59:31
* NMEA baud rate = 4800
# nquan = 31
# nvalues = 490                                   
# units = specified
# name 0 = altM: Altimeter [m]
# name 1 = bat: Beam Attenuation, Chelsea/Seatech [1/m]
# name 2 = bpos: Bottle Position in Carousel
# name 3 = c0S/m: Conductivity [S/m]
# name 4 = dz/dtM: Descent Rate [m/s]
# name 5 = wetCDOM: Fluorescence, WET Labs CDOM [mg/m^3]
# name 6 = latitude: Latitude [deg]
# name 7 = longitude: Longitude [deg]
# name 8 = sbeox0Mm/Kg: Oxygen, SBE 43 [umol/kg]
# name 9 = sbeox1Mm/Kg: Oxygen, SBE 43, 2 [umol/kg]
# name 10 = oxsolMm/Kg: Oxygen Saturation, Garcia & Gordon [umol/kg]
# name 11 = oxsatMm/Kg: Oxygen Saturation, Weiss [umol/kg]
# name 12 = par: PAR/Irradiance, Biospherical/Licor
# name 13 = pla: Plume Anomaly
# name 14 = prDM: Pressure, Digiquartz [db]
# name 15 = pumps: Pump Status
# name 16 = scan: Scan Count
# name 17 = sva: Specific Volume Anomaly [10^-8 * m^3/kg]
# name 18 = t090C: Temperature [ITS-90, deg C]
# name 19 = t190C: Temperature, 2 [ITS-90, deg C]
# name 20 = tsa: Thermosteric Anomaly [10^-8 * m^3/kg]
# name 21 = timeS: Time, Elapsed [seconds]
# name 22 = v0: Voltage 0
# name 23 = v1: Voltage 1
# name 24 = v2: Voltage 2
# name 25 = v3: Voltage 3
# name 26 = v4: Voltage 4
# name 27 = v5: Voltage 5
# name 28 = sbeox0V: Oxygen raw, SBE 43 [V]
# name 29 = nbf: Bottles Fired
# name 30 = flag:  0.000e+00
# interval = seconds: 0.0416667
# start_time = Jul 11 2012 04:59:31 [NMEA time, header]
# bad_flag = -9.990e-29
*END*
[from data line 188]
      98.73     0.0580          4   3.871825      0.000     3.6945   28.37818  -89.50816    122.460    104.005  272.78579  272.91769 1.3667e-01 1.0189e+01    403.904          1      49538    105.206    10.2351    10.2349     96.505   2064.042     1.5043     1.4310     4.9365     4.6007     0.0611     0.2198     1.5043          4  0.000e+00
      98.71     0.0569          4   3.871839     -0.510     3.6945   28.37818  -89.50816    122.459    104.005  272.78446  272.91634 1.3667e-01 1.0190e+01    403.883          1      49539    105.218    10.2354    10.2349     96.517   2064.083     1.5043     1.4310     4.9353     4.6020     0.0611     0.2198     1.5043          4  0.000e+00
      98.71     0.0580          4   3.871886      1.701     3.6945   28.37818  -89.50816    122.309    104.005  272.78220  272.91405 1.3667e-01 1.0190e+01    403.953          1      49540    105.218    10.2358    10.2349     96.515   2064.125     1.5031     1.4310     4.9353     4.6007     0.0611     0.2198     1.5031          4  0.000e+00
      98.71     0.0580          4   3.871879     -1.190     3.6945   28.37818  -89.50816    122.309    104.005  272.78403  272.91592 1.3667e-01 1.0190e+01    403.904          1      49541    105.182    10.2353    10.2352     96.480   2064.167     1.5031     1.4310     4.9353     4.6007     0.0611     0.2198     1.5031          4  0.000e+00
      98.71     0.0580          4   3.871866      1.191     3.6945   28.37818  -89.50816    122.310    104.005  272.78399  272.91587 1.3590e-01 1.0190e+01    403.953          1      49542    105.202    10.2354    10.2351     96.499   2064.208     1.5031     1.4310     4.9353     4.6007     0.0586     0.2198     1.5031          4  0.000e+00
      98.71     0.0591          4   3.871846     -1.190     3.6945   28.37818  -89.50816    122.309    104.144  272.78400  272.91587 1.3667e-01 1.0190e+01    403.904          1      49543    105.222    10.2355    10.2347     96.521   2064.250     1.5031     1.4322     4.9353     4.5995     0.0611     0.2198     1.5031          4  0.000e+00
      98.71     0.0580          4   3.871832      1.191     3.6945   28.37818  -89.50816    122.460    104.007  272.78518  272.91706 1.3667e-01 1.0190e+01    403.953          1      49544    105.215    10.2353    10.2344     96.513   2064.292     1.5043     1.4310     4.9353     4.6007     0.0611     0.2198     1.5043          4  0.000e+00
      98.73     0.0580          4   3.871839     -1.190     3.6945   28.37818  -89.50816    122.460    104.008  272.78570  272.91760 1.3667e-01 1.0189e+01    403.904          1      49545    105.192    10.2351    10.2339     96.491   2064.333     1.5043     1.4310     4.9365     4.6007     0.0611     0.2198     1.5043          4  0.000e+00
      98.68     0.0527          5   4.125294     -1.358     3.5419   28.37840  -89.50880    128.886    109.888  259.25120  259.20740 1.3590e-01 1.2512e+01    302.981          1      54462    120.051    12.5499    12.5492    112.336   2269.208     1.6276     1.5470     4.9341     4.6068     0.0586     0.2137     1.6276          5  0.000e+00
      98.68     0.0527          5   4.125315      1.188     3.5724   28.37840  -89.50880    128.887    110.018  259.25149  259.20770 1.3590e-01 1.2512e+01    303.031          1      54463    120.024    12.5498    12.5491    112.308   2269.250     1.6276     1.5482     4.9341     4.6068     0.0586     0.2149     1.6276          5  0.000e+00
      98.68     0.0516          5   4.125266     -1.018     3.6029   28.37840  -89.50880    128.887    109.887  259.25230  259.20851 1.3590e-01 1.2512e+01    302.988          1      54464    120.056    12.5498    12.5495    112.341   2269.292     1.6276     1.5470     4.9341     4.6081     0.0586     0.2161     1.6276          5  0.000e+00
      98.68     0.0527          5   4.125273     -0.169     3.6029   28.37840  -89.50880    128.887    110.017  259.25279  259.20901 1.3590e-01 1.2511e+01    302.981          1      54465    120.036    12.5496    12.5494    112.321   2269.333     1.6276     1.5482     4.9341     4.6068     0.0586     0.2161     1.6276          5  0.000e+00
      98.68     0.0527          5   4.125239      0.170     3.6029   28.37840  -89.50880    128.887    109.887  259.25340  259.20962 1.3590e-01 1.2511e+01    302.988          1      54466    120.060    12.5496    12.5495    112.346   2269.375     1.6276     1.5470     4.9341     4.6068     0.0586     0.2161     1.6276          5  0.000e+00
      98.68     0.0537          5   4.125266      1.019     3.6029   28.37840  -89.50880    128.887    110.017  259.25233  259.20855 1.3590e-01 1.2512e+01    303.031          1      54467    120.058    12.5498    12.5497    112.342   2269.417     1.6276     1.5482     4.9341     4.6056     0.0586     0.2161     1.6276          5  0.000e+00
      98.68     0.0516          5   4.125266     -2.206     3.6029   28.37840  -89.50880    128.886    110.016  259.25318  259.20941 1.3590e-01 1.2511e+01    302.939          1      54468    120.030    12.5495    12.5497    112.317   2269.458     1.6276     1.5482     4.9341     4.6081     0.0586     0.2161     1.6276          5  0.000e+00
      98.71     0.0537          5   4.125280     -0.169     3.6029   28.37840  -89.50880    129.026    110.016  259.25263  259.20885 1.3590e-01 1.2511e+01    302.932          1      54469    120.028    12.5496    12.5497    112.315   2269.500     1.6288     1.5482     4.9353     4.6056     0.0586     0.2161     1.6288          5  0.000e+00
      98.68     0.0537          5   4.125239      1.188     3.6029   28.37840  -89.50880    128.887    109.886  259.25339  259.20961 1.3590e-01 1.2511e+01    302.981          1      54470    120.060    12.5496    12.5497    112.345   2269.542     1.6276     1.5470     4.9341     4.6056     0.0586     0.2161     1.6276          5  0.000e+00
      98.68     0.0527          5   4.125218     -1.018     3.6029   28.37840  -89.50880    129.027    109.886  259.25433  259.21057 1.3590e-01 1.2511e+01    302.939          1      54471    120.057    12.5494    12.5497    112.344   2269.583     1.6288     1.5470     4.9341     4.6068     0.0586     0.2161     1.6288          5  0.000e+00
      98.71     0.0537          5   4.125184     -0.169     3.6029   28.37840  -89.50880    128.888    109.886  259.25616  259.21241 1.3590e-01 1.2511e+01    302.932          1      54472    120.051    12.5491    12.5499    112.338   2269.625     1.6276     1.5470     4.9353     4.6056     0.0586     0.2161     1.6276          5  0.000e+00
      98.68     0.0537          5   4.125177     -1.188     3.6029   28.37840  -89.50880    128.887    110.015  259.25563  259.21187 1.3590e-01 1.2511e+01    302.882          1      54473    120.068    12.5492    12.5497    112.356   2269.667     1.6276     1.5482     4.9341     4.6056     0.0586     0.2161     1.6276          5  0.000e+00
      98.68     0.0537          5   4.125204     -0.169     3.6029   28.37840  -89.50880    128.887    110.014  259.25636  259.21264 1.3590e-01 1.2511e+01    302.875          1      54474    120.018    12.5489    12.5497    112.306   2269.708     1.6276     1.5482     4.9341     4.6056     0.0586     0.2161     1.6276          5  0.000e+00
      98.68     0.0537          5   4.125163      1.528     3.6029   28.37840  -89.50880    128.889    110.016  259.25775  259.21403 1.3590e-01 1.2511e+01    302.939          1      54475    120.036    12.5487    12.5495    112.323   2269.750     1.6276     1.5482     4.9341     4.6056     0.0586     0.2161     1.6276          5  0.000e+00
      98.71     0.0537          5   4.125170     -0.169     3.6335   28.37840  -89.50880    129.028    110.016  259.25655  259.21281 1.3590e-01 1.2511e+01    302.932          1      54476    120.057    12.5490    12.5495    112.344   2269.792     1.6288     1.5482     4.9353     4.6056     0.0586     0.2173     1.6288          5  0.000e+00
      98.68     0.0537          5   4.125156     -1.357     3.6029   28.37840  -89.50880    129.028    110.015  259.25843  259.21473 1.3590e-01 1.2510e+01    302.875          1      54477    120.022    12.5486    12.5494    112.311   2269.833     1.6288     1.5482     4.9341     4.6056     0.0586     0.2161     1.6288          5  0.000e+00
      98.68     0.0537          5   4.125170      1.528     3.6029   28.37840  -89.50880    128.889    110.016  259.25763  259.21391 1.3551e-01 1.2511e+01    302.939          1      54478    120.031    12.5487    12.5495    112.318   2269.875     1.6276     1.5482     4.9341     4.6056     0.0574     0.2161     1.6276          5  0.000e+00
      98.68     0.0537          5   4.125156     -1.527     3.6029   28.37840  -89.50880    129.028    110.015  259.25782  259.21410 1.3590e-01 1.2511e+01    302.875          1      54479    120.037    12.5487    12.5493    112.326   2269.917     1.6288     1.5482     4.9341     4.6056     0.0586     0.2161     1.6288          5  0.000e+00
      98.68     0.0537          5   4.125170     -1.018     3.6029   28.37840  -89.50880    128.887    109.885  259.25877  259.21508 1.3551e-01 1.2510e+01    302.833          1      54480    119.995    12.5484    12.5492    112.284   2269.958     1.6276     1.5470     4.9341     4.6056     0.0574     0.2161     1.6276          5  0.000e+00
      98.68     0.0537          5   4.125122      1.019     3.6029   28.37840  -89.50880    129.028    110.015  259.25904  259.21533 1.3551e-01 1.2510e+01    302.875          1      54481    120.046    12.5486    12.5494    112.335   2270.000     1.6288     1.5482     4.9341     4.6056     0.0574     0.2161     1.6288          5  0.000e+00
      98.68     0.0537          5   4.125136      0.170     3.6029   28.37840  -89.50880    129.028    109.887  259.25880  259.21510 1.3551e-01 1.2510e+01    302.882          1      54482    120.037    12.5486    12.5490    112.325   2270.042     1.6288     1.5470     4.9341     4.6056     0.0574     0.2161     1.6288          5  0.000e+00
      98.68     0.0537          5   4.125115     -0.169     3.6029   28.37840  -89.50880    128.888    110.016  259.25916  259.21545 1.3551e-01 1.2510e+01    302.875          1      54483    120.051    12.5486    12.5494    112.340   2270.083     1.6276     1.5482     4.9341     4.6056     0.0574     0.2161     1.6276          5  0.000e+00
      98.68     0.0537          5   4.125025     -1.188     3.6029   28.37840  -89.50880    129.029    109.886  259.26207  259.21838 1.3551e-01 1.2510e+01    302.826          1      54484    120.078    12.5482    12.5491    112.368   2270.125     1.6288     1.5470     4.9341     4.6056     0.0574     0.2161     1.6288          5  0.000e+00
      98.71     0.0537          5   4.125080      0.170     3.6029   28.37840  -89.50880    128.888    109.885  259.26034  259.21664 1.3590e-01 1.2510e+01    302.833          1      54485    120.058    12.5484    12.5492    112.348   2270.167     1.6276     1.5470     4.9353     4.6056     0.0586     0.2161     1.6276          5  0.000e+00
      98.68     0.0548          5   4.125087      1.019     3.5724   28.37840  -89.50880    128.889    110.016  259.26148  259.21781 1.3590e-01 1.2510e+01    302.875          1      54486    120.025    12.5480    12.5490    112.314   2270.208     1.6276     1.5482     4.9341     4.6044     0.0586     0.2149     1.6276          5  0.000e+00
      98.68     0.0537          5   4.125074     -1.018     3.6029   28.37840  -89.50880    129.029    109.885  259.26169  259.21802 1.3551e-01 1.2510e+01    302.833          1      54487    120.033    12.5480    12.5492    112.323   2270.250     1.6288     1.5470     4.9341     4.6056     0.0574     0.2161     1.6288          5  0.000e+00
      98.71     0.0537          5   4.125074      1.019     3.6029   28.37840  -89.50880    129.030    109.886  259.26233  259.21867 1.3590e-01 1.2510e+01    302.875          1      54488    120.020    12.5479    12.5491    112.309   2270.292     1.6288     1.5470     4.9353     4.6056     0.0586     0.2161     1.6288          5  0.000e+00
      98.68     0.0537          5   4.125046     -1.018     3.5724   28.37840  -89.50880    128.890    109.885  259.26339  259.21975 1.3590e-01 1.2510e+01    302.833          1      54489    120.022    12.5477    12.5492    112.312   2270.333     1.6276     1.5470     4.9341     4.6056     0.0586     0.2149     1.6276          5  0.000e+00
      98.68     0.0516          5   4.125060      1.019     3.5419   28.37840  -89.50880    128.890    110.016  259.26196  259.21829 1.3590e-01 1.2510e+01    302.875          1      54490    120.045    12.5480    12.5491    112.334   2270.375     1.6276     1.5482     4.9341     4.6081     0.0586     0.2137     1.6276          5  0.000e+00
      98.68     0.0527          5   4.125074      0.170     3.5114   28.37840  -89.50880    128.890    109.886  259.26233  259.21868 1.3590e-01 1.2510e+01    302.882          1      54491    120.020    12.5479    12.5492    112.309   2270.417     1.6276     1.5470     4.9341     4.6068     0.0586     0.2125     1.6276          5  0.000e+00
      98.68     0.0527          5   4.125074     -1.357     3.5114   28.37840  -89.50880    128.889    110.015  259.26229  259.21864 1.3590e-01 1.2510e+01    302.826          1      54492    120.017    12.5479    12.5492    112.308   2270.458     1.6276     1.5482     4.9341     4.6068     0.0586     0.2125     1.6276          5  0.000e+00
      98.68     0.0527          5   4.125046      0.000     3.5419   28.37840  -89.50880    128.889    110.015  259.26232  259.21865 1.3551e-01 1.2510e+01    302.826          1      54493    120.048    12.5480    12.5491    112.338   2270.500     1.6276     1.5482     4.9341     4.6068     0.0574     0.2137     1.6276          5  0.000e+00
      98.68     0.0537          5   4.125060      0.170     3.5419   28.37840  -89.50880    128.890    109.885  259.26376  259.22013 1.3590e-01 1.2509e+01    302.833          1      54494    119.997    12.5475    12.5492    112.287   2270.542     1.6276     1.5470     4.9341     4.6056     0.0586     0.2137     1.6276          5  0.000e+00
      98.68     0.0527          5   4.125019      1.019     3.5419   28.37840  -89.50880    128.891    109.886  259.26452  259.22089 1.3590e-01 1.2509e+01    302.875          1      54495    120.029    12.5475    12.5492    112.318   2270.583     1.6276     1.5470     4.9341     4.6068     0.0586     0.2137     1.6276          5  0.000e+00
      98.68     0.0527          5   4.124943      0.170     3.5419   28.37840  -89.50880    128.892    109.886  259.26647  259.22284 1.3590e-01 1.2509e+01    302.883          1      54496    120.068    12.5474    12.5492    112.357   2270.625     1.6276     1.5470     4.9341     4.6068     0.0586     0.2137     1.6276          5  0.000e+00
      98.68     0.0527          5   4.125012     -1.357     3.5419   28.37840  -89.50880    128.890    109.886  259.26460  259.22097 1.3590e-01 1.2509e+01    302.826          1      54497    120.031    12.5475    12.5489    112.321   2270.667     1.6276     1.5470     4.9341     4.6068     0.0586     0.2137     1.6276          5  0.000e+00
      98.68     0.0527          5   4.125060      1.358     3.5419   28.37840  -89.50880    129.032    109.887  259.26502  259.22142 1.3590e-01 1.2509e+01    302.883          1      54498    119.970    12.5472    12.5489    112.259   2270.708     1.6288     1.5470     4.9341     4.6068     0.0586     0.2137     1.6288          5  0.000e+00
