tests/data/CTD/g01l02s05.ros
* Sea-Bird SBE 9 Data File:
* FileName = D:\CTD DATA\2013\PE13-01 DiMarco\G01L02S05.hex
* Software Version Seasave V 7.21g
* Temperature SN = 4515
* Conductivity SN = 3079
* Number of Bytes Per Scan = 40
* Number of Voltage Words = 5
* Number of Scans Averaged by the Deck Unit = 1
* NMEA Latitude = 27 45.03 N
* NMEA Longitude = 089 00.05 W
* NMEA UTC (Time) = Jul 10 2012  19:40:57
* NMEA baud rate = 4800
# nquan = 31
# nvalues = 588                                   
# units = specified
# name 0 = altM: Altimeter [m]
# name 1 = bat: Beam Attenuation, Chelsea/Seatech [1/m]
# name 2 = bpos: Bottle Position in Carousel
# name 3 = c0S/m: Conductivity [S/m]
# name 4 = dz/dtM: Descent Rate [m/s]
# name 5 = wetCDOM: Fluorescence, WET Labs CDOM [mg/m^3]
# name 6 = latitude: Latitude [deg]
# name 7 = longitude: Longitude [deg]
# name 8 = sbeox0Mm/Kg: Oxygen, SBE 43 [umol/kg]
# name 9 = sbeox1Mm/Kg: Oxygen, SBE 43, 2 [umol/kg]
# name 10 = oxsolMm/Kg: Oxygen Saturation, Garcia & Gordon [umol/kg]
# name 11 = oxsatMm/Kg: Oxygen Saturation, Weiss [umol/kg]
# name 12 = par: PAR/Irradiance, Biospherical/Licor
# name 13 = pla: Plume Anomaly
# name 14 = prDM: Pressure, Digiquartz [db]
# name 15 = pumps: Pump Status
# name 16 = scan: Scan Count
# name 17 = sva: Specific Volume Anomaly [10^-8 * m^3/kg]
# name 18 = t090C: Temperature [ITS-90, deg C]
# name 19 = t190C: Temperature, 2 [ITS-90, deg C]
# name 20 = tsa: Thermosteric Anomaly [10^-8 * m^3/kg]
# name 21 = timeS: Time, Elapsed [seconds]
# name 22 = v0: Voltage 0
# name 23 = v1: Voltage 1
# name 24 = v2: Voltage 2
# name 25 = v3: Voltage 3
# name 26 = v4: Voltage 4
# name 27 = v5: Voltage 5
# name 28 = sbeox0V: Oxygen raw, SBE 43 [V]
# name 29 = nbf: Bottles Fired
# name 30 = flag:  0.000e+00
# interval = seconds: 0.0416667
# start_time = Jul 10 2012 19:40:57 [NMEA time, header]
# bad_flag = -9.990e-29
*END*
[from data line 375]
      98.68     0.0729          8   4.029382      0.001    -1.8000   27.76352  -89.00354    129.924    110.345  264.07280  264.08949 1.1856e-01 1.1666e+01    303.137          1     103243    113.615    11.7023    11.7004    106.329   4301.750     1.6154     1.5324     4.9341     4.5836     0.0000     0.0000     1.6154          8  0.000e+00
      98.68     0.0729          8   4.029416      0.001    -1.8000   27.76352  -89.00356    129.924    110.477  264.07266  264.08936 1.1856e-01 1.1666e+01    303.137          1     103244    113.579    11.7022    11.7005    106.293   4301.792     1.6154     1.5336     4.9341     4.5836     0.0000     0.0000     1.6154          8  0.000e+00
      98.68     0.0729          8   4.029416      0.001    -1.8000   27.76352  -89.00356    129.924    110.477  264.07217  264.08887 1.1856e-01 1.1666e+01    303.137          1     103245    113.590    11.7023    11.7004    106.305   4301.833     1.6154     1.5336     4.9341     4.5836     0.0000     0.0000     1.6154          8  0.000e+00
      98.68     0.0729          8   4.029375      0.001    -1.8000   27.76352  -89.00356    129.781    110.477  264.07293  264.08961 1.1856e-01 1.1666e+01    303.137          1     103246    113.620    11.7023    11.7006    106.334   4301.875     1.6142     1.5336     4.9341     4.5836     0.0000     0.0000     1.6142          8  0.000e+00
      98.68     0.0729          8   4.029396      0.001    -1.8000   27.76352  -89.00356    129.781    110.476  264.07255  264.08924 1.1856e-01 1.1666e+01    303.137          1     103247    113.605    11.7023    11.7009    106.319   4301.917     1.6142     1.5336     4.9341     4.5836     0.0000     0.0000     1.6142          8  0.000e+00
      98.68     0.0740          8   4.029369      0.001    -1.8000   27.76352  -89.00356    129.925    110.477  264.07353  264.09023 1.1856e-01 1.1666e+01    303.137          1     103248    113.613    11.7022    11.7005    106.328   4301.958     1.6154     1.5336     4.9341     4.5824     0.0000     0.0000     1.6154          8  0.000e+00
      98.71     0.0729          8   4.029396      0.001    -1.8000   27.76352  -89.00356    129.925    110.476  264.07319  264.08990 1.1856e-01 1.1666e+01    303.137          1     103249    113.590    11.7021    11.7007    106.304   4302.000     1.6154     1.5336     4.9353     4.5836     0.0000     0.0000     1.6154          8  0.000e+00
      98.68     0.0729          8   4.029410      0.001    -1.8000   27.76352  -89.00356    129.924    110.476  264.07230  264.08899 1.1856e-01 1.1666e+01    303.137          1     103250    113.595    11.7023    11.7008    106.310   4302.042     1.6154     1.5336     4.9341     4.5836     0.0000     0.0000     1.6154          8  0.000e+00
      98.68     0.0729          8   4.029403      0.001    -1.8000   27.76352  -89.00356    129.924    110.476  264.07291  264.08961 1.1856e-01 1.1666e+01    303.137          1     103251    113.589    11.7022    11.7007    106.303   4302.083     1.6154     1.5336     4.9341     4.5836     0.0000     0.0000     1.6154          8  0.000e+00
      98.68     0.0729          8   4.029403      0.001    -1.8000   27.76352  -89.00356    129.924    110.476  264.07291  264.08961 1.1856e-01 1.1666e+01    303.137          1     103252    113.589    11.7022    11.7008    106.303   4302.125     1.6154     1.5336     4.9341     4.5836     0.0000     0.0000     1.6154          8  0.000e+00
      98.68     0.0729          8   4.029430     -2.375    -1.8000   27.76352  -89.00356    129.923    110.475  264.07297  264.08969 1.1856e-01 1.1666e+01    303.038          1     103253    113.548    11.7020    11.7007    106.265   4302.167     1.6154     1.5336     4.9341     4.5836     0.0000     0.0000     1.6154          8  0.000e+00
      98.71     0.0729          8   4.029416      4.754    -1.8000   27.76352  -89.00356    129.926    110.478  264.07338  264.09009 1.1856e-01 1.1666e+01    303.236          1     103254    113.569    11.7020    11.7005    106.281   4302.208     1.6154     1.5336     4.9353     4.5836     0.0000     0.0000     1.6154          8  0.000e+00
      98.68     0.0729          8   4.029403     -2.376    -1.8000   27.76352  -89.00356    129.925    110.344  264.07483  264.09157 1.1856e-01 1.1665e+01    303.137          1     103255    113.543    11.7017    11.7007    106.257   4302.250     1.6154     1.5324     4.9341     4.5836     0.0000     0.0000     1.6154          8  0.000e+00
      98.68     0.0729          8   4.029403      0.001    -1.8000   27.76352  -89.00356    129.782    110.476  264.07419  264.09092 1.1856e-01 1.1665e+01    303.137          1     103256    113.558    11.7018    11.7006    106.273   4302.292     1.6142     1.5336     4.9341     4.5836     0.0000     0.0000     1.6142          8  0.000e+00
      98.68     0.0740          8   4.029375      0.001    -1.8000   27.76352  -89.00356    129.783    110.476  264.07533  264.09207 1.1856e-01 1.1665e+01    303.137          1     103257    113.563    11.7017    11.7006    106.277   4302.333     1.6142     1.5336     4.9341     4.5824     0.0000     0.0000     1.6142          8  0.000e+00
      98.71     0.0729          8   4.029416      0.001    -1.8000   27.76352  -89.00356    129.925    110.476  264.07330  264.09001 1.1856e-01 1.1666e+01    303.137          1     103258    113.564    11.7020    11.7005    106.278   4302.375     1.6154     1.5336     4.9353     4.5836     0.0000     0.0000     1.6154          8  0.000e+00
      98.68     0.0740          8   4.029382      0.001    -1.8000   27.76352  -89.00356    129.783    110.476  264.07520  264.09195 1.1856e-01 1.1665e+01    303.137          1     103259    113.558    11.7017    11.7007    106.272   4302.417     1.6142     1.5336     4.9341     4.5824     0.0000     0.0000     1.6142          8  0.000e+00
      98.66     0.0729          9   4.374099     -3.388    -1.8000   27.76414  -89.00384    140.549    120.342  247.52401  247.34300 1.1856e-01 1.4706e+01    202.166          1     106995    135.804    14.7331    14.7328    130.013   4458.083     1.8046     1.7131     4.9328     4.5836     0.0000     0.0000     1.8046          9  0.000e+00
      98.63     0.0729          9   4.374127      3.389    -1.8000   27.76414  -89.00384    140.551    120.345  247.52393  247.34293 1.1856e-01 1.4706e+01    202.307          1     106996    135.787    14.7330    14.7328    129.991   4458.125     1.8046     1.7131     4.9316     4.5836     0.0000     0.0000     1.8046          9  0.000e+00
      98.66     0.0729          9   4.374099     -2.371    -1.8000   27.76414  -89.00384    140.681    120.343  247.52336  247.34234 1.1856e-01 1.4706e+01    202.208          1     106997    135.825    14.7333    14.7329    130.033   4458.167     1.8059     1.7131     4.9328     4.5836     0.0000     0.0000     1.8059          9  0.000e+00
      98.66     0.0729          9   4.374127      0.001    -1.8000   27.76414  -89.00384    140.681    120.343  247.52332  247.34231 1.1856e-01 1.4706e+01    202.208          1     106998    135.795    14.7332    14.7331    130.003   4458.208     1.8059     1.7131     4.9328     4.5836     0.0000     0.0000     1.8059          9  0.000e+00
      98.66     0.0729          9   4.374198      0.340    -1.8000   27.76414  -89.00384    140.680    120.466  247.52073  247.33969 1.1856e-01 1.4707e+01    202.222          1     106999    135.789    14.7336    14.7329    129.996   4458.250     1.8059     1.7143     4.9328     4.5836     0.0000     0.0000     1.8059          9  0.000e+00
      98.66     0.0729          9   4.374205     -0.338    -1.8000   27.76414  -89.00384    140.678    120.465  247.51843  247.33735 1.1856e-01 1.4707e+01    202.208          1     107000    135.842    14.7343    14.7329    130.049   4458.292     1.8059     1.7143     4.9328     4.5836     0.0000     0.0000     1.8059          9  0.000e+00
      98.66     0.0740          9   4.374212      0.001    -1.8000   27.76414  -89.00384    140.546    120.465  247.51859  247.33752 1.1856e-01 1.4707e+01    202.208          1     107001    135.830    14.7342    14.7328    130.037   4458.333     1.8046     1.7143     4.9328     4.5824     0.0000     0.0000     1.8046          9  0.000e+00
      98.66     0.0729          9   4.374261      0.001    -1.8000   27.76414  -89.00384    140.545    120.465  247.51632  247.33522 1.1856e-01 1.4708e+01    202.208          1     107002    135.837    14.7347    14.7331    130.044   4458.375     1.8046     1.7143     4.9328     4.5836     0.0000     0.0000     1.8046          9  0.000e+00
      98.66     0.0729          9   4.374318      0.001    -1.8000   27.76414  -89.00384    140.545    120.465  247.51571  247.33462 1.1856e-01 1.4708e+01    202.208          1     107003    135.792    14.7346    14.7329    129.999   4458.417     1.8046     1.7143     4.9328     4.5836     0.0000     0.0000     1.8046          9  0.000e+00
      98.66     0.0729          9   4.374332      0.340    -1.8000   27.76414  -89.00384    140.544    120.465  247.51468  247.33358 1.1856e-01 1.4708e+01    202.223          1     107004    135.805    14.7348    14.7329    130.011   4458.458     1.8046     1.7143     4.9328     4.5836     0.0000     0.0000     1.8046          9  0.000e+00
      98.66     0.0729          9   4.374318     -0.338    -1.8000   27.76414  -89.00384    140.676    120.343  247.51435  247.33323 1.1856e-01 1.4708e+01    202.209          1     107005    135.828    14.7350    14.7331    130.035   4458.500     1.8059     1.7131     4.9328     4.5836     0.0000     0.0000     1.8059          9  0.000e+00
      98.63     0.0729          9   4.374325     -1.355    -1.8000   27.76414  -89.00384    140.675    120.342  247.51501  247.33391 1.1856e-01 1.4708e+01    202.152          1     107006    135.798    14.7347    14.7329    130.007   4458.542     1.8059     1.7131     4.9316     4.5836     0.0000     0.0000     1.8059          9  0.000e+00
      98.63     0.0718          9   4.374290      1.356    -1.8000   27.76414  -89.00384    140.676    120.465  247.51425  247.33312 1.1856e-01 1.4708e+01    202.209          1     107007    135.862    14.7352    14.7329    130.069   4458.583     1.8059     1.7143     4.9316     4.5849     0.0000     0.0000     1.8059          9  0.000e+00
      98.66     0.0718          9   4.374318     -1.016    -1.8000   27.76414  -89.00384    140.675    120.465  247.51486  247.33376 1.1856e-01 1.4708e+01    202.166          1     107008    135.811    14.7348    14.7326    130.019   4458.625     1.8059     1.7143     4.9328     4.5849     0.0000     0.0000     1.8059          9  0.000e+00
      98.66     0.0718          9   4.374332      1.017    -1.8000   27.76414  -89.00384    140.676    120.466  247.51440  247.33329 1.1856e-01 1.4708e+01    202.209          1     107009    135.811    14.7349    14.7328    130.018   4458.667     1.8059     1.7143     4.9328     4.5849     0.0000     0.0000     1.8059          9  0.000e+00
      98.66     0.0729          9   4.374374      0.001    -1.8000   27.76414  -89.00384    140.675    120.466  247.51292  247.33179 1.1856e-01 1.4708e+01    202.209          1     107010    135.805    14.7352    14.7328    130.012   4458.708     1.8059     1.7143     4.9328     4.5836     0.0000     0.0000     1.8059          9  0.000e+00
      98.66     0.0718          9   4.374374     -1.355    -1.8000   27.76414  -89.00384    140.674    120.465  247.51261  247.33148 1.1856e-01 1.4708e+01    202.152          1     107011    135.809    14.7352    14.7328    130.017   4458.750     1.8059     1.7143     4.9328     4.5849     0.0000     0.0000     1.8059          9  0.000e+00
      98.66     0.0718          9   4.374339      1.356    -1.8000   27.76414  -89.00384    140.675    120.465  247.51347  247.33235 1.1856e-01 1.4708e+01    202.209          1     107012    135.828    14.7352    14.7328    130.035   4458.792     1.8059     1.7143     4.9328     4.5849     0.0000     0.0000     1.8059          9  0.000e+00
      98.66     0.0718          9   4.374346     -1.016    -1.8000   27.76414  -89.00384    140.675    120.464  247.51333  247.33221 1.1856e-01 1.4708e+01    202.166          1     107013    135.821    14.7352    14.7328    130.029   4458.833     1.8059     1.7143     4.9328     4.5849     0.0000     0.0000     1.8059          9  0.000e+00
      98.66     0.0718          9   4.374360      1.017    -1.8000   27.76414  -89.00384    140.807    120.465  247.51287  247.33174 1.1856e-01 1.4708e+01    202.209          1     107014    135.821    14.7352    14.7331    130.028   4458.875     1.8071     1.7143     4.9328     4.5849     0.0000     0.0000     1.8071          9  0.000e+00
      98.66     0.0729          9   4.374353     -1.355    -1.8000   27.76414  -89.00384    140.674    120.463  247.51321  247.33209 1.1856e-01 1.4708e+01    202.152          1     107015    135.816    14.7352    14.7336    130.024   4458.917     1.8059     1.7143     4.9328     4.5836     0.0000     0.0000     1.8059          9  0.000e+00
      98.66     0.0729          9   4.374360      1.356    -1.8000   27.76414  -89.00384    140.807    120.464  247.51260  247.33146 1.1856e-01 1.4708e+01    202.209          1     107016    135.829    14.7353    14.7334    130.036   4458.958     1.8071     1.7143     4.9328     4.5836     0.0000     0.0000     1.8071          9  0.000e+00
      98.66     0.0718          9   4.374367     -1.016    -1.8000   27.76414  -89.00384    140.674    120.463  247.51273  247.33160 1.1856e-01 1.4708e+01    202.167          1     107017    135.814    14.7352    14.7334    130.022   4459.000     1.8059     1.7143     4.9328     4.5849     0.0000     0.0000     1.8059          9  0.000e+00
      98.66     0.0729          9   4.374388     -0.338    -1.8000   27.76414  -89.00384    140.674    120.341  247.51211  247.33098 1.1856e-01 1.4708e+01    202.152          1     107018    135.806    14.7353    14.7331    130.015   4459.042     1.8059     1.7131     4.9328     4.5836     0.0000     0.0000     1.8059          9  0.000e+00
      98.63     0.0729          9   4.374374      1.356    -1.8000   27.76414  -89.00384    140.675    120.465  247.51319  247.33207 1.1856e-01 1.4708e+01    202.209          1     107019    135.797    14.7351    14.7329    130.004   4459.083     1.8059     1.7143     4.9316     4.5836     0.0000     0.0000     1.8059          9  0.000e+00
      98.66     0.0729          9   4.374353     -1.354    -1.8000   27.76414  -89.00384    140.675    120.465  247.51430  247.33320 1.1856e-01 1.4708e+01    202.152          1     107020    135.786    14.7348    14.7326    129.995   4459.125     1.8059     1.7143     4.9328     4.5836     0.0000     0.0000     1.8059          9  0.000e+00
      98.66     0.0718          9   4.374304      1.356    -1.8000   27.76414  -89.00384    140.676    120.466  247.51457  247.33345 1.1856e-01 1.4708e+01    202.209          1     107021    135.837    14.7350    14.7326    130.045   4459.167     1.8059     1.7143     4.9328     4.5849     0.0000     0.0000     1.8059          9  0.000e+00
      98.66     0.0718          9   4.374290     -1.016    -1.8000   27.76414  -89.00384    140.808    120.466  247.51504  247.33392 1.1856e-01 1.4708e+01    202.167          1     107022    135.837    14.7349    14.7323    130.046   4459.208     1.8071     1.7143     4.9328     4.5849     0.0000     0.0000     1.8071          9  0.000e+00
      98.66     0.0718          9   4.374247      1.017    -1.8000   27.76414  -89.00384    140.678    120.467  247.51831  247.33725 1.1856e-01 1.4707e+01    202.209          1     107023    135.799    14.7341    14.7323    130.006   4459.250     1.8059     1.7143     4.9328     4.5849     0.0000     0.0000     1.8059          9  0.000e+00
