tests/data/CTD/g01l06s05.ros
* Sea-Bird SBE 9 Data File:
* FileName = D:\CTD DATA\2013\PE13-01 DiMarco\G01L06S05.hex
* Software Version Seasave V 7.21g
* Temperature SN = 4515
* Conductivity SN = 3079
* Number of Bytes Per Scan = 40
* Number of Voltage Words = 5
* Number of Scans Averaged by the Deck Unit = 1
* NMEA Latitude = 27 44.99 N
* NMEA Longitude = 087 59.95 W
* NMEA UTC (Time) = Jul 09 2012  17:01:20
* NMEA baud rate = 4800
# nquan = 31
# nvalues = 588                                   
# units = specified
# name 0 = altM: Altimeter [m]
# name 1 = bat: Beam Attenuation, Chelsea/Seatech [1/m]
# name 2 = bpos: Bottle Position in Carousel
# name 3 = c0S/m: Conductivity [S/m]
# name 4 = dz/dtM: Descent Rate [m/s]
# name 5 = wetCDOM: Fluorescence, WET Labs CDOM [mg/m^3]
# name 6 = latitude: Latitude [deg]
# name 7 = longitude: Longitude [deg]
# name 8 = sbeox0Mm/Kg: Oxygen, SBE 43 [umol/kg]
# name 9 = sbeox1Mm/Kg: Oxygen, SBE 43, 2 [umol/kg]
# name 10 = oxsolMm/Kg: Oxygen Saturation, Garcia & Gordon [umol/kg]
# name 11 = oxsatMm/Kg: Oxygen Saturation, Weiss [umol/kg]
# name 12 = par: PAR/Irradiance, Biospherical/Licor
# name 13 = pla: Plume Anomaly
# name 14 = prDM: Pressure, Digiquartz [db]
# name 15 = pumps: Pump Status
# name 16 = scan: Scan Count
# name 17 = sva: Specific Volume Anomaly [10^-8 * m^3/kg]
# name 18 = t090C: Temperature [ITS-90, deg C]
# name 19 = t190C: Temperature, 2 [ITS-90, deg C]
# name 20 = tsa: Thermosteric Anomaly [10^-8 * m^3/kg]
# name 21 = timeS: Time, Elapsed [seconds]
# name 22 = v0: Voltage 0
# name 23 = v1: Voltage 1
# name 24 = v2: Voltage 2
# name 25 = v3: Voltage 3
# name 26 = v4: Voltage 4
# name 27 = v5: Voltage 5
# name 28 = sbeox0V: Oxygen raw, SBE 43 [V]
# name 29 = nbf: Bottles Fired
# name 30 = flag:  0.000e+00
# interval = seconds: 0.0416667
# start_time = Jul 09 2012 17:01:20 [NMEA time, header]
# bad_flag = -9.990e-29
*END*
[from data line 562]
      98.58     0.0697         12   5.911172      0.338    -1.8000   27.74642  -87.97632    199.496    176.711  191.29394  190.81313 1.1856e-01 2.9448e+01      0.787          1     173666    522.771    29.4408    29.4308    522.942   7236.042     2.9512     2.8071     4.9292     4.5873     0.0000     0.0000     2.9512         12  0.000e+00
      98.58     0.0697         12   5.911220     -0.337    -1.8000   27.74642  -87.97632    199.496    176.711  191.29432  190.81350 1.1856e-01 2.9447e+01      0.773          1     173667    522.715    29.4405    29.4308    522.886   7236.083     2.9512     2.8071     4.9292     4.5873     0.0000     0.0000     2.9512         12  0.000e+00
      98.56     0.0697         12   5.911316      1.519    -1.8000   27.74642  -87.97632    199.396    176.712  191.29235  190.81154 1.1856e-01 2.9448e+01      0.837          1     173668    522.721    29.4410    29.4308    522.890   7236.125     2.9499     2.8071     4.9280     4.5873     0.0000     0.0000     2.9499         12  0.000e+00
      98.58     0.0686         12   5.911300     -1.519    -1.8000   27.74642  -87.97632    199.494    176.710  191.29210  190.81130 1.1856e-01 2.9448e+01      0.773          1     173669    522.740    29.4412    29.4311    522.911   7236.167     2.9512     2.8071     4.9292     4.5885     0.0000     0.0000     2.9512         12  0.000e+00
      98.56     0.0697         12   5.911284      0.338    -1.8000   27.74642  -87.97632    199.494    176.803  191.29181  190.81101 1.1856e-01 2.9448e+01      0.787          1     173670    522.766    29.4414    29.4314    522.936   7236.208     2.9512     2.8083     4.9280     4.5873     0.0000     0.0000     2.9512         12  0.000e+00
      98.56     0.0697         12   5.911404     -0.337    -1.8000   27.74642  -87.97632    199.491    176.802  191.28925  190.80847 1.1856e-01 2.9449e+01      0.773          1     173671    522.770    29.4422    29.4314    522.941   7236.250     2.9512     2.8083     4.9280     4.5873     0.0000     0.0000     2.9512         12  0.000e+00
      98.58     0.0686         12   5.911500     -1.012    -1.8000   27.74642  -87.97632    199.489    176.799  191.28810  190.80732 1.1856e-01 2.9449e+01      0.731          1     173672    522.734    29.4423    29.4325    522.907   7236.292     2.9512     2.8083     4.9292     4.5885     0.0000     0.0000     2.9512         12  0.000e+00
      98.56     0.0697         12   5.911452      1.013    -1.8000   27.74642  -87.97632    199.490    176.798  191.28850  190.80773 1.1856e-01 2.9449e+01      0.773          1     173673    522.761    29.4423    29.4337    522.932   7236.333     2.9512     2.8083     4.9280     4.5873     0.0000     0.0000     2.9512         12  0.000e+00
      98.56     0.0697         12   5.911508      0.338    -1.8000   27.74642  -87.97632    199.489    176.798  191.28727  190.80650 1.1856e-01 2.9450e+01      0.787          1     173674    522.766    29.4427    29.4334    522.937   7236.375     2.9512     2.8083     4.9280     4.5873     0.0000     0.0000     2.9512         12  0.000e+00
      98.56     0.0697         12   5.911564     -1.519    -1.8000   27.74642  -87.97632    199.487    176.796  191.28636  190.80560 1.1856e-01 2.9450e+01      0.724          1     173675    522.752    29.4429    29.4336    522.925   7236.417     2.9512     2.8083     4.9280     4.5873     0.0000     0.0000     2.9512         12  0.000e+00
      98.58     0.0697         12   5.911572      1.519    -1.8000   27.74642  -87.97632    199.488    176.798  191.28553  190.80478 1.1856e-01 2.9450e+01      0.788          1     173676    522.784    29.4433    29.4334    522.955   7236.458     2.9512     2.8083     4.9292     4.5873     0.0000     0.0000     2.9512         12  0.000e+00
      98.56     0.0697         12   5.911580     -1.519    -1.8000   27.74642  -87.97632    199.386    176.798  191.28509  190.80434 1.1856e-01 2.9450e+01      0.724          1     173677    522.790    29.4434    29.4328    522.964   7236.500     2.9499     2.8083     4.9280     4.5873     0.0000     0.0000     2.9499         12  0.000e+00
      98.58     0.0686         12   5.911611      0.169    -1.8000   27.74642  -87.97632    199.484    176.797  191.28362  190.80288 1.1856e-01 2.9451e+01      0.731          1     173678    522.825    29.4440    29.4330    522.998   7236.542     2.9512     2.8083     4.9292     4.5885     0.0000     0.0000     2.9512         12  0.000e+00
      98.56     0.0697         12   5.911651      1.013    -1.8000   27.74642  -87.97632    199.384    176.795  191.28174  190.80101 1.1856e-01 2.9452e+01      0.773          1     173679    522.871    29.4447    29.4345    523.043   7236.583     2.9499     2.8083     4.9280     4.5873     0.0000     0.0000     2.9499         12  0.000e+00
      98.58     0.0697         12   5.911643     -1.012    -1.8000   27.74642  -87.97632    199.383    176.790  191.28179  190.80107 1.1856e-01 2.9452e+01      0.731          1     173680    522.873    29.4447    29.4364    523.046   7236.625     2.9499     2.8083     4.9292     4.5873     0.0000     0.0000     2.9499         12  0.000e+00
      98.58     0.0686         12   5.911659     -0.169    -1.8000   27.74642  -87.97632    199.482    176.694  191.28130  190.80058 1.1856e-01 2.9452e+01      0.724          1     173681    522.879    29.4449    29.4375    523.052   7236.667     2.9512     2.8071     4.9292     4.5885     0.0000     0.0000     2.9512         12  0.000e+00
      98.58     0.0686         12   5.911627      0.169    -1.8000   27.74642  -87.97632    199.383    176.692  191.28235  190.80162 1.1856e-01 2.9451e+01      0.731          1     173682    522.863    29.4445    29.4384    523.036   7236.708     2.9499     2.8071     4.9292     4.5885     0.0000     0.0000     2.9499         12  0.000e+00
      98.58     0.0686         12   5.911627      1.013    -1.8000   27.74642  -87.97632    199.384    176.694  191.28237  190.80163 1.1856e-01 2.9451e+01      0.774          1     173683    522.866    29.4445    29.4380    523.037   7236.750     2.9499     2.8071     4.9292     4.5885     0.0000     0.0000     2.9499         12  0.000e+00
      98.58     0.0697         12   5.911619     -2.194    -1.8000   27.74642  -87.97632    199.285    176.602  191.28432  190.80357 1.1856e-01 2.9451e+01      0.682          1     173684    522.786    29.4436    29.4364    522.961   7236.792     2.9487     2.8059     4.9292     4.5873     0.0000     0.0000     2.9487         12  0.000e+00
      98.56     0.0708         12   5.911580      0.000    -1.8000   27.74642  -87.97632    199.386    176.606  191.28586  190.80510 1.1856e-01 2.9450e+01      0.682          1     173685    522.756    29.4431    29.4343    522.931   7236.833     2.9499     2.8059     4.9280     4.5861     0.0000     0.0000     2.9499         12  0.000e+00
      98.56     0.0708         12   5.911580      2.194    -1.8000   27.74642  -87.97632    199.287    176.611  191.28468  190.80393 1.1856e-01 2.9451e+01      0.774          1     173686    522.811    29.4436    29.4330    522.982   7236.875     2.9487     2.8059     4.9280     4.5861     0.0000     0.0000     2.9487         12  0.000e+00
      98.56     0.0697         12   5.911572     -2.194    -1.8000   27.74642  -87.97632    199.383    176.610  191.28358  190.80284 1.1856e-01 2.9451e+01      0.682          1     173687    522.856    29.4442    29.4326    523.031   7236.917     2.9499     2.8059     4.9280     4.5873     0.0000     0.0000     2.9499         12  0.000e+00
      98.56     0.0708         12   5.911460      1.013    -1.8000   27.74642  -87.97632    199.285    176.704  191.28373  190.80299 1.1856e-01 2.9451e+01      0.724          1     173688    522.945    29.4445    29.4330    523.119   7236.958     2.9487     2.8071     4.9280     4.5861     0.0000     0.0000     2.9487         12  0.000e+00
      98.58     0.0708         12   5.911476     -1.012    -1.8000   27.74642  -87.97632    199.287    176.703  191.28629  190.80553 1.1856e-01 2.9450e+01      0.682          1     173689    522.824    29.4433    29.4334    523.000   7237.000     2.9487     2.8071     4.9292     4.5861     0.0000     0.0000     2.9487         12  0.000e+00
      98.58     0.0697         12   5.911404      1.013    -1.8000   27.74642  -87.97632    199.390    176.610  191.28881  190.80803 1.1856e-01 2.9449e+01      0.724          1     173690    522.784    29.4424    29.4332    522.957   7237.042     2.9499     2.8059     4.9292     4.5873     0.0000     0.0000     2.9499         12  0.000e+00
      98.58     0.0697         12   5.911412     -1.012    -1.8000   27.74642  -87.97632    199.389    176.611  191.28916  190.80838 1.1856e-01 2.9449e+01      0.682          1     173691    522.760    29.4422    29.4325    522.935   7237.083     2.9499     2.8059     4.9292     4.5873     0.0000     0.0000     2.9499         12  0.000e+00
