tests/data/CTD/g01l02s03.ros
* Sea-Bird SBE 9 Data File:
* FileName = D:\CTD DATA\2013\PE13-01 DiMarco\G01L02S03.hex
* Software Version Seasave V 7.21g
* Temperature SN = 4515
* Conductivity SN = 3079
* Number of Bytes Per Scan = 40
* Number of Voltage Words = 5
* Number of Scans Averaged by the Deck Unit = 1
* NMEA Latitude = 28 15.05 N
* NMEA Longitude = 089 00.00 W
* NMEA UTC (Time) = Jul 08 2012  10:06:00
* NMEA baud rate = 4800
# nquan = 31
# nvalues = 588                                   
# units = specified
# name 0 = altM: Altimeter [m]
# name 1 = bat: Beam Attenuation, Chelsea/Seatech [1/m]
# name 2 = bpos: Bottle Position in Carousel
# name 3 = c0S/m: Conductivity [S/m]
# name 4 = dz/dtM: Descent Rate [m/s]
# name 5 = wetCDOM: Fluorescence, WET Labs CDOM [mg/m^3]
# name 6 = latitude: Latitude [deg]
# name 7 = longitude: Longitude [deg]
# name 8 = sbeox0Mm/Kg: Oxygen, SBE 43 [umol/kg]
# name 9 = sbeox1Mm/Kg: Oxygen, SBE 43, 2 [umol/kg]
# name 10 = oxsolMm/Kg: Oxygen Saturation, Garcia & Gordon [umol/kg]
# name 11 = oxsatMm/Kg: Oxygen Saturation, Weiss [umol/kg]
# name 12 = par: PAR/Irradiance, Biospherical/Licor
# name 13 = pla: Plume Anomaly
# name 14 = prDM: Pressure, Digiquartz [db]
# name 15 = pumps: Pump Status
# name 16 = scan: Scan Count
# name 17 = sva: Specific Volume Anomaly [10^-8 * m^3/kg]
# name 18 = t090C: Temperature [ITS-90, deg C]
# name 19 = t190C: Temperature, 2 [ITS-90, deg C]
# name 20 = tsa: Thermosteric Anomaly [10^-8 * m^3/kg]
# name 21 = timeS: Time, Elapsed [seconds]
# name 22 = v0: Voltage 0
# name 23 = v1: Voltage 1
# name 24 = v2: Voltage 2
# name 25 = v3: Voltage 3
# name 26 = v4: Voltage 4
# name 27 = v5: Voltage 5
# name 28 = sbeox0V: Oxygen raw, SBE 43 [V]
# name 29 = nbf: Bottles Fired
# name 30 = flag:  0.000e+00
# interval = seconds: 0.0416667
# start_time = Jul 08 2012 10:06:00 [NMEA time, header]
# bad_flag = -9.990e-29
*END*
[from data line 47]
       8.03     0.0911          1   3.349562      0.346     3.3893   28.25944  -89.00294    205.578    174.728  311.13556  311.88834 1.3667e-01 4.4057e+00   1185.376          1      50785     51.055     4.5013     4.5011     38.747   2116.000     1.8242     1.7253     0.4017     4.5629     0.0611     0.2076     1.8242          1  0.000e+00
       8.01     0.0911          1   3.349562     -0.345     3.3893   28.25944  -89.00294    205.578    174.729  311.13698  311.88981 1.3745e-01 4.4054e+00   1185.361          1      50786     51.029     4.5011     4.5009     38.721   2116.042     1.8242     1.7253     0.4005     4.5629     0.0635     0.2076     1.8242          1  0.000e+00
      98.66     0.0569          2   3.379517      3.959     3.4808   28.26050  -89.00370    189.277    160.245  308.07796  308.77324 1.3784e-01 4.8373e+00   1033.983          1      59305     56.253     4.9227     4.9228     44.598   2471.000     1.7570     1.6593     4.9328     4.6020     0.0647     0.2112     1.7570          2  0.000e+00
      98.66     0.0569          2   3.379510      0.001     3.4808   28.26050  -89.00370    189.276    160.245  308.07720  308.77244 1.3784e-01 4.8375e+00   1033.983          1      59306     56.276     4.9229     4.9227     44.621   2471.042     1.7570     1.6593     4.9328     4.6020     0.0647     0.2112     1.7570          2  0.000e+00
      98.66     0.0569          2   3.379523     -1.204     3.4808   28.26050  -89.00370    189.090    160.415  308.07680  308.77205 1.3784e-01 4.8375e+00   1033.932          1      59307     56.263     4.9229     4.9226     44.608   2471.083     1.7558     1.6606     4.9328     4.6020     0.0647     0.2112     1.7558          2  0.000e+00
      98.66     0.0569          2   3.379561      2.410     3.4808   28.26050  -89.00370    189.277    160.418  308.07590  308.77116 1.3823e-01 4.8375e+00   1034.033          1      59308     56.235     4.9229     4.9224     44.579   2471.125     1.7570     1.6606     4.9328     4.6020     0.0659     0.2112     1.7570          2  0.000e+00
      98.66     0.0569          2   3.379536     -2.409     3.4808   28.26050  -89.00370    189.091    160.415  308.07810  308.77341 1.3784e-01 4.8372e+00   1033.932          1      59309     56.222     4.9225     4.9226     44.567   2471.167     1.7558     1.6606     4.9328     4.6020     0.0647     0.2112     1.7558          2  0.000e+00
      98.66     0.0580          2   3.379529      0.001     3.4808   28.26050  -89.00370    189.090    160.244  308.07664  308.77188 1.3784e-01 4.8375e+00   1033.932          1      59310     56.257     4.9229     4.9226     44.602   2471.208     1.7558     1.6593     4.9328     4.6007     0.0647     0.2112     1.7558          2  0.000e+00
      98.66     0.0569          2   3.379510      0.001     3.4808   28.26050  -89.00370    189.275    160.244  308.07714  308.77238 1.3784e-01 4.8375e+00   1033.932          1      59311     56.274     4.9229     4.9226     44.619   2471.250     1.7570     1.6593     4.9328     4.6020     0.0647     0.2112     1.7570          2  0.000e+00
      98.66     0.0569          2   3.379555     -0.171     3.4808   28.26050  -89.00370    189.275    160.245  308.07665  308.77193 1.3784e-01 4.8373e+00   1033.925          1      59312     56.223     4.9227     4.9226     44.567   2471.292     1.7570     1.6593     4.9328     4.6020     0.0647     0.2112     1.7570          2  0.000e+00
      98.66     0.0569          2   3.379536      0.173     3.4808   28.26050  -89.00370    189.090    160.245  308.07647  308.77172 1.3784e-01 4.8375e+00   1033.933          1      59313     56.252     4.9229     4.9224     44.597   2471.333     1.7558     1.6593     4.9328     4.6020     0.0647     0.2112     1.7558          2  0.000e+00
      98.66     0.0569          2   3.379510      0.001     3.4808   28.26050  -89.00370    189.091    160.245  308.07808  308.77335 1.3863e-01 4.8373e+00   1033.933          1      59314     56.257     4.9227     4.9223     44.602   2471.375     1.7558     1.6593     4.9328     4.6020     0.0672     0.2112     1.7558          2  0.000e+00
      98.66     0.0569          2   3.379542     -0.172     3.4808   28.26050  -89.00370    189.274    160.245  308.07629  308.77154 1.3784e-01 4.8375e+00   1033.925          1      59315     56.246     4.9229     4.9224     44.591   2471.417     1.7570     1.6593     4.9328     4.6020     0.0647     0.2112     1.7570          2  0.000e+00
      98.66     0.0569          2   3.379523      0.173     3.4808   28.26050  -89.00370    189.090    160.415  308.07610  308.77132 1.3784e-01 4.8376e+00   1033.933          1      59316     56.276     4.9230     4.9226     44.621   2471.458     1.7558     1.6606     4.9328     4.6020     0.0647     0.2112     1.7558          2  0.000e+00
      98.66     0.0569          2   3.379549     -1.376     3.4808   28.26050  -89.00370    189.089    160.413  308.07677  308.77204 1.3784e-01 4.8374e+00   1033.875          1      59317     56.226     4.9227     4.9226     44.571   2471.500     1.7558     1.6606     4.9328     4.6020     0.0647     0.2112     1.7558          2  0.000e+00
      98.68     0.0569          2   3.379517      1.377     3.4808   28.26050  -89.00370    189.090    160.244  308.07627  308.77149 1.3784e-01 4.8376e+00   1033.933          1      59318     56.281     4.9230     4.9226     44.626   2471.542     1.7558     1.6593     4.9341     4.6020     0.0647     0.2112     1.7558          2  0.000e+00
      98.66     0.0569          2   3.379523     -1.548     3.4808   28.26050  -89.00370    189.273    160.414  308.07673  308.77198 1.3823e-01 4.8375e+00   1033.868          1      59319     56.260     4.9229     4.9224     44.606   2471.583     1.7570     1.6606     4.9328     4.6020     0.0659     0.2112     1.7570          2  0.000e+00
      98.66     0.0580          2   3.379549      0.173     3.4808   28.26050  -89.00370    189.088    160.414  308.07606  308.77132 1.3784e-01 4.8375e+00   1033.875          1      59320     56.239     4.9229     4.9226     44.584   2471.625     1.7558     1.6606     4.9328     4.6007     0.0647     0.2112     1.7558          2  0.000e+00
      98.68     0.0569          2   3.379523      1.377     3.4808   28.26050  -89.00370    189.275    160.415  308.07680  308.77205 1.3784e-01 4.8375e+00   1033.933          1      59321     56.263     4.9229     4.9226     44.608   2471.667     1.7570     1.6606     4.9341     4.6020     0.0647     0.2112     1.7570          2  0.000e+00
      98.68     0.0569          2   3.379504     -1.376     3.4198   28.26050  -89.00370    189.089    160.414  308.07725  308.77248 1.3784e-01 4.8375e+00   1033.875          1      59322     56.276     4.9229     4.9226     44.622   2471.708     1.7558     1.6606     4.9341     4.6020     0.0647     0.2088     1.7558          2  0.000e+00
      98.66     0.0569          2   3.379542     -0.172     3.3893   28.26050  -89.00370    189.088    160.414  308.07623  308.77148 1.3784e-01 4.8375e+00   1033.868          1      59323     56.244     4.9229     4.9226     44.589   2471.750     1.7558     1.6606     4.9328     4.6020     0.0647     0.2076     1.7558          2  0.000e+00
      98.66     0.0569          2   3.379517      0.173     3.3587   28.26050  -89.00372    189.090    160.414  308.07784  308.77312 1.3784e-01 4.8373e+00   1033.875          1      59324     56.248     4.9227     4.9224     44.594   2471.792     1.7558     1.6606     4.9328     4.6020     0.0647     0.2063     1.7558          2  0.000e+00
      98.66     0.0569          2   3.379510      0.001     3.3587   28.26050  -89.00372    189.089    160.414  308.07708  308.77232 1.3784e-01 4.8375e+00   1033.875          1      59325     56.271     4.9229     4.9224     44.617   2471.833     1.7558     1.6606     4.9328     4.6020     0.0647     0.2063     1.7558          2  0.000e+00
      98.66     0.0580          2   3.379504      1.377     3.3587   28.26050  -89.00372    188.906    160.244  308.07731  308.77255 1.3784e-01 4.8375e+00   1033.933          1      59326     56.279     4.9229     4.9226     44.625   2471.875     1.7546     1.6593     4.9328     4.6007     0.0647     0.2063     1.7546          2  0.000e+00
      98.66     0.0569          2   3.379523     -2.753     3.3587   28.26050  -89.00372    189.088    160.242  308.07761  308.77289 1.3784e-01 4.8373e+00   1033.818          1      59327     56.240     4.9227     4.9226     44.587   2471.917     1.7558     1.6593     4.9328     4.6020     0.0647     0.2063     1.7558          2  0.000e+00
      98.66     0.0580          2   3.379510      0.173     3.3587   28.26050  -89.00372    189.088    160.242  308.07702  308.77226 1.3784e-01 4.8375e+00   1033.825          1      59328     56.269     4.9229     4.9224     44.615   2471.958     1.7558     1.6593     4.9328     4.6007     0.0647     0.2063     1.7558          2  0.000e+00
      98.66     0.0569          2   3.379510      1.205     3.3587   28.26050  -89.00372    189.090    160.244  308.07871  308.77401 1.3784e-01 4.8372e+00   1033.876          1      59329     56.241     4.9225     4.9221     44.587   2472.000     1.7558     1.6593     4.9328     4.6020     0.0647     0.2063     1.7558          2  0.000e+00
      98.68     0.0569          2   3.379523     -0.172     3.3587   28.26050  -89.00372    189.089    160.243  308.07673  308.77198 1.3784e-01 4.8375e+00   1033.868          1      59330     56.260     4.9229     4.9224     44.606   2472.042     1.7558     1.6593     4.9341     4.6020     0.0647     0.2063     1.7558          2  0.000e+00
      98.66     0.0559          2   3.379510     -1.032     3.3587   28.26050  -89.00372    189.088    160.413  308.07702  308.77226 1.3745e-01 4.8375e+00   1033.825          1      59331     56.269     4.9229     4.9224     44.615   2472.083     1.7558     1.6606     4.9328     4.6032     0.0635     0.2063     1.7558          2  0.000e+00
      98.66     0.0569          2   3.379504      1.205     3.3282   28.26050  -89.00372    189.274    160.414  308.07795  308.77321 1.3784e-01 4.8374e+00   1033.876          1      59332     56.264     4.9227     4.9224     44.610   2472.125     1.7570     1.6606     4.9328     4.6020     0.0647     0.2051     1.7570          2  0.000e+00
      98.66     0.0569          2   3.379504     -1.204     3.3587   28.26050  -89.00372    189.088    160.414  308.07719  308.77243 1.3784e-01 4.8375e+00   1033.825          1      59333     56.274     4.9229     4.9223     44.621   2472.167     1.7558     1.6606     4.9328     4.6020     0.0647     0.2063     1.7558          2  0.000e+00
      98.66     0.0569          2   3.379510      1.033     3.3587   28.26050  -89.00372    189.089    160.414  308.07707  308.77231 1.3784e-01 4.8375e+00   1033.868          1      59334     56.271     4.9229     4.9224     44.617   2472.208     1.7558     1.6606     4.9328     4.6020     0.0647     0.2063     1.7558          2  0.000e+00
      98.68     0.0569          2   3.379523     -1.032     3.3587   28.26050  -89.00372    189.088    160.242  308.07668  308.77193 1.3784e-01 4.8375e+00   1033.825          1      59335     56.258     4.9229     4.9224     44.604   2472.250     1.7558     1.6593     4.9341     4.6020     0.0647     0.2063     1.7558          2  0.000e+00
      98.66     0.0569          2   3.379529      0.001     3.3587   28.26050  -89.00372    189.088    160.243  308.07745  308.77273 1.3784e-01 4.8373e+00   1033.826          1      59336     56.235     4.9227     4.9224     44.582   2472.292     1.7558     1.6593     4.9328     4.6020     0.0647     0.2063     1.7558          2  0.000e+00
      98.66     0.0580          2   3.379529      1.205     3.3587   28.26050  -89.00372    189.089    160.242  308.07727  308.77254 1.3745e-01 4.8374e+00   1033.876          1      59337     56.242     4.9227     4.9228     44.588   2472.333     1.7558     1.6593     4.9328     4.6007     0.0635     0.2063     1.7558          2  0.000e+00
      98.66     0.0569          2   3.379517     -1.376     3.3587   28.26050  -89.00372    189.087    160.242  308.07684  308.77209 1.3784e-01 4.8375e+00   1033.818          1      59338     56.263     4.9229     4.9224     44.609   2472.375     1.7558     1.6593     4.9328     4.6020     0.0647     0.2063     1.7558          2  0.000e+00
      98.68     0.0569          2   3.379504      1.377     3.3587   28.26050  -89.00372    189.090    160.414  308.07795  308.77321 1.3823e-01 4.8374e+00   1033.876          1      59339     56.264     4.9227     4.9226     44.610   2472.417     1.7558     1.6606     4.9341     4.6020     0.0659     0.2063     1.7558          2  0.000e+00
      98.66     0.0569          2   3.379523     -1.204     3.3587   28.26050  -89.00372    189.088    160.413  308.07668  308.77193 1.3784e-01 4.8375e+00   1033.826          1      59340     56.258     4.9229     4.9224     44.604   2472.458     1.7558     1.6606     4.9328     4.6020     0.0647     0.2063     1.7558          2  0.000e+00
      98.68     0.0569          2   3.379529      1.033     3.3587   28.26050  -89.00372    189.089    160.244  308.07726  308.77254 1.3784e-01 4.8374e+00   1033.869          1      59341     56.242     4.9227     4.9223     44.587   2472.500     1.7558     1.6593     4.9341     4.6020     0.0647     0.2063     1.7558          2  0.000e+00
      98.68     0.0569          2   3.379536     -1.032     3.3587   28.26050  -89.00372    189.087    160.413  308.07635  308.77160 1.3745e-01 4.8375e+00   1033.826          1      59342     56.247     4.9229     4.9224     44.593   2472.542     1.7558     1.6606     4.9341     4.6020     0.0635     0.2063     1.7558          2  0.000e+00
      98.68     0.0569          2   3.379510      1.205     3.3587   28.26050  -89.00372    189.089    160.414  308.07708  308.77232 1.3823e-01 4.8375e+00   1033.876          1      59343     56.271     4.9229     4.9226     44.617   2472.583     1.7558     1.6606     4.9341     4.6020     0.0659     0.2063     1.7558          2  0.000e+00
      98.66     0.0580          2   3.379523     -1.204     3.3587   28.26050  -89.00372    189.088    160.414  308.07739  308.77265 1.3784e-01 4.8374e+00   1033.826          1      59344     56.245     4.9227     4.9223     44.591   2472.625     1.7558     1.6606     4.9328     4.6007     0.0647     0.2063     1.7558          2  0.000e+00
      98.66     0.0569          2   3.379529      1.033     3.3282   28.26050  -89.00372    189.088    160.244  308.07656  308.77181 1.3784e-01 4.8375e+00   1033.869          1      59345     56.254     4.9229     4.9224     44.600   2472.667     1.7558     1.6593     4.9328     4.6020     0.0647     0.2051     1.7558          2  0.000e+00
      98.66     0.0569          2   3.379491      0.173     3.3587   28.26050  -89.00372    189.089    160.244  308.07758  308.77282 1.3784e-01 4.8375e+00   1033.876          1      59346     56.287     4.9229     4.9223     44.633   2472.708     1.7558     1.6593     4.9328     4.6020     0.0647     0.2063     1.7558          2  0.000e+00
      98.66     0.0569          2   3.379498     -1.204     3.3282   28.26050  -89.00372    189.273    160.243  308.07829  308.77356 1.3784e-01 4.8373e+00   1033.826          1      59347     56.262     4.9227     4.9223     44.609   2472.750     1.7570     1.6593     4.9328     4.6020     0.0647     0.2051     1.7570          2  0.000e+00
      98.68     0.0569          2   3.379504      1.205     3.3587   28.26050  -89.00372    189.274    160.244  308.07795  308.77321 1.3784e-01 4.8374e+00   1033.876          1      59348     56.264     4.9227     4.9223     44.610   2472.792     1.7570     1.6593     4.9341     4.6020     0.0647     0.2063     1.7570          2  0.000e+00
