tests/data/CTD/g01l06s04.ros
* Sea-Bird SBE 9 Data File:
* FileName = D:\CTD DATA\2013\PE13-01 DiMarco\G01L06S04.hex
* Software Version Seasave V 7.21g
* Temperature SN = 4515
* Conductivity SN = 3079
* Number of Bytes Per Scan = 40
* Number of Voltage Words = 5
* Number of Scans Averaged by the Deck Unit = 1
* NMEA Latitude = 27 59.99 N
* NMEA Longitude = 087 59.97 W
* NMEA UTC (Time) = Jul 09 2012  13:15:48
* NMEA baud rate = 4800
# nquan = 31
# nvalues = 588                                   
# units = specified
# name 0 = altM: Altimeter [m]
# name 1 = bat: Beam Attenuation, Chelsea/Seatech [1/m]
# name 2 = bpos: Bottle Position in Carousel
# name 3 = c0S/m: Conductivity [S/m]
# name 4 = dz/dtM: Descent Rate [m/s]
# name 5 = wetCDOM: Fluorescence, WET Labs CDOM [mg/m^3]
# name 6 = latitude: Latitude [deg]
# name 7 = longitude: Longitude [deg]
# name 8 = sbeox0Mm/Kg: Oxygen, SBE 43 [umol/kg]
# name 9 = sbeox1Mm/Kg: Oxygen, SBE 43, 2 [umol/kg]
# name 10 = oxsolMm/Kg: Oxygen Saturation, Garcia & Gordon [umol/kg]
# name 11 = oxsatMm/Kg: Oxygen Saturation, Weiss [umol/kg]
# name 12 = par: PAR/Irradiance, Biospherical/Licor
# name 13 = pla: Plume Anomaly
# name 14 = prDM: Pressure, Digiquartz [db]
# name 15 = pumps: Pump Status
# name 16 = scan: Scan Count
# name 17 = sva: Specific Volume Anomaly [10^-8 * m^3/kg]
# name 18 = t090C: Temperature [ITS-90, deg C]
# name 19 = t190C: Temperature, 2 [ITS-90, deg C]
# name 20 = tsa: Thermosteric Anomaly [10^-8 * m^3/kg]
# name 21 = timeS: Time, Elapsed [seconds]
# name 22 = v0: Voltage 0
# name 23 = v1: Voltage 1
# name 24 = v2: Voltage 2
# name 25 = v3: Voltage 3
# name 26 = v4: Voltage 4
# name 27 = v5: Voltage 5
# name 28 = sbeox0V: Oxygen raw, SBE 43 [V]
# name 29 = nbf: Bottles Fired
# name 30 = flag:  0.000e+00
# interval = seconds: 0.0416667
# start_time = Jul 09 2012 13:15:48 [NMEA time, header]
# bad_flag = -9.990e-29
*END*
[from data line 234]
      98.66     0.0368          5   3.362854      0.001    -1.8000   28.00214  -87.98588    198.685    168.525  310.10481  310.83805 1.1856e-01 4.5433e+00   1211.739          1     132484     53.643     4.6426     4.6411     40.715   5520.125     1.7802     1.6825     4.9328     4.6252     0.0000     0.0000     1.7802          5  0.000e+00
      98.66     0.0368          5   3.362841      1.209    -1.8000   28.00214  -87.98588    198.687    168.527  310.10616  310.83943 1.1856e-01 4.5431e+00   1211.789          1     132485     53.639     4.6424     4.6411     40.711   5520.167     1.7802     1.6825     4.9328     4.6252     0.0000     0.0000     1.7802          5  0.000e+00
      98.68     0.0368          5   3.362809      0.691    -1.8000   28.00214  -87.98588    198.689    168.527  310.10775  310.84104 1.1856e-01 4.5430e+00   1211.818          1     132486     53.654     4.6423     4.6412     40.727   5520.208     1.7802     1.6825     4.9341     4.6252     0.0000     0.0000     1.7802          5  0.000e+00
      98.68     0.0368          5   3.362803     -0.690    -1.8000   28.00214  -87.98588    198.689    168.527  310.10932  310.84265 1.1856e-01 4.5427e+00   1211.789          1     132487     53.632     4.6420     4.6409     40.706   5520.250     1.7802     1.6825     4.9341     4.6252     0.0000     0.0000     1.7802          5  0.000e+00
      98.66     0.0368          5   3.362784      0.001    -1.8000   28.00214  -87.98588    198.692    168.526  310.11245  310.84586 1.1856e-01 4.5422e+00   1211.789          1     132488     53.601     4.6415     4.6411     40.675   5520.292     1.7802     1.6825     4.9328     4.6252     0.0000     0.0000     1.7802          5  0.000e+00
      98.68     0.0368          5   3.362797      2.591    -1.8000   28.00214  -87.98588    198.694    168.530  310.11128  310.84466 1.1856e-01 4.5423e+00   1211.897          1     132489     53.613     4.6417     4.6409     40.685   5520.333     1.7802     1.6825     4.9341     4.6252     0.0000     0.0000     1.7802          5  0.000e+00
      98.68     0.0368          5   3.362822     -1.899    -1.8000   28.00214  -87.98588    198.691    168.528  310.10979  310.84316 1.1856e-01 4.5425e+00   1211.818          1     132490     53.600     4.6418     4.6411     40.673   5520.375     1.7802     1.6825     4.9341     4.6252     0.0000     0.0000     1.7802          5  0.000e+00
      98.66     0.0368          5   3.362809      1.901    -1.8000   28.00214  -87.98588    198.693    168.527  310.11022  310.84358 1.1856e-01 4.5425e+00   1211.898          1     132491     53.615     4.6418     4.6416     40.687   5520.417     1.7802     1.6825     4.9328     4.6252     0.0000     0.0000     1.7802          5  0.000e+00
      98.66     0.0368          5   3.362841      0.001    -1.8000   28.00214  -87.98588    198.691    168.526  310.10770  310.84102 1.1856e-01 4.5428e+00   1211.898          1     132492     53.618     4.6421     4.6419     40.689   5520.458     1.7802     1.6825     4.9328     4.6252     0.0000     0.0000     1.7802          5  0.000e+00
      98.66     0.0368          5   3.362841      0.001    -1.8000   28.00214  -87.98588    198.691    168.527  310.10699  310.84028 1.1856e-01 4.5430e+00   1211.898          1     132493     53.631     4.6423     4.6417     40.702   5520.500     1.7802     1.6825     4.9328     4.6252     0.0000     0.0000     1.7802          5  0.000e+00
      98.66     0.0368          5   3.362784      1.209    -1.8000   28.00214  -87.98588    198.695    168.531  310.11167  310.84505 1.1856e-01 4.5423e+00   1211.948          1     132494     53.626     4.6417     4.6409     40.698   5520.542     1.7802     1.6825     4.9328     4.6252     0.0000     0.0000     1.7802          5  0.000e+00
      98.68     0.0431          6   3.404353     -0.171    -1.8000   28.00214  -87.98524    177.768    150.416  305.94853  306.60447 1.1856e-01 5.1350e+00   1009.617          1     139263     60.782     5.2203     5.2197     48.790   5802.583     1.6935     1.6007     4.9341     4.6178     0.0000     0.0000     1.6935          6  0.000e+00
      98.68     0.0431          6   3.404385      2.753    -1.8000   28.00214  -87.98524    177.588    150.588  305.94806  306.60401 1.1856e-01 5.1349e+00   1009.732          1     139264     60.756     5.2203     5.2197     48.762   5802.625     1.6923     1.6020     4.9341     4.6178     0.0000     0.0000     1.6923          6  0.000e+00
      98.68     0.0442          6   3.404404     -3.784    -1.8000   28.00214  -87.98524    177.584    150.584  305.94715  306.60310 1.1856e-01 5.1350e+00   1009.574          1     139265     60.737     5.2203     5.2199     48.744   5802.667     1.6923     1.6020     4.9341     4.6166     0.0000     0.0000     1.6923          6  0.000e+00
      98.68     0.0442          6   3.404378      4.818    -1.8000   28.00214  -87.98524    177.588    150.419  305.94758  306.60351 1.1856e-01 5.1351e+00   1009.775          1     139266     60.776     5.2204     5.2197     48.782   5802.708     1.6923     1.6007     4.9341     4.6166     0.0000     0.0000     1.6923          6  0.000e+00
      98.68     0.0442          6   3.404372     -3.612    -1.8000   28.00214  -87.98524    177.585    150.417  305.94804  306.60398 1.1856e-01 5.1350e+00   1009.624          1     139267     60.766     5.2203     5.2196     48.773   5802.750     1.6923     1.6007     4.9341     4.6166     0.0000     0.0000     1.6923          6  0.000e+00
      98.68     0.0431          6   3.404372      2.409    -1.8000   28.00214  -87.98524    177.588    150.250  305.94815  306.60409 1.1856e-01 5.1350e+00   1009.725          1     139268     60.771     5.2203     5.2196     48.777   5802.792     1.6923     1.5995     4.9341     4.6178     0.0000     0.0000     1.6923          6  0.000e+00
      98.68     0.0442          6   3.404372     -1.032    -1.8000   28.00214  -87.98524    177.587    150.249  305.94833  306.60428 1.1856e-01 5.1349e+00   1009.682          1     139269     60.765     5.2203     5.2197     48.771   5802.833     1.6923     1.5995     4.9341     4.6166     0.0000     0.0000     1.6923          6  0.000e+00
      98.68     0.0431          6   3.404391      0.001    -1.8000   28.00214  -87.98524    177.587    150.418  305.94853  306.60450 1.1856e-01 5.1348e+00   1009.682          1     139270     60.736     5.2201     5.2196     48.742   5802.875     1.6923     1.6007     4.9341     4.6178     0.0000     0.0000     1.6923          6  0.000e+00
      98.68     0.0442          6   3.404404     -0.344    -1.8000   28.00214  -87.98524    177.586    150.418  305.94749  306.60344 1.1856e-01 5.1349e+00   1009.667          1     139271     60.737     5.2203     5.2196     48.743   5802.917     1.6923     1.6007     4.9341     4.6166     0.0000     0.0000     1.6923          6  0.000e+00
      98.68     0.0442          6   3.404404      1.549    -1.8000   28.00214  -87.98524    177.588    150.587  305.94825  306.60423 1.1856e-01 5.1348e+00   1009.732          1     139272     60.727     5.2201     5.2197     48.733   5802.958     1.6923     1.6020     4.9341     4.6166     0.0000     0.0000     1.6923          6  0.000e+00
      98.71     0.0442          6   3.404404     -1.204    -1.8000   28.00214  -87.98524    177.587    150.587  305.94842  306.60441 1.1856e-01 5.1347e+00   1009.682          1     139273     60.721     5.2201     5.2196     48.727   5803.000     1.6923     1.6020     4.9353     4.6166     0.0000     0.0000     1.6923          6  0.000e+00
      98.68     0.0442          6   3.404404     -0.344    -1.8000   28.00214  -87.98524    177.585    150.587  305.94657  306.60249 1.1856e-01 5.1351e+00   1009.667          1     139274     60.754     5.2205     5.2196     48.760   5803.042     1.6923     1.6020     4.9341     4.6166     0.0000     0.0000     1.6923          6  0.000e+00
      98.68     0.0442          6   3.404378      0.345    -1.8000   28.00214  -87.98524    177.587    150.418  305.94886  306.60483 1.1856e-01 5.1348e+00   1009.682          1     139275     60.746     5.2201     5.2196     48.753   5803.083     1.6923     1.6007     4.9341     4.6166     0.0000     0.0000     1.6923          6  0.000e+00
      98.68     0.0442          6   3.404372      0.001    -1.8000   28.00214  -87.98524    177.587    150.419  305.94834  306.60428 1.1856e-01 5.1349e+00   1009.682          1     139276     60.765     5.2203     5.2194     48.771   5803.125     1.6923     1.6007     4.9341     4.6166     0.0000     0.0000     1.6923          6  0.000e+00
      98.68     0.0442          6   3.404372     -0.344    -1.8000   28.00214  -87.98524    177.587    150.249  305.94901  306.60498 1.1856e-01 5.1348e+00   1009.668          1     139277     60.751     5.2201     5.2196     48.758   5803.167     1.6923     1.5995     4.9341     4.6166     0.0000     0.0000     1.6923          6  0.000e+00
      98.68     0.0442          6   3.404410     -1.032    -1.8000   28.00214  -87.98524    177.585    150.417  305.94727  306.60323 1.1856e-01 5.1349e+00   1009.625          1     139278     60.730     5.2203     5.2196     48.736   5803.208     1.6923     1.6007     4.9341     4.6166     0.0000     0.0000     1.6923          6  0.000e+00
      98.68     0.0442          6   3.404430      2.581    -1.8000   28.00214  -87.98524    177.586    150.419  305.94597  306.60191 1.1856e-01 5.1351e+00   1009.732          1     139279     60.736     5.2205     5.2196     48.741   5803.250     1.6923     1.6007     4.9341     4.6166     0.0000     0.0000     1.6923          6  0.000e+00
      98.68     0.0442          6   3.404410     -2.752    -1.8000   28.00214  -87.98524    177.583    150.417  305.94497  306.60085 1.1856e-01 5.1354e+00   1009.617          1     139280     60.772     5.2207     5.2194     48.778   5803.292     1.6923     1.6007     4.9341     4.6166     0.0000     0.0000     1.6923          6  0.000e+00
      98.68     0.0442          6   3.404423      2.753    -1.8000   28.00214  -87.98524    177.768    150.588  305.94453  306.60041 1.1856e-01 5.1354e+00   1009.732          1     139281     60.771     5.2208     5.2196     48.776   5803.333     1.6935     1.6020     4.9341     4.6166     0.0000     0.0000     1.6935          6  0.000e+00
      98.68     0.0442          6   3.404430     -2.580    -1.8000   28.00214  -87.98524    177.583    150.587  305.94424  306.60013 1.1856e-01 5.1354e+00   1009.625          1     139282     60.760     5.2208     5.2194     48.766   5803.375     1.6923     1.6020     4.9341     4.6166     0.0000     0.0000     1.6923          6  0.000e+00
      98.68     0.0442          6   3.404430     -0.171    -1.8000   28.00214  -87.98524    177.582    150.586  305.94378  306.59964 1.1856e-01 5.1355e+00   1009.617          1     139283     60.768     5.2209     5.2196     48.775   5803.417     1.6923     1.6020     4.9341     4.6166     0.0000     0.0000     1.6923          6  0.000e+00
      98.68     0.0442          6   3.404385      1.549    -1.8000   28.00214  -87.98524    177.585    150.587  305.94547  306.60134 1.1856e-01 5.1354e+00   1009.682          1     139284     60.801     5.2208     5.2197     48.807   5803.458     1.6923     1.6020     4.9341     4.6166     0.0000     0.0000     1.6923          6  0.000e+00
      98.68     0.0442          6   3.404410     -1.376    -1.8000   28.00214  -87.98524    177.583    150.586  305.94428  306.60014 1.1856e-01 5.1355e+00   1009.625          1     139285     60.785     5.2209     5.2196     48.791   5803.500     1.6923     1.6020     4.9341     4.6166     0.0000     0.0000     1.6923          6  0.000e+00
      98.68     0.0453          6   3.404410      1.033    -1.8000   28.00214  -87.98524    177.584    150.586  305.94479  306.60067 1.1856e-01 5.1354e+00   1009.668          1     139286     60.778     5.2208     5.2197     48.784   5803.542     1.6923     1.6020     4.9341     4.6154     0.0000     0.0000     1.6923          6  0.000e+00
      98.68     0.0442          6   3.404442     -1.032    -1.8000   28.00214  -87.98524    177.582    150.585  305.94345  306.59932 1.1856e-01 5.1355e+00   1009.625          1     139287     60.758     5.2209     5.2197     48.764   5803.583     1.6923     1.6020     4.9341     4.6166     0.0000     0.0000     1.6923          6  0.000e+00
      98.68     0.0442          6   3.404417      0.001    -1.8000   28.00214  -87.98524    177.584    150.585  305.94550  306.60141 1.1856e-01 5.1353e+00   1009.625          1     139288     60.754     5.2206     5.2199     48.760   5803.625     1.6923     1.6020     4.9341     4.6166     0.0000     0.0000     1.6923          6  0.000e+00
      98.68     0.0453          6   3.404423     -0.171    -1.8000   28.00214  -87.98524    177.582    150.416  305.94371  306.59957 1.1856e-01 5.1356e+00   1009.618          1     139289     60.778     5.2209     5.2199     48.784   5803.667     1.6923     1.6007     4.9341     4.6154     0.0000     0.0000     1.6923          6  0.000e+00
      98.68     0.0442          6   3.404410     -1.032    -1.8000   28.00214  -87.98524    177.582    150.584  305.94423  306.60009 1.1856e-01 5.1355e+00   1009.575          1     139290     60.783     5.2209     5.2197     48.789   5803.708     1.6923     1.6020     4.9341     4.6166     0.0000     0.0000     1.6923          6  0.000e+00
      98.68     0.0442          6   3.404423      1.033    -1.8000   28.00214  -87.98524    177.583    150.584  305.94440  306.60028 1.1856e-01 5.1354e+00   1009.618          1     139291     60.765     5.2208     5.2201     48.772   5803.750     1.6923     1.6020     4.9341     4.6166     0.0000     0.0000     1.6923          6  0.000e+00
      98.68     0.0442          6   3.404410      0.173    -1.8000   28.00214  -87.98524    177.583    150.416  305.94497  306.60086 1.1856e-01 5.1354e+00   1009.625          1     139292     60.772     5.2207     5.2197     48.779   5803.792     1.6923     1.6007     4.9341     4.6166     0.0000     0.0000     1.6923          6  0.000e+00
      98.68     0.0453          6   3.404423     -1.204    -1.8000   28.00214  -87.98524    177.765    150.415  305.94436  306.60024 1.1856e-01 5.1355e+00   1009.575          1     139293     60.763     5.2208     5.2199     48.770   5803.833     1.6935     1.6007     4.9341     4.6154     0.0000     0.0000     1.6935          6  0.000e+00
      98.68     0.0453          6   3.404410     -0.171    -1.8000   28.00214  -87.98524    177.582    150.414  305.94560  306.60151 1.1856e-01 5.1353e+00   1009.568          1     139294     60.757     5.2206     5.2199     48.764   5803.875     1.6923     1.6007     4.9341     4.6154     0.0000     0.0000     1.6923          6  0.000e+00
      98.68     0.0453          6   3.404378      0.173    -1.8000   28.00214  -87.98524    177.765    150.246  305.94552  306.60139 1.1856e-01 5.1355e+00   1009.575          1     139295     60.801     5.2208     5.2199     48.808   5803.917     1.6935     1.5995     4.9341     4.6154     0.0000     0.0000     1.6935          6  0.000e+00
      98.68     0.0442          6   3.404410      0.001    -1.8000   28.00214  -87.98524    177.583    150.415  305.94561  306.60152 1.1856e-01 5.1353e+00   1009.575          1     139296     60.757     5.2206     5.2201     48.764   5803.958     1.6923     1.6007     4.9341     4.6166     0.0000     0.0000     1.6923          6  0.000e+00
      98.68     0.0442          6   3.404385     -1.548    -1.8000   28.00214  -87.98524    177.764    150.414  305.94620  306.60210 1.1856e-01 5.1353e+00   1009.510          1     139297     60.775     5.2206     5.2199     48.784   5804.000     1.6935     1.6007     4.9341     4.6166     0.0000     0.0000     1.6935          6  0.000e+00
