tests/data/CTD/g01l02s02.ros
* Sea-Bird SBE 9 Data File:
* FileName = D:\CTD DATA\2013\PE13-01 DiMarco\G01L02S02.hex
* Software Version Seasave V 7.21g
* Temperature SN = 4515
* Conductivity SN = 3079
* Number of Bytes Per Scan = 40
* Number of Voltage Words = 5
* Number of Scans Averaged by the Deck Unit = 1
* NMEA Latitude = 28 30.49 N
* NMEA Longitude = 089 00.19 W
* NMEA UTC (Time) = Jul 08 2012  14:16:42
* NMEA baud rate = 4800
# nquan = 31
# nvalues = 588                                   
# units = specified
# name 0 = altM: Altimeter [m]
# name 1 = bat: Beam Attenuation, Chelsea/Seatech [1/m]
# name 2 = bpos: Bottle Position in Carousel
# name 3 = c0S/m: Conductivity [S/m]
# name 4 = dz/dtM: Descent Rate [m/s]
# name 5 = wetCDOM: Fluorescence, WET Labs CDOM [mg/m^3]
# name 6 = latitude: Latitude [deg]
# name 7 = longitude: Longitude [deg]
# name 8 = sbeox0Mm/Kg: Oxygen, SBE 43 [umol/kg]
# name 9 = sbeox1Mm/Kg: Oxygen, SBE 43, 2 [umol/kg]
# name 10 = oxsolMm/Kg: Oxygen Saturation, Garcia & Gordon [umol/kg]
# name 11 = oxsatMm/Kg: Oxygen Saturation, Weiss [umol/kg]
# name 12 = par: PAR/Irradiance, Biospherical/Licor
# name 13 = pla: Plume Anomaly
# name 14 = prDM: Pressure, Digiquartz [db]
# name 15 = pumps: Pump Status
# name 16 = scan: Scan Count
# name 17 = sva: Specific Volume Anomaly [10^-8 * m^3/kg]
# name 18 = t090C: Temperature [ITS-90, deg C]
# name 19 = t190C: Temperature, 2 [ITS-90, deg C]
# name 20 = tsa: Thermosteric Anomaly [10^-8 * m^3/kg]
# name 21 = timeS: Time, Elapsed [seconds]
# name 22 = v0: Voltage 0
# name 23 = v1: Voltage 1
# name 24 = v2: Voltage 2
# name 25 = v3: Voltage 3
# name 26 = v4: Voltage 4
# name 27 = v5: Voltage 5
# name 28 = sbeox0V: Oxygen raw, SBE 43 [V]
# name 29 = nbf: Bottles Fired
# name 30 = flag:  0.000e+00
# interval = seconds: 0.0416667
# start_time = Jul 08 2012 14:16:42 [NMEA time, header]
# bad_flag = -9.990e-29
*END*
[from data line 468]
      98.58     0.0676         10   5.078883     -1.183     0.5199   28.51396  -88.99936    160.961    139.575  219.71615  219.27643 2.0983e+00 2.0865e+01    100.857          1      78045    230.560    20.8791    20.8812    227.009   3251.833     2.2039     2.0904     4.9292     4.5897     1.2430     0.0928     2.2039         10  0.000e+00
      98.61     0.0527         10   5.078906      1.522     0.5199   28.51396  -88.99936    161.078    139.578  219.71552  219.27580 2.0983e+00 2.0865e+01    100.920          1      78046    230.564    20.8792    20.8805    227.011   3251.875     2.2051     2.0904     4.9304     4.6068     1.2430     0.0928     2.2051         10  0.000e+00
      98.61     0.0537         10   5.078951     -1.521     0.5199   28.51396  -88.99936    160.960    139.578  219.71446  219.27473 2.0983e+00 2.0865e+01    100.857          1      78047    230.550    20.8794    20.8801    226.999   3251.917     2.2039     2.0904     4.9304     4.6056     1.2430     0.0928     2.2039         10  0.000e+00
      98.61     0.0559         10   5.078996      1.184     0.5504   28.51396  -88.99936    161.077    139.580  219.71445  219.27473 2.0983e+00 2.0865e+01    100.906          1      78048    230.510    20.8792    20.8795    226.957   3251.958     2.2051     2.0904     4.9304     4.6032     1.2430     0.0940     2.2051         10  0.000e+00
      98.61     0.0569         10   5.078943     -1.183     0.5810   28.51396  -88.99936    160.960    139.580  219.71455  219.27482 2.1042e+00 2.0865e+01    100.857          1      78049    230.554    20.8794    20.8788    227.004   3252.000     2.2039     2.0904     4.9304     4.6020     1.2442     0.0952     2.2039         10  0.000e+00
      98.58     0.0569         10   5.078951      0.001     0.6115   28.51396  -88.99936    160.960    139.581  219.71446  219.27473 2.1042e+00 2.0865e+01    100.857          1      78050    230.550    20.8794    20.8784    226.999   3252.042     2.2039     2.0904     4.9292     4.6020     1.2442     0.0965     2.2039         10  0.000e+00
      98.58     0.0569         10   5.078966      1.184     0.6115   28.51396  -88.99936    161.076    139.581  219.71291  219.27316 2.0924e+00 2.0866e+01    100.906          1      78051    230.591    20.8799    20.8788    227.038   3252.083     2.2051     2.0904     4.9292     4.6020     1.2418     0.0965     2.2051         10  0.000e+00
      98.58     0.0559         10   5.079056     -1.183     0.5810   28.51396  -88.99936    161.073    139.580  219.70992  219.27016 2.0924e+00 2.0866e+01    100.857          1      78052    230.599    20.8807    20.8791    227.048   3252.125     2.2051     2.0904     4.9292     4.6032     1.2418     0.0952     2.2051         10  0.000e+00
      98.58     0.0569         10   5.079123      0.000     0.5810   28.51396  -88.99936    160.955    139.579  219.70773  219.26795 2.0865e+00 2.0867e+01    100.857          1      78053    230.606    20.8812    20.8793    227.055   3252.167     2.2039     2.0904     4.9292     4.6020     1.2405     0.0952     2.2039         10  0.000e+00
      98.58     0.0569         10   5.079160      0.001     0.6115   28.51396  -88.99936    160.953    139.580  219.70499  219.26518 2.0865e+00 2.0868e+01    100.857          1      78054    230.661    20.8821    20.8788    227.110   3252.208     2.2039     2.0904     4.9292     4.6020     1.2405     0.0965     2.2039         10  0.000e+00
      98.58     0.0569         10   5.079265      0.001     0.5810   28.51396  -88.99936    161.065    139.580  219.69905  219.25919 2.0865e+00 2.0869e+01    100.857          1      78055    230.756    20.8838    20.8788    227.205   3252.250     2.2051     2.0904     4.9292     4.6020     1.2405     0.0952     2.2051         10  0.000e+00
      98.58     0.0559         10   5.079430      0.000     0.5810   28.51396  -88.99936    161.060    139.580  219.69241  219.25250 2.0865e+00 2.0871e+01    100.857          1      78056    230.816    20.8856    20.8788    227.265   3252.292     2.2051     2.0904     4.9292     4.6032     1.2405     0.0952     2.2051         10  0.000e+00
      98.61     0.0559         10   5.079505      0.339     0.6115   28.51396  -88.99936    161.057    139.580  219.68784  219.24789 2.0865e+00 2.0873e+01    100.871          1      78057    230.896    20.8870    20.8789    227.344   3252.333     2.2051     2.0904     4.9304     4.6032     1.2405     0.0965     2.2051         10  0.000e+00
      98.61     0.0569         10   5.079580     -0.338     0.5810   28.51396  -88.99936    161.055    139.579  219.68555  219.24558 2.0924e+00 2.0873e+01    100.857          1      78058    230.898    20.8875    20.8789    227.347   3252.375     2.2051     2.0904     4.9304     4.6020     1.2418     0.0952     2.2051         10  0.000e+00
      98.58     0.0569         10   5.079633      0.001     0.6115   28.51396  -88.99936    161.054    139.578  219.68403  219.24406 2.0924e+00 2.0874e+01    100.857          1      78059    230.897    20.8879    20.8795    227.346   3252.417     2.2051     2.0904     4.9292     4.6020     1.2418     0.0965     2.2051         10  0.000e+00
      98.61     0.0569         10   5.079805      1.184     0.6115   28.51396  -88.99936    161.051    139.579  219.67922  219.23923 2.0924e+00 2.0875e+01    100.907          1      78060    230.893    20.8889    20.8795    227.340   3252.458     2.2051     2.0904     4.9304     4.6020     1.2418     0.0965     2.2051         10  0.000e+00
      98.58     0.0559         10   5.079955     -1.183     0.5810   28.51396  -88.99936    161.047    139.577  219.67503  219.23501 2.0865e+00 2.0875e+01    100.857          1      78061    230.882    20.8899    20.8798    227.330   3252.500     2.2051     2.0904     4.9292     4.6032     1.2405     0.0952     2.2051         10  0.000e+00
      98.61     0.0559         10   5.080120      0.001     0.6115   28.51396  -88.99936    161.044    139.576  219.67079  219.23075 2.0983e+00 2.0876e+01    100.857          1      78062    230.862    20.8907    20.8801    227.310   3252.542     2.2051     2.0904     4.9304     4.6032     1.2430     0.0965     2.2051         10  0.000e+00
      98.61     0.0559         10   5.080157      0.001     0.5810   28.51396  -88.99936    161.043    139.575  219.66895  219.22889 2.0983e+00 2.0877e+01    100.857          1      78063    230.887    20.8912    20.8805    227.335   3252.583     2.2051     2.0904     4.9304     4.6032     1.2430     0.0952     2.2051         10  0.000e+00
      98.61     0.0559         10   5.080127      0.001     0.6115   28.51396  -88.99936    161.043    139.574  219.66930  219.22925 2.0983e+00 2.0877e+01    100.857          1      78064    230.904    20.8912    20.8811    227.353   3252.625     2.2051     2.0904     4.9304     4.6032     1.2430     0.0965     2.2051         10  0.000e+00
      98.61     0.0559         10   5.080120      1.184     0.6115   28.51396  -88.99936    161.044    139.573  219.66942  219.22936 2.0983e+00 2.0877e+01    100.907          1      78065    230.912    20.8912    20.8818    227.358   3252.667     2.2051     2.0904     4.9304     4.6032     1.2430     0.0965     2.2051         10  0.000e+00
      98.61     0.0548         10   5.080150     -1.183     0.5810   28.51396  -88.99936    161.042    139.573  219.66814  219.22807 2.0983e+00 2.0877e+01    100.858          1      78066    230.921    20.8916    20.8818    227.369   3252.708     2.2051     2.0904     4.9304     4.6044     1.2430     0.0952     2.2051         10  0.000e+00
      98.58     0.0804         11   5.527534     -1.182     0.3062   28.51420  -88.99920    223.723    195.570  204.02666  203.51498 8.2330e+01 2.5248e+01     50.349          1      80740    359.892    25.2530    25.2520    358.056   3364.125     3.0623     2.8926     4.9292     4.5751     2.8364     0.0842     3.0623         11  0.000e+00
      98.56     0.0814         11   5.527580      2.027     0.2757   28.51420  -88.99920    223.725    195.571  204.02632  203.51464 8.2562e+01 2.5248e+01     50.434          1      80741    359.869    25.2530    25.2521    358.030   3364.167     3.0623     2.8926     4.9280     4.5739     2.8376     0.0830     3.0623         11  0.000e+00
      98.58     0.0814         11   5.527503     -0.844     0.2757   28.51420  -88.99920    223.833    195.569  204.02781  203.51613 8.2330e+01 2.5248e+01     50.399          1      80742    359.881    25.2527    25.2528    358.042   3364.208     3.0635     2.8926     4.9292     4.5739     2.8364     0.0830     3.0635         11  0.000e+00
      98.58     0.0814         11   5.527541     -1.182     0.2147   28.51420  -88.99920    223.831    195.568  204.02791  203.51624 8.2562e+01 2.5247e+01     50.349          1      80743    359.838    25.2525    25.2526    358.002   3364.250     3.0635     2.8926     4.9292     4.5739     2.8376     0.0806     3.0635         11  0.000e+00
      98.58     0.0804         11   5.527495      0.676     0.2452   28.51420  -88.99920    223.833    195.569  204.02879  203.51712 8.2330e+01 2.5247e+01     50.378          1      80744    359.849    25.2523    25.2527    358.012   3364.292     3.0635     2.8926     4.9292     4.5751     2.8364     0.0818     3.0635         11  0.000e+00
      98.56     0.0814         11   5.527503     -0.675     0.2147   28.51420  -88.99920    223.726    195.670  204.02954  203.51786 8.2330e+01 2.5247e+01     50.349          1      80745    359.812    25.2519    25.2521    357.976   3364.333     3.0623     2.8938     4.9280     4.5739     2.8364     0.0806     3.0623         11  0.000e+00
      98.58     0.0804         11   5.527518      2.534     0.2147   28.51420  -88.99920    223.836    195.572  204.02951  203.51784 8.2562e+01 2.5247e+01     50.455          1      80746    359.807    25.2519    25.2520    357.967   3364.375     3.0635     2.8926     4.9292     4.5751     2.8376     0.0806     3.0635         11  0.000e+00
      98.58     0.0804         11   5.527448     -2.533     0.2147   28.51420  -88.99920    223.834    195.569  204.03015  203.51848 8.2562e+01 2.5247e+01     50.349          1      80747    359.838    25.2519    25.2521    358.002   3364.417     3.0635     2.8926     4.9292     4.5751     2.8376     0.0806     3.0635         11  0.000e+00
      98.58     0.0804         11   5.527456      2.027     0.2147   28.51420  -88.99920    223.836    195.572  204.03003  203.51835 8.2562e+01 2.5247e+01     50.434          1      80748    359.842    25.2519    25.2519    358.003   3364.458     3.0635     2.8926     4.9292     4.5751     2.8376     0.0806     3.0635         11  0.000e+00
      98.58     0.0814         11   5.527471     -2.026     0.2147   28.51420  -88.99920    223.834    195.569  204.03075  203.51908 8.2795e+01 2.5247e+01     50.349          1      80749    359.794    25.2515    25.2522    357.958   3364.500     3.0635     2.8926     4.9292     4.5739     2.8388     0.0806     3.0635         11  0.000e+00
      98.58     0.0804         11   5.527472      1.183     0.2147   28.51420  -88.99920    223.836    195.570  204.03110  203.51944 8.2795e+01 2.5246e+01     50.399          1      80750    359.785    25.2514    25.2525    357.947   3364.542     3.0635     2.8926     4.9292     4.5751     2.8388     0.0806     3.0635         11  0.000e+00
      98.58     0.0782         11   5.527378      0.000     0.2147   28.51420  -88.99920    223.838    195.571  204.03293  203.52126 8.2795e+01 2.5246e+01     50.399          1      80751    359.801    25.2510    25.2520    357.963   3364.583     3.0635     2.8926     4.9292     4.5775     2.8388     0.0806     3.0635         11  0.000e+00
      98.58     0.0793         11   5.527332     -0.506     0.2147   28.51420  -88.99920    223.946    195.570  204.03420  203.52254 8.3028e+01 2.5246e+01     50.378          1      80752    359.793    25.2507    25.2521    357.956   3364.625     3.0647     2.8926     4.9292     4.5763     2.8400     0.0806     3.0647         11  0.000e+00
      98.58     0.0782         11   5.527363     -0.675     0.2147   28.51420  -88.99920    223.945    195.570  204.03381  203.52214 8.3028e+01 2.5246e+01     50.350          1      80753    359.778    25.2507    25.2518    357.942   3364.667     3.0647     2.8926     4.9292     4.5775     2.8400     0.0806     3.0647         11  0.000e+00
      98.56     0.0793         11   5.527378      1.183     0.2147   28.51420  -88.99920    223.838    195.571  204.03293  203.52126 8.3028e+01 2.5246e+01     50.399          1      80754    359.801    25.2510    25.2520    357.963   3364.708     3.0635     2.8926     4.9280     4.5763     2.8400     0.0806     3.0635         11  0.000e+00
      98.58     0.0793         11   5.527417     -1.182     0.2147   28.51420  -88.99920    223.943    195.570  204.03253  203.52086 8.3261e+01 2.5246e+01     50.350          1      80755    359.777    25.2510    25.2521    357.941   3364.750     3.0647     2.8926     4.9292     4.5763     2.8413     0.0806     3.0647         11  0.000e+00
      98.58     0.0793         11   5.527386      0.676     0.2452   28.51420  -88.99920    223.942    195.571  204.03110  203.51942 8.3731e+01 2.5247e+01     50.378          1      80756    359.861    25.2518    25.2521    358.023   3364.792     3.0647     2.8926     4.9292     4.5763     2.8437     0.0818     3.0647         11  0.000e+00
      98.58     0.0793         11   5.527409      0.507     0.2147   28.51420  -88.99920    223.943    195.571  204.03096  203.51929 8.3496e+01 2.5247e+01     50.399          1      80757    359.846    25.2517    25.2522    358.008   3364.833     3.0647     2.8926     4.9292     4.5763     2.8425     0.0806     3.0647         11  0.000e+00
      98.56     0.0793         11   5.527464     -1.182     0.2147   28.51420  -88.99920    223.833    195.569  204.02958  203.51791 8.3731e+01 2.5247e+01     50.350          1      80758    359.845    25.2521    25.2523    358.009   3364.875     3.0635     2.8926     4.9280     4.5763     2.8437     0.0806     3.0635         11  0.000e+00
      98.58     0.0793         11   5.527503      1.183     0.2147   28.51420  -88.99920    223.834    195.570  204.02906  203.51738 8.4203e+01 2.5247e+01     50.399          1      80759    359.834    25.2522    25.2523    357.996   3364.917     3.0635     2.8926     4.9292     4.5763     2.8462     0.0806     3.0635         11  0.000e+00
      98.56     0.0804         11   5.527518     -1.689     0.2147   28.51420  -88.99920    223.832    195.570  204.02904  203.51737 8.3967e+01 2.5247e+01     50.329          1      80760    359.815    25.2521    25.2519    357.980   3364.958     3.0635     2.8926     4.9280     4.5751     2.8449     0.0806     3.0635         11  0.000e+00
      98.56     0.0793         11   5.527541      0.507     0.2147   28.51420  -88.99920    223.832    195.570  204.02824  203.51657 8.4203e+01 2.5247e+01     50.350          1      80761    359.826    25.2523    25.2521    357.989   3365.000     3.0635     2.8926     4.9280     4.5763     2.8462     0.0806     3.0635         11  0.000e+00
      98.56     0.0793         11   5.527534      1.183     0.2452   28.51420  -88.99920    223.938    195.470  204.02635  203.51467 8.4678e+01 2.5248e+01     50.399          1      80762    359.907    25.2532    25.2521    358.069   3365.042     3.0647     2.8913     4.9280     4.5763     2.8486     0.0818     3.0647         11  0.000e+00
      98.58     0.0793         11   5.527518     -1.689     0.2147   28.51420  -88.99920    223.938    195.568  204.02813  203.51645 8.4678e+01 2.5247e+01     50.329          1      80763    359.849    25.2525    25.2522    358.014   3365.083     3.0647     2.8926     4.9292     4.5763     2.8486     0.0806     3.0647         11  0.000e+00
