tests/data/CTD/g01l01s02.ros
* Sea-Bird SBE 9 Data File:
* FileName = D:\CTD DATA\2013\PE13-01 DiMarco\G01L01S02.hex
* Software Version Seasave V 7.21g
* Temperature SN = 4515
* Conductivity SN = 3079
* Number of Bytes Per Scan = 40
* Number of Voltage Words = 5
* Number of Scans Averaged by the Deck Unit = 1
* NMEA Latitude = 28 00.00 N
* NMEA Longitude = 089 15.03 W
* NMEA UTC (Time) = Jul 10 2012  23:05:44
* NMEA baud rate = 4800
# nquan = 31
# nvalues = 588                                   
# units = specified
# name 0 = altM: Altimeter [m]
# name 1 = bat: Beam Attenuation, Chelsea/Seatech [1/m]
# name 2 = bpos: Bottle Position in Carousel
# name 3 = c0S/m: Conductivity [S/m]
# name 4 = dz/dtM: Descent Rate [m/s]
# name 5 = wetCDOM: Fluorescence, WET Labs CDOM [mg/m^3]
# name 6 = latitude: Latitude [deg]
# name 7 = longitude: Longitude [deg]
# name 8 = sbeox0Mm/Kg: Oxygen, SBE 43 [umol/kg]
# name 9 = sbeox1Mm/Kg: Oxygen, SBE 43, 2 [umol/kg]
# name 10 = oxsolMm/Kg: Oxygen Saturation, Garcia & Gordon [umol/kg]
# name 11 = oxsatMm/Kg: Oxygen Saturation, Weiss [umol/kg]
# name 12 = par: PAR/Irradiance, Biospherical/Licor
# name 13 = pla: Plume Anomaly
# name 14 = prDM: Pressure, Digiquartz [db]
# name 15 = pumps: Pump Status
# name 16 = scan: Scan Count
# name 17 = sva: Specific Volume Anomaly [10^-8 * m^3/kg]
# name 18 = t090C: Temperature [ITS-90, deg C]
# name 19 = t190C: Temperature, 2 [ITS-90, deg C]
# name 20 = tsa: Thermosteric Anomaly [10^-8 * m^3/kg]
# name 21 = timeS: Time, Elapsed [seconds]
# name 22 = v0: Voltage 0
# name 23 = v1: Voltage 1
# name 24 = v2: Voltage 2
# name 25 = v3: Voltage 3
# name 26 = v4: Voltage 4
# name 27 = v5: Voltage 5
# name 28 = sbeox0V: Oxygen raw, SBE 43 [V]
# name 29 = nbf: Bottles Fired
# name 30 = flag:  0.000e+00
# interval = seconds: 0.0416667
# start_time = Jul 10 2012 23:05:44 [NMEA time, header]
# bad_flag = -9.990e-29
*END*
      98.66     0.0953          1   3.339562     -2.596     4.0608   27.99720  -89.25222    215.748    183.041  312.56578  313.34599 1.4548e-01 4.1980e+00   1342.628          1      57396     49.318     4.3062     4.3056     35.955   2391.458     1.8547     1.7509     4.9328     4.5580     0.0879     0.2344     1.8547          1  0.000e+00
      98.66     0.0953          1   3.339556      1.385     4.0608   27.99720  -89.25222    215.750    182.862  312.56651  313.34672 1.4548e-01 4.1979e+00   1342.686          1      57397     49.317     4.3061     4.3055     35.954   2391.500     1.8547     1.7497     4.9328     4.5580     0.0879     0.2344     1.8547          1  0.000e+00
      98.66     0.0964          1   3.339581     -0.519     4.0913   27.99720  -89.25222    215.554    182.860  312.56627  313.34652 1.4548e-01 4.1978e+00   1342.664          1      57398     49.286     4.3060     4.3058     35.922   2391.542     1.8535     1.7497     4.9328     4.5568     0.0879     0.2357     1.8535          1  0.000e+00
      98.66     0.0964          1   3.339537     -0.865     4.0913   27.99720  -89.25222    215.749    182.860  312.56696  313.34717 1.4466e-01 4.1979e+00   1342.628          1      57399     49.331     4.3061     4.3055     35.968   2391.583     1.8547     1.7497     4.9328     4.5568     0.0855     0.2357     1.8547          1  0.000e+00
      98.66     0.0964          1   3.339543      0.001     4.0913   27.99720  -89.25222    215.748    182.860  312.56630  313.34650 1.4548e-01 4.1980e+00   1342.628          1      57400     49.334     4.3062     4.3058     35.971   2391.625     1.8547     1.7497     4.9328     4.5568     0.0879     0.2357     1.8547          1  0.000e+00
      98.66     0.0964          1   3.339531      0.001     4.1219   27.99720  -89.25222    215.749    183.041  312.56713  313.34734 1.4548e-01 4.1979e+00   1342.628          1      57401     49.336     4.3061     4.3056     35.974   2391.667     1.8547     1.7509     4.9328     4.5568     0.0879     0.2369     1.8547          1  0.000e+00
      98.66     0.0964          1   3.339550      0.866     4.1524   27.99720  -89.25222    215.554    183.042  312.56617  313.34637 1.4507e-01 4.1980e+00   1342.664          1      57402     49.330     4.3062     4.3058     35.967   2391.708     1.8535     1.7509     4.9328     4.5568     0.0867     0.2381     1.8535          1  0.000e+00
      98.66     0.0953          1   3.339531     -0.865     4.1219   27.99720  -89.25222    215.749    183.041  312.56714  313.34734 1.4548e-01 4.1979e+00   1342.628          1      57403     49.336     4.3061     4.3056     35.974   2391.750     1.8547     1.7509     4.9328     4.5580     0.0879     0.2369     1.8547          1  0.000e+00
      98.66     0.0953          1   3.339569      0.001     4.1219   27.99720  -89.25222    215.748    183.041  312.56658  313.34682 1.4548e-01 4.1979e+00   1342.628          1      57404     49.295     4.3060     4.3055     35.932   2391.792     1.8547     1.7509     4.9328     4.5580     0.0879     0.2369     1.8547          1  0.000e+00
      98.66     0.0964          1   3.339562      0.001     4.1219   27.99720  -89.25222    215.748    182.861  312.56627  313.34649 1.4548e-01 4.1979e+00   1342.628          1      57405     49.309     4.3061     4.3055     35.946   2391.833     1.8547     1.7497     4.9328     4.5568     0.0879     0.2369     1.8547          1  0.000e+00
      98.66     0.0964          1   3.339556     -0.346     4.1219   27.99720  -89.25222    215.747    182.861  312.56570  313.34589 1.4507e-01 4.1981e+00   1342.614          1      57406     49.327     4.3062     4.3056     35.964   2391.875     1.8547     1.7497     4.9328     4.5568     0.0867     0.2369     1.8547          1  0.000e+00
      98.66     0.0975          1   3.339556      0.347     4.1524   27.99720  -89.25222    215.553    183.041  312.56693  313.34716 1.4548e-01 4.1979e+00   1342.628          1      57407     49.306     4.3060     4.3055     35.943   2391.917     1.8535     1.7509     4.9328     4.5556     0.0879     0.2381     1.8535          1  0.000e+00
      98.66     0.0964          1   3.339581     -1.211     4.1219   27.99720  -89.25222    215.747    183.039  312.56666  313.34692 1.4548e-01 4.1978e+00   1342.578          1      57408     49.273     4.3059     4.3058     35.910   2391.958     1.8547     1.7509     4.9328     4.5568     0.0879     0.2369     1.8547          1  0.000e+00
      68.79     0.0964          1   3.339562      1.212     4.1524   27.99720  -89.25222    215.748    182.860  312.56578  313.34599 1.4548e-01 4.1980e+00   1342.628          1      57409     49.318     4.3062     4.3056     35.955   2392.000     1.8547     1.7497     3.4396     4.5568     0.0879     0.2381     1.8547          1  0.000e+00
      16.58     0.0964          1   3.339575     -1.730     4.1219   27.99720  -89.25222    215.746    183.039  312.56584  313.34606 1.4548e-01 4.1980e+00   1342.556          1      57410     49.295     4.3061     4.3058     35.932   2392.042     1.8547     1.7509     0.8291     4.5568     0.0879     0.2369     1.8547          1  0.000e+00
       1.10     0.0953          1   3.339588      1.732     4.1524   27.99720  -89.25222    215.748    182.860  312.56606  313.34630 1.4548e-01 4.1979e+00   1342.629          1      57411     49.279     4.3060     4.3058     35.915   2392.083     1.8547     1.7497     0.0549     4.5580     0.0879     0.2381     1.8547          1  0.000e+00
       2.22     0.0953          1   3.339543     -1.211     4.1524   27.99720  -89.25222    215.552    182.860  312.56770  313.34795 1.4548e-01 4.1978e+00   1342.578          1      57412     49.306     4.3059     4.3055     35.944   2392.125     1.8535     1.7497     0.1111     4.5580     0.0879     0.2381     1.8535          1  0.000e+00
       4.62     0.0953          1   3.339524      1.212     4.1524   27.99720  -89.25222    215.748    182.861  312.56682  313.34701 1.4507e-01 4.1980e+00   1342.629          1      57413     49.350     4.3062     4.3056     35.988   2392.167     1.8547     1.7497     0.2308     4.5580     0.0867     0.2381     1.8547          1  0.000e+00
       5.27     0.0964          1   3.339569     -1.730     4.1219   27.99720  -89.25222    215.551    182.859  312.56698  313.34724 1.4548e-01 4.1978e+00   1342.557          1      57414     49.283     4.3059     4.3055     35.921   2392.208     1.8535     1.7497     0.2637     4.5568     0.0879     0.2369     1.8535          1  0.000e+00
       5.20     0.0953          1   3.339588     -0.865     4.1219   27.99720  -89.25222    215.745    182.857  312.56593  313.34618 1.4548e-01 4.1979e+00   1342.520          1      57415     49.274     4.3060     4.3056     35.911   2392.250     1.8547     1.7497     0.2601     4.5580     0.0879     0.2369     1.8547          1  0.000e+00
       5.08     0.0953          1   3.339562      1.385     4.1524   27.99720  -89.25222    215.747    182.860  312.56718  313.34743 1.4548e-01 4.1978e+00   1342.578          1      57416     49.290     4.3059     4.3056     35.927   2392.292     1.8547     1.7497     0.2540     4.5580     0.0879     0.2381     1.8547          1  0.000e+00
       5.05     0.0953          1   3.339537     -0.519     4.1219   27.99720  -89.25222    215.747    183.039  312.56736  313.34759 1.4548e-01 4.1979e+00   1342.557          1      57417     49.319     4.3060     4.3056     35.957   2392.333     1.8547     1.7509     0.2527     4.5580     0.0879     0.2369     1.8547          1  0.000e+00
       5.05     0.0953          1   3.339524      0.520     4.1524   27.99720  -89.25222    215.749    183.040  312.56895  313.34921 1.4548e-01 4.1976e+00   1342.578          1      57418     49.309     4.3057     4.3056     35.947   2392.375     1.8547     1.7509     0.2527     4.5580     0.0879     0.2381     1.8547          1  0.000e+00
       5.08     0.0953          1   3.339524     -1.384     4.1524   27.99720  -89.25222    215.746    183.039  312.56719  313.34739 1.4548e-01 4.1980e+00   1342.521          1      57419     49.337     4.3061     4.3056     35.975   2392.417     1.8547     1.7509     0.2540     4.5580     0.0879     0.2381     1.8547          1  0.000e+00
       5.05     0.0964          1   3.339543      1.386     4.1524   27.99720  -89.25222    215.552    183.040  312.56722  313.34745 1.4548e-01 4.1979e+00   1342.578          1      57420     49.315     4.3060     4.3056     35.952   2392.458     1.8535     1.7509     0.2527     4.5568     0.0879     0.2381     1.8535          1  0.000e+00
       5.08     0.0953          1   3.339531     -0.519     4.1524   27.99720  -89.25222    215.747    182.859  312.56802  313.34827 1.4548e-01 4.1978e+00   1342.557          1      57421     49.316     4.3059     4.3055     35.954   2392.500     1.8547     1.7497     0.2540     4.5580     0.0879     0.2381     1.8547          1  0.000e+00
       5.05     0.0953          1   3.339524     -0.865     4.1524   27.99720  -89.25222    215.550    182.858  312.56670  313.34689 1.4548e-01 4.1981e+00   1342.521          1      57422     49.346     4.3062     4.3056     35.984   2392.542     1.8535     1.7497     0.2527     4.5580     0.0879     0.2381     1.8535          1  0.000e+00
       5.05     0.0953          1   3.339550      0.001     4.1219   27.99720  -89.25222    215.746    182.858  312.56746  313.34771 1.4548e-01 4.1978e+00   1342.521          1      57423     49.298     4.3059     4.3055     35.936   2392.583     1.8547     1.7497     0.2527     4.5580     0.0879     0.2369     1.8547          1  0.000e+00
       5.05     0.0964          1   3.339556      1.385     4.1219   27.99720  -89.25222    215.551    182.859  312.56590  313.34610 1.4548e-01 4.1980e+00   1342.578          1      57424     49.321     4.3062     4.3056     35.958   2392.625     1.8535     1.7497     0.2527     4.5568     0.0879     0.2369     1.8535          1  0.000e+00
       5.05     0.1007          1   3.339556     -1.730     4.1219   27.99720  -89.25222    215.550    182.858  312.56727  313.34752 1.4548e-01 4.1978e+00   1342.506          1      57425     49.292     4.3059     4.3056     35.930   2392.667     1.8535     1.7497     0.2527     4.5519     0.0879     0.2369     1.8535          1  0.000e+00
       5.05     0.1039          1   3.339575      0.347     4.1524   27.99720  -89.25222    215.549    182.858  312.56531  313.34552 1.4507e-01 4.1981e+00   1342.521          1      57426     49.302     4.3062     4.3055     35.940   2392.708     1.8535     1.7497     0.2527     4.5482     0.0867     0.2381     1.8535          1  0.000e+00
       5.03     0.1039          1   3.339562      0.001     4.1219   27.99720  -89.25222    215.746    183.038  312.56711  313.34737 1.4548e-01 4.1978e+00   1342.521          1      57427     49.287     4.3059     4.3058     35.925   2392.750     1.8547     1.7509     0.2515     4.5482     0.0879     0.2369     1.8547          1  0.000e+00
       5.05     0.1039          1   3.339556     -1.211     4.1219   27.99720  -89.25222    215.548    183.038  312.56578  313.34598 1.4507e-01 4.1981e+00   1342.470          1      57428     49.316     4.3062     4.3055     35.954   2392.792     1.8535     1.7509     0.2527     4.5482     0.0867     0.2369     1.8535          1  0.000e+00
       5.05     0.1029          1   3.339556      0.866     4.0913   27.99720  -89.25222    215.745    183.038  312.56727  313.34752 1.4548e-01 4.1978e+00   1342.506          1      57429     49.292     4.3059     4.3056     35.930   2392.833     1.8547     1.7509     0.2527     4.5495     0.0879     0.2357     1.8547          1  0.000e+00
       5.05     0.1039          1   3.339556      1.732     4.0913   27.99720  -89.25222    215.551    182.859  312.56638  313.34660 1.4548e-01 4.1980e+00   1342.579          1      57430     49.312     4.3061     4.3058     35.950   2392.875     1.8535     1.7497     0.2527     4.5482     0.0879     0.2357     1.8535          1  0.000e+00
       5.05     0.1039          1   3.339537     -2.596     4.1219   27.99720  -89.25222    215.744    182.857  312.56630  313.34649 1.4548e-01 4.1981e+00   1342.470          1      57431     49.332     4.3062     4.3056     35.971   2392.917     1.8547     1.7497     0.2527     4.5482     0.0879     0.2369     1.8547          1  0.000e+00
       5.08     0.1029          1   3.339550      1.212     4.0913   27.99720  -89.25222    215.745    182.859  312.56577  313.34596 1.4548e-01 4.1981e+00   1342.521          1      57432     49.328     4.3062     4.3055     35.966   2392.958     1.8547     1.7497     0.2540     4.5495     0.0879     0.2357     1.8547          1  0.000e+00
       5.05     0.1039          1   3.339575     -0.346     4.1219   27.99720  -89.25222    215.549    182.858  312.56530  313.34551 1.4548e-01 4.1981e+00   1342.507          1      57433     49.302     4.3062     4.3055     35.939   2393.000     1.8535     1.7497     0.2527     4.5482     0.0879     0.2369     1.8535          1  0.000e+00
       5.05     0.1039          1   3.339537      0.347     4.1219   27.99720  -89.25222    215.746    183.039  312.56781  313.34805 1.4548e-01 4.1978e+00   1342.521          1      57434     49.309     4.3059     4.3055     35.947   2393.042     1.8547     1.7509     0.2527     4.5482     0.0879     0.2369     1.8547          1  0.000e+00
       5.05     0.1029          1   3.339569      0.001     4.1219   27.99720  -89.25222    215.550    183.040  312.56646  313.34670 1.4548e-01 4.1979e+00   1342.521          1      57435     49.290     4.3060     4.3053     35.928   2393.083     1.8535     1.7509     0.2527     4.5495     0.0879     0.2369     1.8535          1  0.000e+00
       5.05     0.1029          1   3.339569     -1.211     4.1219   27.99720  -89.25222    215.743    182.856  312.56591  313.34614 1.4548e-01 4.1980e+00   1342.471          1      57436     49.297     4.3061     4.3056     35.935   2393.125     1.8547     1.7497     0.2527     4.5495     0.0879     0.2369     1.8547          1  0.000e+00
       5.05     0.1039          1   3.339531      0.866     4.1219   27.99720  -89.25222    215.550    182.857  312.56748  313.34771 1.4548e-01 4.1979e+00   1342.507          1      57437     49.322     4.3060     4.3055     35.961   2393.167     1.8535     1.7497     0.2527     4.5482     0.0879     0.2369     1.8535          1  0.000e+00
       5.08     0.1039          1   3.339543      0.347     4.0913   27.99720  -89.25222    215.745    182.859  312.56667  313.34688 1.4548e-01 4.1980e+00   1342.521          1      57438     49.321     4.3061     4.3053     35.959   2393.208     1.8547     1.7497     0.2540     4.5482     0.0879     0.2357     1.8547          1  0.000e+00
       5.10     0.1029          1   3.339531     -1.211     4.0913   27.99720  -89.25222    215.744    182.857  312.56647  313.34666 1.4548e-01 4.1981e+00   1342.471          1      57439     49.338     4.3062     4.3058     35.977   2393.250     1.8547     1.7497     0.2552     4.5495     0.0879     0.2357     1.8547          1  0.000e+00
       5.10     0.1029          1   3.339569      2.597     4.1219   27.99720  -89.25222    215.747    182.860  312.56701  313.34726 1.4548e-01 4.1978e+00   1342.579          1      57440     49.284     4.3059     4.3055     35.921   2393.292     1.8547     1.7497     0.2552     4.5495     0.0879     0.2369     1.8547          1  0.000e+00
       5.13     0.1029          1   3.339543     -1.730     4.1219   27.99720  -89.25222    215.745    182.858  312.56713  313.34737 1.4548e-01 4.1979e+00   1342.507          1      57441     49.311     4.3060     4.3055     35.950   2393.333     1.8547     1.7497     0.2564     4.5495     0.0879     0.2369     1.8547          1  0.000e+00
