tests/data/CTD/g01l03s03m.ros
* Sea-Bird SBE 9 Data File:
* FileName = D:\CTD DATA\2013\PE13-01 DiMarco\G01L03S03M.hex
* Software Version Seasave V 7.21g
* Temperature SN = 4515
* Conductivity SN = 3079
* Number of Bytes Per Scan = 40
* Number of Voltage Words = 5
* Number of Scans Averaged by the Deck Unit = 1
* NMEA Latitude = 28 15.04 N
* NMEA Longitude = 088 44.96 W
* NMEA UTC (Time) = Jul 09 2012  01:29:15
* NMEA baud rate = 4800
# nquan = 31
# nvalues = 588                                   
# units = specified
# name 0 = altM: Altimeter [m]
# name 1 = bat: Beam Attenuation, Chelsea/Seatech [1/m]
# name 2 = bpos: Bottle Position in Carousel
# name 3 = c0S/m: Conductivity [S/m]
# name 4 = dz/dtM: Descent Rate [m/s]
# name 5 = wetCDOM: Fluorescence, WET Labs CDOM [mg/m^3]
# name 6 = latitude: Latitude [deg]
# name 7 = longitude: Longitude [deg]
# name 8 = sbeox0Mm/Kg: Oxygen, SBE 43 [umol/kg]
# name 9 = sbeox1Mm/Kg: Oxygen, SBE 43, 2 [umol/kg]
# name 10 = oxsolMm/Kg: Oxygen Saturation, Garcia & Gordon [umol/kg]
# name 11 = oxsatMm/Kg: Oxygen Saturation, Weiss [umol/kg]
# name 12 = par: PAR/Irradiance, Biospherical/Licor
# name 13 = pla: Plume Anomaly
# name 14 = prDM: Pressure, Digiquartz [db]
# name 15 = pumps: Pump Status
# name 16 = scan: Scan Count
# name 17 = sva: Specific Volume Anomaly [10^-8 * m^3/kg]
# name 18 = t090C: Temperature [ITS-90, deg C]
# name 19 = t190C: Temperature, 2 [ITS-90, deg C]
# name 20 = tsa: Thermosteric Anomaly [10^-8 * m^3/kg]
# name 21 = timeS: Time, Elapsed [seconds]
# name 22 = v0: Voltage 0
# name 23 = v1: Voltage 1
# name 24 = v2: Voltage 2
# name 25 = v3: Voltage 3
# name 26 = v4: Voltage 4
# name 27 = v5: Voltage 5
# name 28 = sbeox0V: Oxygen raw, SBE 43 [V]
# name 29 = nbf: Bottles Fired
# name 30 = flag:  0.000e+00
# interval = seconds: 0.0416667
# start_time = Jul 09 2012 01:29:15 [NMEA time, header]
# bad_flag = -9.990e-29
*END*
[from data line 141]
      98.66     0.0453          3   3.353753      1.382     3.3893   28.25846  -88.75020    204.361    173.387  310.86960  311.61727 1.2986e-01 4.4396e+00   1211.324          1      88449     51.975     4.5380     4.5373     39.313   3685.333     1.8132     1.7131     4.9328     4.6154     0.0391     0.2076     1.8132          3  0.000e+00
      98.66     0.0453          3   3.353772     -0.690     3.4198   28.25846  -88.75020    204.359    173.386  310.86857  311.61623 1.2986e-01 4.4397e+00   1211.295          1      88450     51.966     4.5381     4.5375     39.303   3685.375     1.8132     1.7131     4.9328     4.6154     0.0391     0.2088     1.8132          3  0.000e+00
      98.66     0.0453          3   3.353759      0.692     3.4198   28.25846  -88.75020    204.361    173.387  310.86967  311.61734 1.2986e-01 4.4396e+00   1211.324          1      88451     51.965     4.5379     4.5374     39.303   3685.417     1.8132     1.7131     4.9328     4.6154     0.0391     0.2088     1.8132          3  0.000e+00
      98.66     0.0453          3   3.353772      0.001     3.4503   28.25846  -88.75020    204.169    173.386  310.86861  311.61626 1.2986e-01 4.4397e+00   1211.324          1      88452     51.967     4.5381     4.5375     39.304   3685.458     1.8120     1.7131     4.9328     4.6154     0.0391     0.2100     1.8120          3  0.000e+00
      98.66     0.0442          3   3.353759      0.519     3.4808   28.25846  -88.75020    204.171    173.387  310.87017  311.61786 1.2986e-01 4.4395e+00   1211.346          1      88453     51.957     4.5378     4.5373     39.295   3685.500     1.8120     1.7131     4.9328     4.6166     0.0391     0.2112     1.8120          3  0.000e+00
      98.66     0.0453          3   3.353772      0.692     3.4808   28.25846  -88.75020    204.171    173.564  310.86938  311.61706 1.2986e-01 4.4396e+00   1211.375          1      88454     51.956     4.5379     4.5375     39.293   3685.542     1.8120     1.7143     4.9328     4.6154     0.0391     0.2112     1.8120          3  0.000e+00
      98.66     0.0368          4   3.389133      1.033     3.4503   28.25930  -88.75044    184.051    155.836  307.19079  307.86953 1.2912e-01 4.9625e+00   1009.451          1      98853     58.050     5.0466     5.0464     46.415   4118.833     1.7302     1.6349     4.9328     4.6252     0.0366     0.2100     1.7302          4  0.000e+00
      98.68     0.0368          4   3.389159      1.377     3.4503   28.25930  -88.75044    183.869    155.837  307.19088  307.86965 1.2912e-01 4.9624e+00   1009.509          1      98854     58.018     5.0464     5.0461     46.382   4118.875     1.7289     1.6349     4.9341     4.6252     0.0366     0.2100     1.7289          4  0.000e+00
      98.68     0.0357          4   3.389159     -1.203     3.4503   28.25930  -88.75044    183.867    155.836  307.19012  307.86887 1.2912e-01 4.9625e+00   1009.458          1      98855     58.028     5.0466     5.0461     46.393   4118.917     1.7289     1.6349     4.9341     4.6264     0.0366     0.2100     1.7289          4  0.000e+00
      98.66     0.0379          4   3.389146      1.033     3.4503   28.25930  -88.75044    183.868    156.007  307.19051  307.86925 1.2912e-01 4.9625e+00   1009.502          1      98856     58.041     5.0466     5.0464     46.406   4118.958     1.7289     1.6361     4.9328     4.6239     0.0366     0.2100     1.7289          4  0.000e+00
      98.68     0.0357          4   3.389165     -1.031     3.4503   28.25930  -88.75044    183.867    156.007  307.19065  307.86942 1.2912e-01 4.9624e+00   1009.459          1      98857     58.010     5.0464     5.0461     46.375   4119.000     1.7289     1.6361     4.9341     4.6264     0.0366     0.2100     1.7289          4  0.000e+00
      98.66     0.0368          4   3.389152     -1.203     3.4503   28.25930  -88.75044    183.682    156.005  307.18931  307.86802 1.2949e-01 4.9627e+00   1009.408          1      98858     58.049     5.0468     5.0461     46.414   4119.042     1.7277     1.6361     4.9328     4.6252     0.0379     0.2100     1.7277          4  0.000e+00
      98.68     0.0357          4   3.389165      1.033     3.4503   28.25930  -88.75044    183.866    156.006  307.18902  307.86774 1.2912e-01 4.9627e+00   1009.451          1      98859     58.040     5.0468     5.0463     46.404   4119.083     1.7289     1.6361     4.9341     4.6264     0.0366     0.2100     1.7289          4  0.000e+00
      98.66     0.0368          4   3.389152      0.173     3.4503   28.25930  -88.75044    183.867    156.006  307.19029  307.86904 1.2912e-01 4.9625e+00   1009.459          1      98860     58.034     5.0466     5.0461     46.398   4119.125     1.7289     1.6361     4.9328     4.6252     0.0366     0.2100     1.7289          4  0.000e+00
      98.66     0.0368          4   3.389165      1.205     3.4808   28.25930  -88.75044    183.868    156.008  307.18908  307.86780 1.2912e-01 4.9627e+00   1009.509          1      98861     58.043     5.0468     5.0461     46.406   4119.167     1.7289     1.6361     4.9328     4.6252     0.0366     0.2112     1.7289          4  0.000e+00
      98.68     0.0368          4   3.389152     -2.408     3.4808   28.25930  -88.75044    183.865    156.006  307.18861  307.86730 1.2912e-01 4.9629e+00   1009.409          1      98862     58.061     5.0469     5.0461     46.426   4119.208     1.7289     1.6361     4.9341     4.6252     0.0366     0.2112     1.7289          4  0.000e+00
      98.68     0.0368          4   3.389146      3.614     3.4808   28.25930  -88.75044    183.870    156.008  307.19057  307.86931 1.2912e-01 4.9625e+00   1009.559          1      98863     58.044     5.0466     5.0461     46.408   4119.250     1.7289     1.6361     4.9341     4.6252     0.0366     0.2112     1.7289          4  0.000e+00
      98.66     0.0368          4   3.389146     -3.612     3.4808   28.25930  -88.75044    183.865    156.006  307.18878  307.86747 1.2912e-01 4.9629e+00   1009.409          1      98864     58.067     5.0469     5.0459     46.432   4119.292     1.7289     1.6361     4.9328     4.6252     0.0366     0.2112     1.7289          4  0.000e+00
      98.68     0.0368          4   3.389121      1.205     3.4808   28.25930  -88.75044    183.868    156.006  307.19113  307.86987 1.2912e-01 4.9625e+00   1009.459          1      98865     58.061     5.0466     5.0461     46.426   4119.333     1.7289     1.6361     4.9341     4.6252     0.0366     0.2112     1.7289          4  0.000e+00
      98.66     0.0368          4   3.389140     -0.171     3.4808   28.25930  -88.75044    183.866    156.006  307.18899  307.86768 1.2912e-01 4.9629e+00   1009.452          1      98866     58.074     5.0469     5.0463     46.439   4119.375     1.7289     1.6361     4.9328     4.6252     0.0366     0.2112     1.7289          4  0.000e+00
      98.66     0.0368          4   3.389172      0.173     3.4503   28.25930  -88.75044    183.867    155.836  307.18979  307.86854 1.2912e-01 4.9625e+00   1009.459          1      98867     58.018     5.0466     5.0463     46.382   4119.417     1.7289     1.6349     4.9328     4.6252     0.0366     0.2100     1.7289          4  0.000e+00
      98.68     0.0357          4   3.389178      0.001     3.4808   28.25930  -88.75044    183.866    155.836  307.18869  307.86741 1.2912e-01 4.9627e+00   1009.459          1      98868     58.029     5.0468     5.0463     46.393   4119.458     1.7289     1.6349     4.9341     4.6264     0.0366     0.2112     1.7289          4  0.000e+00
      98.66     0.0357          4   3.389178      1.033     3.4808   28.25930  -88.75044    184.052    156.007  307.19037  307.86914 1.2912e-01 4.9624e+00   1009.502          1      98869     58.002     5.0464     5.0463     46.365   4119.500     1.7302     1.6361     4.9328     4.6264     0.0366     0.2112     1.7302          4  0.000e+00
      98.68     0.0357          4   3.389133     -2.236     3.4808   28.25930  -88.75044    183.866    156.004  307.18981  307.86852 1.2912e-01 4.9627e+00   1009.409          1      98870     58.065     5.0468     5.0466     46.430   4119.542     1.7289     1.6361     4.9341     4.6264     0.0366     0.2112     1.7289          4  0.000e+00
      98.68     0.0368          4   3.389159      1.205     3.4808   28.25930  -88.75044    183.867    156.006  307.18920  307.86791 1.2912e-01 4.9627e+00   1009.459          1      98871     58.046     5.0468     5.0463     46.410   4119.583     1.7289     1.6361     4.9341     4.6252     0.0366     0.2112     1.7289          4  0.000e+00
      98.66     0.0368          4   3.389159      0.001     3.4808   28.25930  -88.75044    183.867    156.005  307.19012  307.86887 1.2912e-01 4.9625e+00   1009.459          1      98872     58.028     5.0466     5.0464     46.393   4119.625     1.7289     1.6361     4.9328     4.6252     0.0366     0.2112     1.7289          4  0.000e+00
      98.68     0.0357          4   3.389146     -0.171     3.4808   28.25930  -88.75044    183.867    156.005  307.18952  307.86824 1.2912e-01 4.9627e+00   1009.452          1      98873     58.056     5.0468     5.0464     46.421   4119.667     1.7289     1.6361     4.9341     4.6264     0.0366     0.2112     1.7289          4  0.000e+00
      98.68     0.0368          4   3.389146      0.173     3.4808   28.25930  -88.75044    183.867    156.005  307.19046  307.86920 1.2949e-01 4.9625e+00   1009.459          1      98874     58.039     5.0466     5.0464     46.404   4119.708     1.7289     1.6361     4.9341     4.6252     0.0379     0.2112     1.7289          4  0.000e+00
      98.66     0.0368          4   3.389172     -1.203     3.4808   28.25930  -88.75044    183.865    156.004  307.18811  307.86681 1.2912e-01 4.9629e+00   1009.409          1      98875     58.045     5.0469     5.0464     46.410   4119.750     1.7289     1.6361     4.9328     4.6252     0.0366     0.2112     1.7289          4  0.000e+00
      98.66     0.0368          4   3.389178      2.237     3.4808   28.25932  -88.75046    183.867    156.007  307.18804  307.86674 1.2912e-01 4.9629e+00   1009.502          1      98876     58.044     5.0469     5.0461     46.408   4119.792     1.7289     1.6361     4.9328     4.6252     0.0366     0.2112     1.7289          4  0.000e+00
      98.68     0.0357          4   3.389152     -2.236     3.4808   28.25932  -88.75046    183.865    156.005  307.18861  307.86730 1.2912e-01 4.9629e+00   1009.409          1      98877     58.061     5.0469     5.0463     46.426   4119.833     1.7289     1.6361     4.9341     4.6264     0.0366     0.2112     1.7289          4  0.000e+00
      98.66     0.0368          4   3.389146      1.205     3.4808   28.25932  -88.75046    183.866    156.006  307.18883  307.86752 1.2912e-01 4.9629e+00   1009.459          1      98878     58.069     5.0469     5.0463     46.434   4119.875     1.7289     1.6361     4.9328     4.6252     0.0366     0.2112     1.7289          4  0.000e+00
      98.68     0.0368          4   3.389172     -0.171     3.4503   28.25932  -88.75046    183.865    156.006  307.18746  307.86613 1.2949e-01 4.9630e+00   1009.452          1      98879     58.060     5.0470     5.0463     46.424   4119.917     1.7289     1.6361     4.9341     4.6252     0.0379     0.2100     1.7289          4  0.000e+00
      98.68     0.0357          4   3.389133      0.173     3.4808   28.25932  -88.75046    183.867    156.005  307.18987  307.86857 1.2912e-01 4.9627e+00   1009.459          1      98880     58.067     5.0468     5.0464     46.432   4119.958     1.7289     1.6361     4.9341     4.6264     0.0366     0.2112     1.7289          4  0.000e+00
      98.66     0.0368          4   3.389140      0.001     3.4808   28.25932  -88.75046    184.050    156.005  307.18970  307.86841 1.2912e-01 4.9627e+00   1009.459          1      98881     58.062     5.0468     5.0464     46.426   4120.000     1.7302     1.6361     4.9328     4.6252     0.0366     0.2112     1.7302          4  0.000e+00
      98.68     0.0368          4   3.389165     -0.171     3.4808   28.25932  -88.75046    184.049    156.175  307.18832  307.86702 1.2949e-01 4.9629e+00   1009.452          1      98882     58.053     5.0469     5.0463     46.417   4120.042     1.7302     1.6374     4.9341     4.6252     0.0379     0.2112     1.7302          4  0.000e+00
      98.68     0.0368          4   3.389178     -1.031     3.4808   28.25932  -88.75046    184.049    156.005  307.18864  307.86736 1.2912e-01 4.9627e+00   1009.409          1      98883     58.027     5.0468     5.0463     46.392   4120.083     1.7302     1.6361     4.9341     4.6252     0.0366     0.2112     1.7302          4  0.000e+00
      98.66     0.0379          4   3.389159      2.409     3.4503   28.25932  -88.75046    183.868    156.007  307.18925  307.86797 1.2949e-01 4.9627e+00   1009.510          1      98884     58.048     5.0468     5.0464     46.412   4120.125     1.7289     1.6361     4.9328     4.6239     0.0379     0.2100     1.7289          4  0.000e+00
      98.68     0.0379          4   3.389146     -2.408     3.4808   28.25932  -88.75046    183.865    156.004  307.18947  307.86819 1.2839e-01 4.9627e+00   1009.409          1      98885     58.054     5.0468     5.0463     46.419   4120.167     1.7289     1.6361     4.9341     4.6239     0.0342     0.2112     1.7289          4  0.000e+00
      98.68     0.0368          4   3.389191      2.237     3.4808   28.25932  -88.75046    183.867    156.007  307.18841  307.86713 1.2949e-01 4.9627e+00   1009.503          1      98886     58.021     5.0468     5.0463     46.384   4120.208     1.7289     1.6361     4.9341     4.6252     0.0379     0.2112     1.7289          4  0.000e+00
      98.66     0.0379          4   3.389114     -1.031     3.4503   28.25932  -88.75046    183.867    156.005  307.19037  307.86907 1.2912e-01 4.9627e+00   1009.460          1      98887     58.083     5.0468     5.0464     46.448   4120.250     1.7289     1.6361     4.9328     4.6239     0.0366     0.2100     1.7289          4  0.000e+00
      98.68     0.0368          4   3.389108      0.001     3.4503   28.25932  -88.75046    183.867    156.006  307.19054  307.86924 1.2912e-01 4.9627e+00   1009.460          1      98888     58.089     5.0468     5.0463     46.454   4120.292     1.7289     1.6361     4.9341     4.6252     0.0366     0.2100     1.7289          4  0.000e+00
      98.68     0.0379          4   3.389140     -0.171     3.4503   28.25932  -88.75046    183.866    156.005  307.18899  307.86768 1.2912e-01 4.9629e+00   1009.453          1      98889     58.074     5.0469     5.0463     46.439   4120.333     1.7289     1.6361     4.9341     4.6239     0.0366     0.2100     1.7289          4  0.000e+00
      98.66     0.0379          4   3.389146      1.377     3.4503   28.25932  -88.75046    183.869    156.006  307.19052  307.86926 1.2912e-01 4.9625e+00   1009.510          1      98890     58.042     5.0466     5.0463     46.406   4120.375     1.7289     1.6361     4.9328     4.6239     0.0366     0.2100     1.7289          4  0.000e+00
      98.66     0.0379          4   3.389146     -1.203     3.4503   28.25932  -88.75046    184.050    156.005  307.18953  307.86824 1.2912e-01 4.9627e+00   1009.460          1      98891     58.056     5.0468     5.0464     46.421   4120.417     1.7302     1.6361     4.9328     4.6239     0.0366     0.2100     1.7302          4  0.000e+00
      98.68     0.0368          4   3.389121     -0.171     3.4503   28.25932  -88.75046    184.051    156.005  307.19112  307.86986 1.2912e-01 4.9625e+00   1009.453          1      98892     58.061     5.0466     5.0464     46.426   4120.458     1.7302     1.6361     4.9341     4.6252     0.0366     0.2100     1.7302          4  0.000e+00
