tests/data/CTD/g01l03s05.ros
* Sea-Bird SBE 9 Data File:
* FileName = D:\CTD DATA\2013\PE13-01 DiMarco\G01L03S05.hex
* Software Version Seasave V 7.21g
* Temperature SN = 4515
* Conductivity SN = 3079
* Number of Bytes Per Scan = 40
* Number of Voltage Words = 5
* Number of Scans Averaged by the Deck Unit = 1
* NMEA Latitude = 27 45.01 N
* NMEA Longitude = 088 44.95 W
* NMEA UTC (Time) = Jul 10 2012  16:10:28
* NMEA baud rate = 4800
# nquan = 31
# nvalues = 588                                   
# units = specified
# name 0 = altM: Altimeter [m]
# name 1 = bat: Beam Attenuation, Chelsea/Seatech [1/m]
# name 2 = bpos: Bottle Position in Carousel
# name 3 = c0S/m: Conductivity [S/m]
# name 4 = dz/dtM: Descent Rate [m/s]
# name 5 = wetCDOM: Fluorescence, WET Labs CDOM [mg/m^3]
# name 6 = latitude: Latitude [deg]
# name 7 = longitude: Longitude [deg]
# name 8 = sbeox0Mm/Kg: Oxygen, SBE 43 [umol/kg]
# name 9 = sbeox1Mm/Kg: Oxygen, SBE 43, 2 [umol/kg]
# name 10 = oxsolMm/Kg: Oxygen Saturation, Garcia & Gordon [umol/kg]
# name 11 = oxsatMm/Kg: Oxygen Saturation, Weiss [umol/kg]
# name 12 = par: PAR/Irradiance, Biospherical/Licor
# name 13 = pla: Plume Anomaly
# name 14 = prDM: Pressure, Digiquartz [db]
# name 15 = pumps: Pump Status
# name 16 = scan: Scan Count
# name 17 = sva: Specific Volume Anomaly [10^-8 * m^3/kg]
# name 18 = t090C: Temperature [ITS-90, deg C]
# name 19 = t190C: Temperature, 2 [ITS-90, deg C]
# name 20 = tsa: Thermosteric Anomaly [10^-8 * m^3/kg]
# name 21 = timeS: Time, Elapsed [seconds]
# name 22 = v0: Voltage 0
# name 23 = v1: Voltage 1
# name 24 = v2: Voltage 2
# name 25 = v3: Voltage 3
# name 26 = v4: Voltage 4
# name 27 = v5: Voltage 5
# name 28 = sbeox0V: Oxygen raw, SBE 43 [V]
# name 29 = nbf: Bottles Fired
# name 30 = flag:  0.000e+00
# interval = seconds: 0.0416667
# start_time = Jul 10 2012 16:10:28 [NMEA time, header]
# bad_flag = -9.990e-29
*END*
[from data line 141]
      98.66     0.0474          3   3.345448      1.210    -1.8000   27.76858  -88.73362    209.293    177.386  311.58299  312.34429 1.1856e-01 4.3427e+00   1212.079          1      88619     50.322     4.4402     4.4400     37.895   3692.417     1.8413     1.7375     4.9328     4.6129     0.0000     0.0000     1.8413          3  0.000e+00
      98.66     0.0484          3   3.345460     -1.899    -1.8000   27.76858  -88.73362    209.291    177.384  311.58352  312.34486 1.1856e-01 4.3425e+00   1212.000          1      88620     50.290     4.4400     4.4399     37.863   3692.458     1.8413     1.7375     4.9328     4.6117     0.0000     0.0000     1.8413          3  0.000e+00
      98.66     0.0484          3   3.345409      1.900    -1.8000   27.76858  -88.73362    209.294    177.386  311.58475  312.34606 1.1856e-01 4.3425e+00   1212.079          1      88621     50.341     4.4401     4.4399     37.915   3692.500     1.8413     1.7375     4.9328     4.6117     0.0000     0.0000     1.8413          3  0.000e+00
      98.66     0.0474          3   3.345435     -1.208    -1.8000   27.76858  -88.73362    209.291    177.209  311.58328  312.34458 1.1856e-01 4.3427e+00   1212.029          1      88622     50.330     4.4402     4.4396     37.904   3692.542     1.8413     1.7363     4.9328     4.6129     0.0000     0.0000     1.8413          3  0.000e+00
      98.66     0.0474          3   3.345435      0.519    -1.8000   27.76858  -88.73362    209.292    177.386  311.58330  312.34460 1.1856e-01 4.3427e+00   1212.051          1      88623     50.331     4.4402     4.4399     37.905   3692.583     1.8413     1.7375     4.9328     4.6129     0.0000     0.0000     1.8413          3  0.000e+00
      98.66     0.0484          3   3.345448      0.692    -1.8000   27.76858  -88.73362    209.293    177.564  311.58371  312.34504 1.1856e-01 4.3425e+00   1212.080          1      88624     50.309     4.4401     4.4398     37.882   3692.625     1.8413     1.7387     4.9328     4.6117     0.0000     0.0000     1.8413          3  0.000e+00
      98.68     0.0463          4   3.378682     -2.408    -1.8000   27.76986  -88.73238    188.527    159.937  308.06148  308.75637 1.1856e-01 4.8420e+00   1011.331          1      95696     56.119     4.9253     4.9251     44.711   3987.292     1.7558     1.6606     4.9341     4.6142     0.0000     0.0000     1.7558          4  0.000e+00
      98.66     0.0474          4   3.378682      3.614    -1.8000   27.76986  -88.73238    188.532    159.939  308.06258  308.75750 1.1856e-01 4.8418e+00   1011.481          1      95697     56.109     4.9251     4.9255     44.700   3987.333     1.7558     1.6606     4.9328     4.6129     0.0000     0.0000     1.7558          4  0.000e+00
      98.66     0.0463          4   3.378707     -2.408    -1.8000   27.76986  -88.73238    188.529    159.936  308.06179  308.75672 1.1856e-01 4.8418e+00   1011.381          1      95698     56.082     4.9251     4.9256     44.674   3987.375     1.7558     1.6606     4.9328     4.6142     0.0000     0.0000     1.7558          4  0.000e+00
      98.66     0.0463          4   3.378720      0.001    -1.8000   27.76986  -88.73238    188.529    159.936  308.06146  308.75639 1.1856e-01 4.8418e+00   1011.381          1      95699     56.072     4.9251     4.9255     44.663   3987.417     1.7558     1.6606     4.9328     4.6142     0.0000     0.0000     1.7558          4  0.000e+00
      98.68     0.0474          4   3.378694      0.001    -1.8000   27.76986  -88.73238    188.529    159.936  308.06120  308.75609 1.1856e-01 4.8420e+00   1011.381          1      95700     56.110     4.9253     4.9256     44.702   3987.458     1.7558     1.6606     4.9341     4.6129     0.0000     0.0000     1.7558          4  0.000e+00
      98.68     0.0463          4   3.378701      0.001    -1.8000   27.76986  -88.73238    188.529    159.936  308.06196  308.75689 1.1856e-01 4.8418e+00   1011.381          1      95701     56.088     4.9251     4.9258     44.680   3987.500     1.7558     1.6606     4.9341     4.6142     0.0000     0.0000     1.7558          4  0.000e+00
      98.68     0.0463          4   3.378669      1.033    -1.8000   27.76986  -88.73238    188.531    159.938  308.06285  308.75777 1.1856e-01 4.8418e+00   1011.424          1      95702     56.117     4.9251     4.9253     44.709   3987.542     1.7558     1.6606     4.9341     4.6142     0.0000     0.0000     1.7558          4  0.000e+00
      98.68     0.0463          4   3.378682     -1.031    -1.8000   27.76986  -88.73238    188.529    159.936  308.06247  308.75739 1.1856e-01 4.8418e+00   1011.381          1      95703     56.104     4.9251     4.9254     44.696   3987.583     1.7558     1.6606     4.9341     4.6142     0.0000     0.0000     1.7558          4  0.000e+00
      98.66     0.0463          4   3.378707      1.205    -1.8000   27.76986  -88.73238    188.714    159.938  308.06185  308.75678 1.1856e-01 4.8418e+00   1011.432          1      95704     56.085     4.9251     4.9253     44.676   3987.625     1.7570     1.6606     4.9328     4.6142     0.0000     0.0000     1.7570          4  0.000e+00
      98.68     0.0463          4   3.378694      0.001    -1.8000   27.76986  -88.73238    188.530    159.939  308.06219  308.75711 1.1856e-01 4.8418e+00   1011.432          1      95705     56.096     4.9251     4.9251     44.687   3987.667     1.7558     1.6606     4.9341     4.6142     0.0000     0.0000     1.7558          4  0.000e+00
      98.68     0.0474          4   3.378675     -1.375    -1.8000   27.76986  -88.73238    188.529    159.938  308.06263  308.75755 1.1856e-01 4.8418e+00   1011.374          1      95706     56.109     4.9251     4.9251     44.701   3987.708     1.7558     1.6606     4.9341     4.6129     0.0000     0.0000     1.7558          4  0.000e+00
      98.68     0.0474          4   3.378707      1.377    -1.8000   27.76986  -88.73238    188.530    160.109  308.06185  308.75678 1.1856e-01 4.8418e+00   1011.432          1      95707     56.085     4.9251     4.9251     44.676   3987.750     1.7558     1.6618     4.9341     4.6129     0.0000     0.0000     1.7558          4  0.000e+00
      98.66     0.0474          4   3.378694      0.001    -1.8000   27.76986  -88.73238    188.530    159.940  308.06149  308.75639 1.1856e-01 4.8419e+00   1011.432          1      95708     56.108     4.9252     4.9250     44.700   3987.792     1.7558     1.6606     4.9328     4.6129     0.0000     0.0000     1.7558          4  0.000e+00
      98.66     0.0474          4   3.378688      1.377    -1.8000   27.76986  -88.73238    188.532    159.941  308.06312  308.75807 1.1856e-01 4.8416e+00   1011.489          1      95709     56.091     4.9250     4.9250     44.682   3987.833     1.7558     1.6606     4.9328     4.6129     0.0000     0.0000     1.7558          4  0.000e+00
      98.68     0.0463          4   3.378650     -1.547    -1.8000   27.76986  -88.73238    188.532    159.939  308.06430  308.75924 1.1856e-01 4.8416e+00   1011.425          1      95710     56.116     4.9249     4.9250     44.708   3987.875     1.7558     1.6606     4.9341     4.6142     0.0000     0.0000     1.7558          4  0.000e+00
      98.66     0.0463          4   3.378675      0.173    -1.8000   27.76986  -88.73238    188.531    159.940  308.06363  308.75858 1.1856e-01 4.8416e+00   1011.432          1      95711     56.095     4.9249     4.9250     44.687   3987.917     1.7558     1.6606     4.9328     4.6142     0.0000     0.0000     1.7558          4  0.000e+00
      98.68     0.0474          4   3.378707      0.001    -1.8000   27.76986  -88.73238    188.531    159.940  308.06255  308.75750 1.1856e-01 4.8416e+00   1011.432          1      95712     56.072     4.9250     4.9250     44.663   3987.958     1.7558     1.6606     4.9341     4.6129     0.0000     0.0000     1.7558          4  0.000e+00
      98.68     0.0463          4   3.378694      1.377    -1.8000   27.76986  -88.73238    188.533    159.941  308.06389  308.75887 1.1856e-01 4.8414e+00   1011.489          1      95713     56.068     4.9248     4.9250     44.659   3988.000     1.7558     1.6606     4.9341     4.6142     0.0000     0.0000     1.7558          4  0.000e+00
      98.66     0.0463          4   3.378688     -1.547    -1.8000   27.76986  -88.73238    188.531    159.939  308.06305  308.75800 1.1856e-01 4.8416e+00   1011.425          1      95714     56.088     4.9250     4.9250     44.680   3988.042     1.7558     1.6606     4.9328     4.6142     0.0000     0.0000     1.7558          4  0.000e+00
      98.66     0.0474          4   3.378675      0.173    -1.8000   27.76986  -88.73238    188.531    159.769  308.06363  308.75858 1.1856e-01 4.8416e+00   1011.432          1      95715     56.095     4.9249     4.9251     44.687   3988.083     1.7558     1.6593     4.9328     4.6129     0.0000     0.0000     1.7558          4  0.000e+00
      98.66     0.0463          4   3.378682      1.377    -1.8000   27.76986  -88.73238    188.533    159.940  308.06423  308.75920 1.1856e-01 4.8414e+00   1011.489          1      95716     56.079     4.9248     4.9250     44.670   3988.125     1.7558     1.6606     4.9328     4.6142     0.0000     0.0000     1.7558          4  0.000e+00
      98.66     0.0463          4   3.378669     -1.375    -1.8000   27.76986  -88.73238    188.531    159.938  308.06380  308.75875 1.1856e-01 4.8416e+00   1011.432          1      95717     56.100     4.9249     4.9253     44.692   3988.167     1.7558     1.6606     4.9328     4.6142     0.0000     0.0000     1.7558          4  0.000e+00
      98.68     0.0474          4   3.378663      1.205    -1.8000   27.76986  -88.73238    188.533    159.939  308.06472  308.75969 1.1856e-01 4.8414e+00   1011.482          1      95718     56.095     4.9248     4.9253     44.687   3988.208     1.7558     1.6606     4.9341     4.6129     0.0000     0.0000     1.7558          4  0.000e+00
      98.68     0.0463          4   3.378663      0.173    -1.8000   27.76986  -88.73238    188.534    159.939  308.06473  308.75970 1.1856e-01 4.8414e+00   1011.489          1      95719     56.095     4.9248     4.9256     44.687   3988.250     1.7558     1.6606     4.9341     4.6142     0.0000     0.0000     1.7558          4  0.000e+00
      98.66     0.0474          4   3.378669     -1.375    -1.8000   27.76986  -88.73238    188.347    159.768  308.06380  308.75875 1.1856e-01 4.8416e+00   1011.432          1      95720     56.100     4.9249     4.9255     44.692   3988.292     1.7546     1.6593     4.9328     4.6129     0.0000     0.0000     1.7546          4  0.000e+00
      98.68     0.0463          4   3.378682      2.581    -1.8000   27.76986  -88.73238    188.534    159.769  308.06335  308.75829 1.1856e-01 4.8416e+00   1011.540          1      95721     56.099     4.9250     4.9256     44.689   3988.333     1.7558     1.6593     4.9341     4.6142     0.0000     0.0000     1.7558          4  0.000e+00
      98.68     0.0463          4   3.378688     -1.375    -1.8000   27.76986  -88.73238    188.533    159.938  308.06475  308.75975 1.1856e-01 4.8413e+00   1011.482          1      95722     56.061     4.9246     4.9256     44.652   3988.375     1.7558     1.6606     4.9341     4.6142     0.0000     0.0000     1.7558          4  0.000e+00
      98.68     0.0463          4   3.378669      0.173    -1.8000   27.76986  -88.73238    188.534    159.939  308.06527  308.76026 1.1856e-01 4.8413e+00   1011.490          1      95723     56.077     4.9246     4.9254     44.669   3988.417     1.7558     1.6606     4.9341     4.6142     0.0000     0.0000     1.7558          4  0.000e+00
      98.68     0.0474          4   3.378663     -1.375    -1.8000   27.76986  -88.73238    188.532    159.768  308.06397  308.75891 1.1856e-01 4.8416e+00   1011.432          1      95724     56.105     4.9249     4.9253     44.698   3988.458     1.7558     1.6593     4.9341     4.6129     0.0000     0.0000     1.7558          4  0.000e+00
      98.68     0.0474          4   3.378694      1.377    -1.8000   27.76986  -88.73238    188.533    159.940  308.06389  308.75887 1.1856e-01 4.8414e+00   1011.490          1      95725     56.068     4.9248     4.9251     44.659   3988.500     1.7558     1.6606     4.9341     4.6129     0.0000     0.0000     1.7558          4  0.000e+00
      98.68     0.0463          4   3.378669     -0.171    -1.8000   27.76986  -88.73238    188.533    159.770  308.06456  308.75953 1.1856e-01 4.8414e+00   1011.483          1      95726     56.090     4.9248     4.9251     44.681   3988.542     1.7558     1.6593     4.9341     4.6142     0.0000     0.0000     1.7558          4  0.000e+00
      98.68     0.0474          4   3.378682      1.377    -1.8000   27.76986  -88.73238    188.534    159.771  308.06335  308.75829 1.1856e-01 4.8416e+00   1011.540          1      95727     56.099     4.9250     4.9250     44.689   3988.583     1.7558     1.6593     4.9341     4.6129     0.0000     0.0000     1.7558          4  0.000e+00
      98.68     0.0474          4   3.378688     -2.580    -1.8000   27.76986  -88.73238    188.531    159.768  308.06329  308.75825 1.1856e-01 4.8416e+00   1011.432          1      95728     56.084     4.9249     4.9254     44.676   3988.625     1.7558     1.6593     4.9341     4.6129     0.0000     0.0000     1.7558          4  0.000e+00
      98.68     0.0474          4   3.378675      1.377    -1.8000   27.76986  -88.73238    188.533    159.769  308.06440  308.75937 1.1856e-01 4.8414e+00   1011.490          1      95729     56.085     4.9248     4.9253     44.676   3988.667     1.7558     1.6593     4.9341     4.6129     0.0000     0.0000     1.7558          4  0.000e+00
      98.66     0.0474          4   3.378682     -1.375    -1.8000   27.76986  -88.73238    188.532    159.768  308.06416  308.75914 1.1856e-01 4.8414e+00   1011.433          1      95730     56.076     4.9248     4.9254     44.668   3988.708     1.7558     1.6593     4.9328     4.6129     0.0000     0.0000     1.7558          4  0.000e+00
      98.68     0.0474          4   3.378688      1.205    -1.8000   27.76986  -88.73238    188.533    159.770  308.06405  308.75903 1.1856e-01 4.8414e+00   1011.483          1      95731     56.073     4.9248     4.9253     44.665   3988.750     1.7558     1.6593     4.9341     4.6129     0.0000     0.0000     1.7558          4  0.000e+00
      98.68     0.0474          4   3.378644      0.173    -1.8000   27.76986  -88.73238    188.533    159.770  308.06430  308.75924 1.1856e-01 4.8416e+00   1011.490          1      95732     56.129     4.9250     4.9253     44.721   3988.792     1.7558     1.6593     4.9341     4.6129     0.0000     0.0000     1.7558          4  0.000e+00
      98.68     0.0474          4   3.378650      0.001    -1.8000   27.76986  -88.73238    188.534    159.771  308.06577  308.76076 1.1856e-01 4.8413e+00   1011.490          1      95733     56.093     4.9246     4.9250     44.685   3988.833     1.7558     1.6593     4.9341     4.6129     0.0000     0.0000     1.7558          4  0.000e+00
      98.66     0.0474          4   3.378669      0.001    -1.8000   27.76986  -88.73238    188.349    159.942  308.06363  308.75857 1.1856e-01 4.8416e+00   1011.490          1      95734     56.107     4.9250     4.9247     44.699   3988.875     1.7546     1.6606     4.9328     4.6129     0.0000     0.0000     1.7546          4  0.000e+00
      98.66     0.0474          4   3.378682      1.033    -1.8000   27.76986  -88.73238    188.350    159.941  308.06428  308.75925 1.1856e-01 4.8414e+00   1011.533          1      95735     56.081     4.9248     4.9251     44.672   3988.917     1.7546     1.6606     4.9328     4.6129     0.0000     0.0000     1.7546          4  0.000e+00
