tests/data/CTD/g01l06s05.ros
* Sea-Bird SBE 9 Data File:
* FileName = D:\CTD DATA\2013\PE13-01 DiMarco\G01L06S05.hex
* Software Version Seasave V 7.21g
* Temperature SN = 4515
* Conductivity SN = 3079
* Number of Bytes Per Scan = 40
* Number of Voltage Words = 5
* Number of Scans Averaged by the Deck Unit = 1
* NMEA Latitude = 27 44.99 N
* NMEA Longitude = 087 59.95 W
* NMEA UTC (Time) = Jul 09 2012  17:01:20
* NMEA baud rate = 4800
# nquan = 31
# nvalues = 588                                   
# units = specified
# name 0 = altM: Altimeter [m]
# name 1 = bat: Beam Attenuation, Chelsea/Seatech [1/m]
# name 2 = bpos: Bottle Position in Carousel
# name 3 = c0S/m: Conductivity [S/m]
# name 4 = dz/dtM: Descent Rate [m/s]
# name 5 = wetCDOM: Fluorescence, WET Labs CDOM [mg/m^3]
# name 6 = latitude: Latitude [deg]
# name 7 = longitude: Longitude [deg]
# name 8 = sbeox0Mm/Kg: Oxygen, SBE 43 [umol/kg]
# name 9 = sbeox1Mm/Kg: Oxygen, SBE 43, 2 [umol/kg]
# name 10 = oxsolMm/Kg: Oxygen Saturation, Garcia & Gordon [umol/kg]
# name 11 = oxsatMm/Kg: Oxygen Saturation, Weiss [umol/kg]
# name 12 = par: PAR/Irradiance, Biospherical/Licor
# name 13 = pla: Plume Anomaly
# name 14 = prDM: Pressure, Digiquartz [db]
# name 15 = pumps: Pump Status
# name 16 = scan: Scan Count
# name 17 = sva: Specific Volume Anomaly [10^-8 * m^3/kg]
# name 18 = t090C: Temperature [ITS-90, deg C]
# name 19 = t190C: Temperature, 2 [ITS-90, deg C]
# name 20 = tsa: Thermosteric Anomaly [10^-8 * m^3/kg]
# name 21 = timeS: Time, Elapsed [seconds]
# name 22 = v0: Voltage 0
# name 23 = v1: Voltage 1
# name 24 = v2: Voltage 2
# name 25 = v3: Voltage 3
# name 26 = v4: Voltage 4
# name 27 = v5: Voltage 5
# name 28 = sbeox0V: Oxygen raw, SBE 43 [V]
# name 29 = nbf: Bottles Fired
# name 30 = flag:  0.000e+00
# interval = seconds: 0.0416667
# start_time = Jul 09 2012 17:01:20 [NMEA time, header]
# bad_flag = -9.990e-29
*END*
[from data line 234]
      98.66     0.0357          5   3.360869      1.211    -1.8000   27.74760  -87.98240    201.391    170.559  310.45446  311.19432 1.1856e-01 4.4910e+00   1262.439          1     129493     53.370     4.5946     4.5930     40.038   5395.500     1.7875     1.6874     4.9328     4.6264     0.0000     0.0000     1.7875          5  0.000e+00
      98.66     0.0368          5   3.360882     -1.555    -1.8000   27.74760  -87.98240    201.197    170.734  310.45333  311.19317 1.1856e-01 4.4912e+00   1262.374          1     129494     53.369     4.5947     4.5933     40.037   5395.542     1.7863     1.6886     4.9328     4.6252     0.0000     0.0000     1.7863          5  0.000e+00
      98.68     0.0347          5   3.360882      1.557    -1.8000   27.74760  -87.98240    201.390    170.736  310.45245  311.19226 1.1856e-01 4.4914e+00   1262.439          1     129495     53.390     4.5949     4.5930     40.057   5395.583     1.7875     1.6886     4.9341     4.6276     0.0000     0.0000     1.7875          5  0.000e+00
      98.66     0.0357          5   3.360901     -1.555    -1.8000   27.74760  -87.98240    201.196    170.734  310.45186  311.19168 1.1856e-01 4.4914e+00   1262.374          1     129496     53.370     4.5949     4.5931     40.038   5395.625     1.7863     1.6886     4.9328     4.6264     0.0000     0.0000     1.7863          5  0.000e+00
      98.66     0.0368          5   3.360913      1.556    -1.8000   27.74760  -87.98240    201.389    170.736  310.45159  311.19142 1.1856e-01 4.4914e+00   1262.439          1     129497     53.362     4.5949     4.5932     40.029   5395.667     1.7875     1.6886     4.9328     4.6252     0.0000     0.0000     1.7875          5  0.000e+00
      98.66     0.0368          5   3.360913     -1.209    -1.8000   27.74760  -87.98240    201.387    170.558  310.45082  311.19062 1.1856e-01 4.4915e+00   1262.389          1     129498     53.373     4.5950     4.5931     40.040   5395.708     1.7875     1.6874     4.9328     4.6252     0.0000     0.0000     1.7875          5  0.000e+00
      98.66     0.0368          5   3.360913     -0.345    -1.8000   27.74760  -87.98240    201.388    170.557  310.45152  311.19134 1.1856e-01 4.4914e+00   1262.374          1     129499     53.360     4.5949     4.5931     40.027   5395.750     1.7875     1.6874     4.9328     4.6252     0.0000     0.0000     1.7875          5  0.000e+00
      98.66     0.0368          5   3.360888      1.556    -1.8000   27.74760  -87.98240    201.390    170.558  310.45228  311.19209 1.1856e-01 4.4914e+00   1262.439          1     129500     53.384     4.5949     4.5933     40.051   5395.792     1.7875     1.6874     4.9328     4.6252     0.0000     0.0000     1.7875          5  0.000e+00
      98.68     0.0357          5   3.360901     -0.345    -1.8000   27.74760  -87.98240    201.389    170.558  310.45192  311.19174 1.1856e-01 4.4914e+00   1262.425          1     129501     53.373     4.5949     4.5933     40.040   5395.833     1.7875     1.6874     4.9341     4.6264     0.0000     0.0000     1.7875          5  0.000e+00
      98.66     0.0357          5   3.360863     -0.864    -1.8000   27.74760  -87.98240    201.390    170.556  310.45386  311.19370 1.1856e-01 4.4912e+00   1262.389          1     129502     53.386     4.5947     4.5933     40.055   5395.875     1.7875     1.6874     4.9328     4.6264     0.0000     0.0000     1.7875          5  0.000e+00
      98.66     0.0368          5   3.360894      1.211    -1.8000   27.74760  -87.98240    201.390    170.733  310.45306  311.19291 1.1856e-01 4.4912e+00   1262.439          1     129503     53.361     4.5947     4.5937     40.029   5395.917     1.7875     1.6886     4.9328     4.6252     0.0000     0.0000     1.7875          5  0.000e+00
      98.68     0.0410          6   3.418467      3.786    -1.8000   27.74694  -87.98150    172.497    146.097  304.80849  305.44370 1.1856e-01 5.2942e+00   1009.374          1     139005     63.269     5.3806     5.3796     50.953   5791.833     1.6630     1.5739     4.9341     4.6203     0.0000     0.0000     1.6630          6  0.000e+00
      98.71     0.0410          6   3.418460     -1.548    -1.8000   27.74694  -87.98150    172.496    146.095  304.80927  305.44450 1.1856e-01 5.2940e+00   1009.310          1     139006     63.259     5.3805     5.3799     50.944   5791.875     1.6630     1.5739     4.9353     4.6203     0.0000     0.0000     1.6630          6  0.000e+00
      98.68     0.0410          6   3.418473      1.549    -1.8000   27.74694  -87.98150    172.498    146.097  304.80901  305.44425 1.1856e-01 5.2940e+00   1009.375          1     139007     63.251     5.3805     5.3798     50.935   5791.917     1.6630     1.5739     4.9341     4.6203     0.0000     0.0000     1.6630          6  0.000e+00
      98.71     0.0410          6   3.418460     -1.548    -1.8000   27.74694  -87.98150    172.496    146.096  304.80859  305.44380 1.1856e-01 5.2942e+00   1009.310          1     139008     63.271     5.3806     5.3798     50.956   5791.958     1.6630     1.5739     4.9353     4.6203     0.0000     0.0000     1.6630          6  0.000e+00
      98.71     0.0400          6   3.418473      0.345    -1.8000   27.74694  -87.98150    172.495    145.928  304.80599  305.44113 1.1856e-01 5.2946e+00   1009.324          1     139009     63.304     5.3811     5.3796     50.988   5792.000     1.6630     1.5726     4.9353     4.6215     0.0000     0.0000     1.6630          6  0.000e+00
      98.68     0.0410          6   3.418524     -1.376    -1.8000   27.74694  -87.98150    172.491    146.096  304.80301  305.43812 1.1856e-01 5.2950e+00   1009.267          1     139010     63.288     5.3814     5.3795     50.972   5792.042     1.6630     1.5739     4.9341     4.6203     0.0000     0.0000     1.6630          6  0.000e+00
      98.68     0.0410          6   3.418543      1.033    -1.8000   27.74694  -87.98150    172.492    146.096  304.80165  305.43673 1.1856e-01 5.2951e+00   1009.310          1     139011     63.291     5.3816     5.3796     50.974   5792.083     1.6630     1.5739     4.9341     4.6203     0.0000     0.0000     1.6630          6  0.000e+00
      98.68     0.0410          6   3.418524      0.345    -1.8000   27.74694  -87.98150    172.492    146.095  304.80216  305.43724 1.1856e-01 5.2951e+00   1009.324          1     139012     63.307     5.3816     5.3799     50.991   5792.125     1.6630     1.5739     4.9341     4.6203     0.0000     0.0000     1.6630          6  0.000e+00
      98.68     0.0410          6   3.418582     -1.376    -1.8000   27.74694  -87.98150    172.490    146.263  304.79993  305.43500 1.1856e-01 5.2953e+00   1009.267          1     139013     63.269     5.3818     5.3798     50.952   5792.167     1.6630     1.5751     4.9341     4.6203     0.0000     0.0000     1.6630          6  0.000e+00
      98.68     0.0410          6   3.418537      1.033    -1.8000   27.74694  -87.98150    172.491    146.263  304.80045  305.43548 1.1856e-01 5.2954e+00   1009.310          1     139014     63.322     5.3819     5.3798     51.004   5792.208     1.6630     1.5751     4.9341     4.6203     0.0000     0.0000     1.6630          6  0.000e+00
      98.68     0.0410          6   3.418556     -1.032    -1.8000   27.74694  -87.98150    172.490    146.094  304.80059  305.43566 1.1856e-01 5.2953e+00   1009.267          1     139015     63.291     5.3818     5.3799     50.974   5792.250     1.6630     1.5739     4.9341     4.6203     0.0000     0.0000     1.6630          6  0.000e+00
      98.68     0.0410          6   3.418505      1.377    -1.8000   27.74694  -87.98150    172.493    146.095  304.80425  305.43938 1.1856e-01 5.2948e+00   1009.325          1     139016     63.294     5.3813     5.3799     50.978   5792.292     1.6630     1.5739     4.9341     4.6203     0.0000     0.0000     1.6630          6  0.000e+00
      98.68     0.0410          6   3.418486     -0.343    -1.8000   27.74694  -87.98150    172.493    146.094  304.80473  305.43985 1.1856e-01 5.2948e+00   1009.310          1     139017     63.309     5.3813     5.3799     50.993   5792.333     1.6630     1.5739     4.9341     4.6203     0.0000     0.0000     1.6630          6  0.000e+00
      98.68     0.0400          6   3.418460     -1.032    -1.8000   27.74694  -87.98150    172.494    146.093  304.80694  305.44210 1.1856e-01 5.2945e+00   1009.267          1     139018     63.299     5.3810     5.3801     50.984   5792.375     1.6630     1.5739     4.9341     4.6215     0.0000     0.0000     1.6630          6  0.000e+00
      98.71     0.0400          6   3.418473      0.001    -1.8000   27.74694  -87.98150    172.495    146.094  304.80821  305.44343 1.1856e-01 5.2942e+00   1009.267          1     139019     63.259     5.3806     5.3801     50.944   5792.417     1.6630     1.5739     4.9353     4.6215     0.0000     0.0000     1.6630          6  0.000e+00
      98.68     0.0410          6   3.418460      1.033    -1.8000   27.74694  -87.98150    172.496    146.093  304.80927  305.44450 1.1856e-01 5.2940e+00   1009.310          1     139020     63.259     5.3805     5.3804     50.944   5792.458     1.6630     1.5739     4.9341     4.6203     0.0000     0.0000     1.6630          6  0.000e+00
      98.68     0.0410          6   3.418428     -2.236    -1.8000   27.74694  -87.98150    172.495    146.091  304.80999  305.44522 1.1856e-01 5.2940e+00   1009.217          1     139021     63.281     5.3805     5.3804     50.968   5792.500     1.6630     1.5739     4.9341     4.6203     0.0000     0.0000     1.6630          6  0.000e+00
      98.68     0.0410          6   3.418467      2.581    -1.8000   27.74694  -87.98150    172.679    146.093  304.80912  305.44436 1.1856e-01 5.2940e+00   1009.325          1     139022     63.254     5.3805     5.3804     50.939   5792.542     1.6642     1.5739     4.9341     4.6203     0.0000     0.0000     1.6642          6  0.000e+00
      98.68     0.0410          6   3.418460     -1.548    -1.8000   27.74694  -87.98150    172.495    146.092  304.80853  305.44374 1.1856e-01 5.2942e+00   1009.260          1     139023     63.269     5.3806     5.3806     50.954   5792.583     1.6630     1.5739     4.9341     4.6203     0.0000     0.0000     1.6630          6  0.000e+00
      98.71     0.0400          6   3.418454      0.173    -1.8000   27.74694  -87.98150    172.496    146.092  304.81030  305.44556 1.1856e-01 5.2938e+00   1009.268          1     139024     63.245     5.3803     5.3804     50.931   5792.625     1.6630     1.5739     4.9353     4.6215     0.0000     0.0000     1.6630          6  0.000e+00
      98.68     0.0410          6   3.418454     -1.204    -1.8000   27.74694  -87.98150    172.312    146.091  304.80865  305.44386 1.1856e-01 5.2942e+00   1009.217          1     139025     63.272     5.3806     5.3804     50.958   5792.667     1.6618     1.5739     4.9341     4.6203     0.0000     0.0000     1.6618          6  0.000e+00
      98.68     0.0421          6   3.418428      1.033    -1.8000   27.74694  -87.98150    172.314    146.092  304.81004  305.44527 1.1856e-01 5.2940e+00   1009.260          1     139026     63.283     5.3805     5.3804     50.969   5792.708     1.6618     1.5739     4.9341     4.6190     0.0000     0.0000     1.6618          6  0.000e+00
      98.68     0.0410          6   3.418467      0.173    -1.8000   27.74694  -87.98150    172.494    146.092  304.80746  305.44265 1.1856e-01 5.2944e+00   1009.268          1     139027     63.281     5.3808     5.3804     50.966   5792.750     1.6630     1.5739     4.9341     4.6203     0.0000     0.0000     1.6630          6  0.000e+00
      98.68     0.0400          6   3.418505     -1.204    -1.8000   27.74694  -87.98150    172.492    146.091  304.80642  305.44161 1.1856e-01 5.2944e+00   1009.217          1     139028     63.246     5.3808     5.3804     50.932   5792.792     1.6630     1.5739     4.9341     4.6215     0.0000     0.0000     1.6630          6  0.000e+00
      98.68     0.0400          6   3.418467      1.033    -1.8000   27.74694  -87.98150    172.494    146.260  304.80746  305.44264 1.1856e-01 5.2944e+00   1009.261          1     139029     63.281     5.3808     5.3806     50.966   5792.833     1.6630     1.5751     4.9341     4.6215     0.0000     0.0000     1.6630          6  0.000e+00
      98.68     0.0410          6   3.418499      0.173    -1.8000   27.74694  -87.98150    172.492    146.260  304.80436  305.43948 1.1856e-01 5.2948e+00   1009.268          1     139030     63.296     5.3813     5.3806     50.981   5792.875     1.6630     1.5751     4.9341     4.6203     0.0000     0.0000     1.6630          6  0.000e+00
      98.68     0.0410          6   3.418518     -1.376    -1.8000   27.74694  -87.98150    172.491    146.091  304.80380  305.43893 1.1856e-01 5.2948e+00   1009.210          1     139031     63.278     5.3813     5.3806     50.962   5792.917     1.6630     1.5739     4.9341     4.6203     0.0000     0.0000     1.6630          6  0.000e+00
      98.68     0.0410          6   3.418537      0.173    -1.8000   27.74694  -87.98150    172.491    146.091  304.80331  305.43844 1.1856e-01 5.2948e+00   1009.218          1     139032     63.262     5.3813     5.3806     50.946   5792.958     1.6630     1.5739     4.9341     4.6203     0.0000     0.0000     1.6630          6  0.000e+00
      98.68     0.0410          6   3.418543      0.001    -1.8000   27.74694  -87.98150    172.489    146.091  304.80155  305.43663 1.1856e-01 5.2952e+00   1009.218          1     139033     63.286     5.3816     5.3806     50.970   5793.000     1.6630     1.5739     4.9341     4.6203     0.0000     0.0000     1.6630          6  0.000e+00
      98.68     0.0410          6   3.418550     -0.171    -1.8000   27.74694  -87.98150    172.489    146.090  304.80161  305.43670 1.1856e-01 5.2951e+00   1009.210          1     139034     63.276     5.3816     5.3807     50.960   5793.042     1.6630     1.5739     4.9341     4.6203     0.0000     0.0000     1.6630          6  0.000e+00
      98.71     0.0410          6   3.418550      0.173    -1.8000   27.74694  -87.98150    172.489    146.090  304.80070  305.43576 1.1856e-01 5.2953e+00   1009.218          1     139035     63.294     5.3818     5.3807     50.978   5793.083     1.6630     1.5739     4.9353     4.6203     0.0000     0.0000     1.6630          6  0.000e+00
      98.71     0.0410          6   3.418499      0.001    -1.8000   27.74694  -87.98150    172.490    146.091  304.80202  305.43707 1.1856e-01 5.2953e+00   1009.218          1     139036     63.337     5.3818     5.3804     51.021   5793.125     1.6630     1.5739     4.9353     4.6203     0.0000     0.0000     1.6630          6  0.000e+00
      98.68     0.0410          6   3.418550      1.033    -1.8000   27.74694  -87.98150    172.490    146.091  304.80006  305.43510 1.1856e-01 5.2954e+00   1009.261          1     139037     63.308     5.3819     5.3806     50.992   5793.167     1.6630     1.5739     4.9341     4.6203     0.0000     0.0000     1.6630          6  0.000e+00
      98.68     0.0410          6   3.418575     -2.236    -1.8000   27.74694  -87.98150    172.487    146.089  304.79999  305.43506 1.1856e-01 5.2953e+00   1009.168          1     139038     63.270     5.3818     5.3809     50.954   5793.208     1.6630     1.5739     4.9341     4.6203     0.0000     0.0000     1.6630          6  0.000e+00
      98.68     0.0410          6   3.418556      1.205    -1.8000   27.74694  -87.98150    172.306    146.091  304.79985  305.43490 1.1856e-01 5.2954e+00   1009.218          1     139039     63.301     5.3819     5.3806     50.985   5793.250     1.6618     1.5739     4.9341     4.6203     0.0000     0.0000     1.6618          6  0.000e+00
