tests/data/CTD/g01l02s04m.ros
* Sea-Bird SBE 9 Data File:
* FileName = D:\CTD DATA\2013\PE13-01 DiMarco\G01L02S04M.hex
* Software Version Seasave V 7.21g
* Temperature SN = 4515
* Conductivity SN = 3079
* Number of Bytes Per Scan = 40
* Number of Voltage Words = 5
* Number of Scans Averaged by the Deck Unit = 1
* NMEA Latitude = 28 00.05 N
* NMEA Longitude = 089 00.62 W
* NMEA UTC (Time) = Jul 08 2012  22:04:02
* NMEA baud rate = 4800
# nquan = 31
# nvalues = 588                                   
# units = specified
# name 0 = altM: Altimeter [m]
# name 1 = bat: Beam Attenuation, Chelsea/Seatech [1/m]
# name 2 = bpos: Bottle Position in Carousel
# name 3 = c0S/m: Conductivity [S/m]
# name 4 = dz/dtM: Descent Rate [m/s]
# name 5 = wetCDOM: Fluorescence, WET Labs CDOM [mg/m^3]
# name 6 = latitude: Latitude [deg]
# name 7 = longitude: Longitude [deg]
# name 8 = sbeox0Mm/Kg: Oxygen, SBE 43 [umol/kg]
# name 9 = sbeox1Mm/Kg: Oxygen, SBE 43, 2 [umol/kg]
# name 10 = oxsolMm/Kg: Oxygen Saturation, Garcia & Gordon [umol/kg]
# name 11 = oxsatMm/Kg: Oxygen Saturation, Weiss [umol/kg]
# name 12 = par: PAR/Irradiance, Biospherical/Licor
# name 13 = pla: Plume Anomaly
# name 14 = prDM: Pressure, Digiquartz [db]
# name 15 = pumps: Pump Status
# name 16 = scan: Scan Count
# name 17 = sva: Specific Volume Anomaly [10^-8 * m^3/kg]
# name 18 = t090C: Temperature [ITS-90, deg C]
# name 19 = t190C: Temperature, 2 [ITS-90, deg C]
# name 20 = tsa: Thermosteric Anomaly [10^-8 * m^3/kg]
# name 21 = timeS: Time, Elapsed [seconds]
# name 22 = v0: Voltage 0
# name 23 = v1: Voltage 1
# name 24 = v2: Voltage 2
# name 25 = v3: Voltage 3
# name 26 = v4: Voltage 4
# name 27 = v5: Voltage 5
# name 28 = sbeox0V: Oxygen raw, SBE 43 [V]
# name 29 = nbf: Bottles Fired
# name 30 = flag:  0.000e+00
# interval = seconds: 0.0416667
# start_time = Jul 08 2012 22:04:02 [NMEA time, header]
# bad_flag = -9.990e-29
*END*
[from data line 422]
      98.66     0.0389          9   4.377997     -1.355     2.8093   28.00664  -89.01792    131.728    112.669  247.34952  247.16655 1.2986e-01 1.4740e+01    201.825          1      86408    136.200    14.7674    14.7659    130.409   3600.292     1.7241     1.6374     4.9328     4.6227     0.0391     0.1844     1.7241          9  0.000e+00
      98.68     0.0379          9   4.378039      0.509     2.7788   28.00664  -89.01792    131.859    112.546  247.34752  247.16452 1.2986e-01 1.4741e+01    201.846          1      86409    136.209    14.7678    14.7666    130.417   3600.333     1.7253     1.6361     4.9341     4.6239     0.0391     0.1832     1.7253          9  0.000e+00
      98.66     0.0389          9   4.378096     -0.507     2.7788   28.00664  -89.01792    131.857    112.543  247.34553  247.16252 1.2986e-01 1.4741e+01    201.825          1      86410    136.199    14.7681    14.7675    130.408   3600.375     1.7253     1.6361     4.9328     4.6227     0.0391     0.1832     1.7253          9  0.000e+00
      98.66     0.0379          9   4.378208      0.001     2.7788   28.00664  -89.01792    131.987    112.540  247.34091  247.15785 1.2986e-01 1.4742e+01    201.825          1      86411    136.200    14.7690    14.7687    130.408   3600.417     1.7265     1.6361     4.9328     4.6239     0.0391     0.1832     1.7265          9  0.000e+00
      98.66     0.0389          9   4.378229      0.001     2.7788   28.00664  -89.01792    131.986    112.538  247.33909  247.15600 1.2986e-01 1.4743e+01    201.825          1      86412    136.226    14.7694    14.7695    130.434   3600.458     1.7265     1.6361     4.9328     4.6227     0.0391     0.1832     1.7265          9  0.000e+00
      98.66     0.0379          9   4.378208      0.509     2.7788   28.00664  -89.01792    131.855    112.537  247.34038  247.15731 1.2986e-01 1.4742e+01    201.847          1      86413    136.216    14.7692    14.7702    130.424   3600.500     1.7253     1.6361     4.9328     4.6239     0.0391     0.1832     1.7253          9  0.000e+00
      98.68     0.0379          9   4.378194     -1.693     2.7788   28.00664  -89.01792    131.856    112.535  247.34340  247.16039 1.2986e-01 1.4741e+01    201.776          1      86414    136.145    14.7683    14.7705    130.354   3600.542     1.7253     1.6361     4.9341     4.6239     0.0391     0.1832     1.7253          9  0.000e+00
      98.66     0.0379          9   4.378173      1.187     2.7788   28.00664  -89.01792    131.856    112.535  247.34323  247.16020 1.2986e-01 1.4742e+01    201.825          1      86415    136.176    14.7685    14.7707    130.385   3600.583     1.7253     1.6361     4.9328     4.6239     0.0391     0.1832     1.7253          9  0.000e+00
      98.66     0.0379          9   4.378272      0.001     2.7788   28.00664  -89.01792    131.854    112.413  247.33964  247.15658 1.3023e-01 1.4742e+01    201.825          1      86416    136.165    14.7691    14.7709    130.373   3600.625     1.7253     1.6349     4.9328     4.6239     0.0403     0.1832     1.7253          9  0.000e+00
      98.66     0.0389          9   4.378279      0.509     2.7788   28.00664  -89.01792    131.986    112.416  247.33819  247.15510 1.2986e-01 1.4743e+01    201.847          1      86417    136.198    14.7695    14.7699    130.405   3600.667     1.7265     1.6349     4.9328     4.6227     0.0391     0.1832     1.7265          9  0.000e+00
      98.68     0.0379          9   4.378166     -0.507     2.7788   28.00664  -89.01792    131.857    112.417  247.34442  247.16141 1.2986e-01 1.4741e+01    201.826          1      86418    136.152    14.7681    14.7690    130.360   3600.708     1.7253     1.6349     4.9341     4.6239     0.0391     0.1832     1.7253          9  0.000e+00
      98.66     0.0389          9   4.378032      0.001     2.7788   28.00664  -89.01792    131.860    112.416  247.34992  247.16697 1.3023e-01 1.4740e+01    201.826          1      86419    136.151    14.7671    14.7690    130.359   3600.750     1.7253     1.6349     4.9328     4.6227     0.0403     0.1832     1.7253          9  0.000e+00
      98.68     0.0379          9   4.377919      0.001     2.7788   28.00664  -89.01792    131.994    112.416  247.35305  247.17012 1.2986e-01 1.4740e+01    201.826          1      86420    136.190    14.7667    14.7695    130.399   3600.792     1.7265     1.6349     4.9341     4.6239     0.0391     0.1832     1.7265          9  0.000e+00
      98.66     0.0389          9   4.377863     -1.185     2.7788   28.00664  -89.01792    131.994    112.416  247.35471  247.17179 1.2986e-01 1.4740e+01    201.776          1      86421    136.203    14.7664    14.7693    130.414   3600.833     1.7265     1.6349     4.9328     4.6227     0.0391     0.1832     1.7265          9  0.000e+00
      98.66     0.0389          9   4.377799      2.881     2.7788   28.00664  -89.01792    131.998    112.419  247.35918  247.17633 1.2986e-01 1.4738e+01    201.896          1      86422    136.162    14.7654    14.7687    130.369   3600.875     1.7265     1.6349     4.9328     4.6227     0.0391     0.1832     1.7265          9  0.000e+00
      98.68     0.0389          9   4.377722     -2.879     2.7788   28.00664  -89.01792    131.866    112.419  247.36249  247.17967 1.2986e-01 1.4738e+01    201.776          1      86423    136.148    14.7647    14.7680    130.359   3600.917     1.7253     1.6349     4.9341     4.6227     0.0391     0.1832     1.7253          9  0.000e+00
      98.66     0.0389          9   4.377651      2.542     2.7788   28.00664  -89.01792    132.001    112.422  247.36516  247.18237 1.2986e-01 1.4737e+01    201.882          1      86424    136.162    14.7643    14.7673    130.370   3600.958     1.7265     1.6349     4.9328     4.6227     0.0391     0.1832     1.7265          9  0.000e+00
      98.66     0.0400          9   4.377680     -1.354     2.7788   28.00664  -89.01792    131.869    112.546  247.36766  247.18493 1.3023e-01 1.4736e+01    201.826          1      86425    136.059    14.7634    14.7659    130.269   3601.000     1.7253     1.6361     4.9328     4.6215     0.0403     0.1832     1.7253          9  0.000e+00
      98.66     0.0400          9   4.377651      0.509     2.7788   28.00664  -89.01792    131.870    112.547  247.36812  247.18539 1.2986e-01 1.4736e+01    201.847          1      86426    136.079    14.7634    14.7652    130.289   3601.042     1.7253     1.6361     4.9328     4.6215     0.0391     0.1832     1.7253          9  0.000e+00
      98.61     0.0506         10   5.050363      0.001     2.6567   28.00694  -89.01824    151.649    131.325  220.79008  220.35822 1.0094e+00 2.0588e+01    102.010          1      90005    222.981    20.6024    20.6018    219.413   3750.167     2.0977     1.9902     4.9304     4.6093     0.9255     0.1783     2.0977         10  0.000e+00
      98.61     0.0516         10   5.050385      0.001     2.6567   28.00694  -89.01824    151.648    131.323  220.78880  220.35692 1.0180e+00 2.0588e+01    102.010          1      90006    223.001    20.6028    20.6032    219.433   3750.208     2.0977     1.9902     4.9304     4.6081     0.9292     0.1783     2.0977         10  0.000e+00
      98.61     0.0516         10   5.050482     -1.183     2.6567   28.00694  -89.01824    151.763    131.322  220.78690  220.35503 1.0123e+00 2.0589e+01    101.960          1      90007    222.965    20.6030    20.6032    219.398   3750.250     2.0989     1.9902     4.9304     4.6081     0.9267     0.1783     2.0989         10  0.000e+00
      98.61     0.0516         10   5.050497      1.184     2.6567   28.00694  -89.01824    151.646    131.323  220.78513  220.35323 1.0123e+00 2.0589e+01    102.010          1      90008    223.012    20.6036    20.6032    219.444   3750.292     2.0977     1.9902     4.9304     4.6081     0.9267     0.1783     2.0977         10  0.000e+00
      98.61     0.0506         10   5.050512     -1.183     2.6567   28.00694  -89.01824    151.760    131.431  220.78351  220.35159 1.0123e+00 2.0590e+01    101.960          1      90009    223.047    20.6042    20.6032    219.480   3750.333     2.0989     1.9915     4.9304     4.6093     0.9267     0.1783     2.0989         10  0.000e+00
      98.61     0.0516         10   5.050497      1.184     2.6567   28.00694  -89.01824    151.761    131.430  220.78371  220.35180 1.0094e+00 2.0590e+01    102.010          1      90010    223.059    20.6042    20.6036    219.491   3750.375     2.0989     1.9915     4.9304     4.6081     0.9255     0.1783     2.0989         10  0.000e+00
      98.61     0.0516         10   5.050512     -1.183     2.6567   28.00694  -89.01824    151.761    131.420  220.78452  220.35262 1.0094e+00 2.0589e+01    101.960          1      90011    223.014    20.6038    20.6073    219.447   3750.417     2.0989     1.9915     4.9304     4.6081     0.9255     0.1783     2.0989         10  0.000e+00
      98.61     0.0516         10   5.050475      0.001     2.6567   28.00694  -89.01824    151.761    131.410  220.78507  220.35317 1.0066e+00 2.0589e+01    101.960          1      90012    223.033    20.6038    20.6120    219.466   3750.458     2.0989     1.9915     4.9304     4.6081     0.9243     0.1783     2.0989         10  0.000e+00
      98.61     0.0516         10   5.050475      0.001     2.6567   28.00694  -89.01824    151.762    131.406  220.78588  220.35399 1.0010e+00 2.0589e+01    101.960          1      90013    223.006    20.6035    20.6141    219.439   3750.500     2.0989     1.9915     4.9304     4.6081     0.9219     0.1783     2.0989         10  0.000e+00
      98.61     0.0516         10   5.050527      1.184     2.6567   28.00694  -89.01824    151.762    131.405  220.78437  220.35247 1.0010e+00 2.0589e+01    102.010          1      90014    223.008    20.6038    20.6154    219.439   3750.542     2.0989     1.9915     4.9304     4.6081     0.9219     0.1783     2.0989         10  0.000e+00
      98.61     0.0506         10   5.050654     -2.366     2.6567   28.00694  -89.01824    151.873    131.404  220.78037  220.34845 1.0066e+00 2.0590e+01    101.911          1      90015    223.007    20.6047    20.6154    219.442   3750.583     2.1001     1.9915     4.9304     4.6093     0.9243     0.1783     2.1001         10  0.000e+00
      98.61     0.0516         10   5.050707      1.184     2.6567   28.00694  -89.01824    151.873    131.406  220.77906  220.34713 1.0123e+00 2.0591e+01    101.961          1      90016    223.003    20.6050    20.6145    219.436   3750.625     2.1001     1.9915     4.9304     4.6081     0.9267     0.1783     2.1001         10  0.000e+00
      98.61     0.0516         10   5.050729      0.001     2.6567   28.00694  -89.01824    151.873    131.406  220.77859  220.34666 1.0123e+00 2.0591e+01    101.961          1      90017    222.997    20.6051    20.6145    219.429   3750.667     2.1001     1.9915     4.9304     4.6081     0.9267     0.1783     2.1001         10  0.000e+00
      98.61     0.0506         10   5.050796      0.339     2.6567   28.00694  -89.01824    151.872    131.408  220.77597  220.34402 1.0151e+00 2.0591e+01    101.975          1      90018    223.018    20.6057    20.6133    219.450   3750.708     2.1001     1.9915     4.9304     4.6093     0.9280     0.1783     2.1001         10  0.000e+00
      98.61     0.0516         10   5.050893     -0.337     2.6567   28.00694  -89.01824    151.753    131.517  220.77238  220.34040 1.0094e+00 2.0592e+01    101.961          1      90019    223.040    20.6066    20.6136    219.473   3750.750     2.0989     1.9927     4.9304     4.6081     0.9255     0.1783     2.0989         10  0.000e+00
      98.61     0.0506         10   5.051125      0.001     2.6261   28.00696  -89.01826    151.863    131.515  220.76354  220.33149 1.0094e+00 2.0594e+01    101.961          1      90020    223.105    20.6089    20.6141    219.537   3750.792     2.1001     1.9927     4.9304     4.6093     0.9255     0.1770     2.1001         10  0.000e+00
      98.61     0.0516         10   5.051439      0.001     2.6567   28.00696  -89.01826    151.850    131.407  220.74472  220.31249 1.0094e+00 2.0600e+01    101.961          1      90021    223.419    20.6146    20.6141    219.851   3750.833     2.1001     1.9915     4.9304     4.6081     0.9255     0.1783     2.1001         10  0.000e+00
      98.61     0.0516         10   5.051880     -1.183     2.6261   28.00696  -89.01826    151.837    131.408  220.72769  220.29534 1.0123e+00 2.0605e+01    101.911          1      90022    223.544    20.6190    20.6134    219.978   3750.875     2.1001     1.9915     4.9304     4.6081     0.9267     0.1770     2.1001         10  0.000e+00
      98.61     0.0506         10   5.052247      1.184     2.6261   28.00696  -89.01826    151.829    131.411  220.71394  220.28149 1.0151e+00 2.0608e+01    101.961          1      90023    223.643    20.6225    20.6123    220.074   3750.917     2.1001     1.9915     4.9304     4.6093     0.9280     0.1770     2.1001         10  0.000e+00
      98.61     0.0506         10   5.052561      0.001     2.6567   28.00696  -89.01826    151.825    131.521  220.70787  220.27540 1.0151e+00 2.0609e+01    101.961          1      90024    223.535    20.6234    20.6116    219.966   3750.958     2.1001     1.9927     4.9304     4.6093     0.9280     0.1783     2.1001         10  0.000e+00
      98.61     0.0516         10   5.052673      0.001     2.6261   28.00696  -89.01826    151.822    131.521  220.70471  220.27223 1.0123e+00 2.0610e+01    101.961          1      90025    223.529    20.6241    20.6115    219.960   3751.000     2.1001     1.9927     4.9304     4.6081     0.9267     0.1770     2.1001         10  0.000e+00
      98.61     0.0506         10   5.052710     -1.183     2.6261   28.00696  -89.01826    151.821    131.519  220.70374  220.27124 1.0123e+00 2.0610e+01    101.912          1      90026    223.521    20.6242    20.6122    219.953   3751.042     2.1001     1.9927     4.9304     4.6093     0.9267     0.1770     2.1001         10  0.000e+00
      98.61     0.0516         10   5.052919      1.184     2.6567   28.00696  -89.01826    151.934    131.521  220.69793  220.26540 1.0123e+00 2.0611e+01    101.961          1      90027    223.511    20.6255    20.6116    219.942   3751.083     2.1013     1.9927     4.9304     4.6081     0.9267     0.1783     2.1013         10  0.000e+00
      98.61     0.0506         10   5.053353      0.001     2.6261   28.00696  -89.01826    151.926    131.414  220.68578  220.25319 1.0123e+00 2.0614e+01    101.961          1      90028    223.486    20.6281    20.6106    219.917   3751.125     2.1013     1.9915     4.9304     4.6093     0.9267     0.1770     2.1013         10  0.000e+00
      98.61     0.0506         10   5.053458      0.001     2.6261   28.00696  -89.01826    151.922    131.414  220.67978  220.24713 1.0123e+00 2.0615e+01    101.961          1      90029    223.582    20.6299    20.6103    220.012   3751.167     2.1013     1.9915     4.9304     4.6093     0.9267     0.1770     2.1013         10  0.000e+00
      98.61     0.0516         10   5.053540     -1.183     2.6567   28.00696  -89.01826    151.920    131.412  220.67958  220.24695 1.0094e+00 2.0615e+01    101.912          1      90030    223.504    20.6296    20.6115    219.936   3751.208     2.1013     1.9915     4.9304     4.6081     0.9255     0.1783     2.1013         10  0.000e+00
