tests/data/CTD/g01l05s05.ros
* Sea-Bird SBE 9 Data File:
* FileName = D:\CTD DATA\2013\PE13-01 DiMarco\G01L05S05.hex
* Software Version Seasave V 7.21g
* Temperature SN = 4515
* Conductivity SN = 3079
* Number of Bytes Per Scan = 40
* Number of Voltage Words = 5
* Number of Scans Averaged by the Deck Unit = 1
* NMEA Latitude = 27 59.99 N
* NMEA Longitude = 088 14.87 W
* NMEA UTC (Time) = Jul 09 2012  09:56:57
* NMEA baud rate = 4800
# nquan = 31
# nvalues = 588                                   
# units = specified
# name 0 = altM: Altimeter [m]
# name 1 = bat: Beam Attenuation, Chelsea/Seatech [1/m]
# name 2 = bpos: Bottle Position in Carousel
# name 3 = c0S/m: Conductivity [S/m]
# name 4 = dz/dtM: Descent Rate [m/s]
# name 5 = wetCDOM: Fluorescence, WET Labs CDOM [mg/m^3]
# name 6 = latitude: Latitude [deg]
# name 7 = longitude: Longitude [deg]
# name 8 = sbeox0Mm/Kg: Oxygen, SBE 43 [umol/kg]
# name 9 = sbeox1Mm/Kg: Oxygen, SBE 43, 2 [umol/kg]
# name 10 = oxsolMm/Kg: Oxygen Saturation, Garcia & Gordon [umol/kg]
# name 11 = oxsatMm/Kg: Oxygen Saturation, Weiss [umol/kg]
# name 12 = par: PAR/Irradiance, Biospherical/Licor
# name 13 = pla: Plume Anomaly
# name 14 = prDM: Pressure, Digiquartz [db]
# name 15 = pumps: Pump Status
# name 16 = scan: Scan Count
# name 17 = sva: Specific Volume Anomaly [10^-8 * m^3/kg]
# name 18 = t090C: Temperature [ITS-90, deg C]
# name 19 = t190C: Temperature, 2 [ITS-90, deg C]
# name 20 = tsa: Thermosteric Anomaly [10^-8 * m^3/kg]
# name 21 = timeS: Time, Elapsed [seconds]
# name 22 = v0: Voltage 0
# name 23 = v1: Voltage 1
# name 24 = v2: Voltage 2
# name 25 = v3: Voltage 3
# name 26 = v4: Voltage 4
# name 27 = v5: Voltage 5
# name 28 = sbeox0V: Oxygen raw, SBE 43 [V]
# name 29 = nbf: Bottles Fired
# name 30 = flag:  0.000e+00
# interval = seconds: 0.0416667
# start_time = Jul 09 2012 09:56:57 [NMEA time, header]
# bad_flag = -9.990e-29
*END*
[from data line 281]
      98.68     0.0379          6   3.409123     -1.032    -1.8000   28.01776  -88.23776    175.909    148.701  305.56644  306.21541 1.1856e-01 5.1881e+00   1010.629          1     134360     61.616     5.2739     5.2762     49.502   5598.292     1.6825     1.5897     4.9341     4.6239     0.0000     0.0000     1.6825          6  0.000e+00
      98.68     0.0379          6   3.409162      0.001    -1.8000   28.01776  -88.23776    175.908    148.871  305.56475  306.21372 1.1856e-01 5.1882e+00   1010.629          1     134361     61.596     5.2740     5.2759     49.482   5598.333     1.6825     1.5910     4.9341     4.6239     0.0000     0.0000     1.6825          6  0.000e+00
      98.68     0.0379          6   3.409111      1.033    -1.8000   28.01776  -88.23776    175.910    148.705  305.56704  306.21603 1.1856e-01 5.1880e+00   1010.672          1     134362     61.624     5.2738     5.2754     49.510   5598.375     1.6825     1.5897     4.9341     4.6239     0.0000     0.0000     1.6825          6  0.000e+00
      98.71     0.0379          6   3.409111     -1.032    -1.8000   28.01776  -88.23776    175.909    148.707  305.56608  306.21503 1.1856e-01 5.1882e+00   1010.629          1     134363     61.639     5.2740     5.2748     49.526   5598.417     1.6825     1.5897     4.9353     4.6239     0.0000     0.0000     1.6825          6  0.000e+00
      98.68     0.0379          6   3.409117      0.001    -1.8000   28.01776  -88.23776    175.909    148.708  305.56660  306.21558 1.1856e-01 5.1881e+00   1010.629          1     134364     61.621     5.2739     5.2743     49.507   5598.458     1.6825     1.5897     4.9341     4.6239     0.0000     0.0000     1.6825          6  0.000e+00
      98.68     0.0379          6   3.409136      0.001    -1.8000   28.01776  -88.23776    175.908    148.709  305.56542  306.21438 1.1856e-01 5.1882e+00   1010.629          1     134365     61.618     5.2740     5.2743     49.504   5598.500     1.6825     1.5897     4.9341     4.6239     0.0000     0.0000     1.6825          6  0.000e+00
      98.68     0.0379          6   3.409149     -0.171    -1.8000   28.01776  -88.23776    175.908    148.709  305.56599  306.21499 1.1856e-01 5.1880e+00   1010.622          1     134366     61.590     5.2738     5.2740     49.476   5598.542     1.6825     1.5897     4.9341     4.6239     0.0000     0.0000     1.6825          6  0.000e+00
      98.71     0.0379          6   3.409149      0.173    -1.8000   28.01776  -88.23776    176.091    148.709  305.56577  306.21476 1.1856e-01 5.1881e+00   1010.629          1     134367     61.594     5.2739     5.2740     49.480   5598.583     1.6838     1.5897     4.9353     4.6239     0.0000     0.0000     1.6838          6  0.000e+00
      98.68     0.0379          6   3.409149      0.001    -1.8000   28.01776  -88.23776    175.908    148.710  305.56508  306.21405 1.1856e-01 5.1882e+00   1010.629          1     134368     61.607     5.2740     5.2738     49.493   5598.625     1.6825     1.5897     4.9341     4.6239     0.0000     0.0000     1.6825          6  0.000e+00
      98.68     0.0379          6   3.409123     -0.171    -1.8000   28.01776  -88.23776    175.909    148.710  305.56643  306.21541 1.1856e-01 5.1881e+00   1010.622          1     134369     61.615     5.2739     5.2738     49.502   5598.667     1.6825     1.5897     4.9341     4.6239     0.0000     0.0000     1.6825          6  0.000e+00
      98.68     0.0368          6   3.409136     -1.032    -1.8000   28.01776  -88.23776    175.907    148.710  305.56536  306.21432 1.1856e-01 5.1882e+00   1010.579          1     134370     61.615     5.2740     5.2736     49.502   5598.708     1.6825     1.5897     4.9341     4.6252     0.0000     0.0000     1.6825          6  0.000e+00
      98.68     0.0368          6   3.409123      1.205    -1.8000   28.01776  -88.23776    175.909    148.541  305.56644  306.21541 1.1856e-01 5.1881e+00   1010.629          1     134371     61.616     5.2739     5.2738     49.502   5598.750     1.6825     1.5885     4.9341     4.6252     0.0000     0.0000     1.6825          6  0.000e+00
      98.68     0.0379          6   3.409136     -0.171    -1.8000   28.01776  -88.23776    175.908    148.542  305.56541  306.21437 1.1856e-01 5.1882e+00   1010.622          1     134372     61.617     5.2740     5.2736     49.503   5598.792     1.6825     1.5885     4.9341     4.6239     0.0000     0.0000     1.6825          6  0.000e+00
      98.71     0.0495          7   3.484001      2.572    -1.8000   28.01806  -88.23758    150.572    127.521  298.99223  299.52433 1.1856e-01 6.1416e+00    808.757          1     140904     73.502     6.2144     6.2145     62.272   5870.958     1.5641     1.4835     4.9353     4.6105     0.0000     0.0000     1.5641          7  0.000e+00
      98.71     0.0495          7   3.484020      0.001    -1.8000   28.01806  -88.23758    150.572    127.361  298.99176  299.52386 1.1856e-01 6.1416e+00    808.757          1     140905     73.487     6.2144     6.2147     62.256   5871.000     1.5641     1.4823     4.9353     4.6105     0.0000     0.0000     1.5641          7  0.000e+00
      98.71     0.0495          7   3.484033      0.001    -1.8000   28.01806  -88.23758    150.572    127.521  298.99144  299.52355 1.1856e-01 6.1416e+00    808.757          1     140906     73.476     6.2144     6.2145     62.245   5871.042     1.5641     1.4835     4.9353     4.6105     0.0000     0.0000     1.5641          7  0.000e+00
      98.71     0.0495          7   3.484033     -2.570    -1.8000   28.01806  -88.23758    150.569    127.359  298.99046  299.52254 1.1856e-01 6.1418e+00    808.650          1     140907     73.487     6.2146     6.2147     62.258   5871.083     1.5641     1.4823     4.9353     4.6105     0.0000     0.0000     1.5641          7  0.000e+00
      98.73     0.0495          7   3.484033      2.572    -1.8000   28.01806  -88.23758    150.746    127.522  298.99144  299.52355 1.1856e-01 6.1416e+00    808.757          1     140908     73.476     6.2144     6.2145     62.245   5871.125     1.5653     1.4835     4.9365     4.6105     0.0000     0.0000     1.5653          7  0.000e+00
      98.71     0.0495          7   3.484007     -2.570    -1.8000   28.01806  -88.23758    150.743    127.359  298.99109  299.52317 1.1856e-01 6.1418e+00    808.650          1     140909     73.509     6.2146     6.2147     62.280   5871.167     1.5653     1.4823     4.9353     4.6105     0.0000     0.0000     1.5653          7  0.000e+00
      98.71     0.0495          7   3.484020      1.201    -1.8000   28.01806  -88.23758    150.743    127.520  298.98930  299.52134 1.1856e-01 6.1421e+00    808.700          1     140910     73.530     6.2149     6.2147     62.300   5871.208     1.5653     1.4835     4.9353     4.6105     0.0000     0.0000     1.5653          7  0.000e+00
      98.71     0.0495          7   3.484052     -1.199    -1.8000   28.01806  -88.23758    150.742    127.519  298.98845  299.52050 1.1856e-01 6.1421e+00    808.650          1     140911     73.501     6.2149     6.2147     62.271   5871.250     1.5653     1.4835     4.9353     4.6105     0.0000     0.0000     1.5653          7  0.000e+00
      98.71     0.0495          7   3.484040      1.372    -1.8000   28.01806  -88.23758    150.743    127.520  298.98883  299.52087 1.1856e-01 6.1421e+00    808.707          1     140912     73.514     6.2149     6.2147     62.284   5871.292     1.5653     1.4835     4.9353     4.6105     0.0000     0.0000     1.5653          7  0.000e+00
      98.71     0.0495          7   3.484052     -1.370    -1.8000   28.01806  -88.23758    150.742    127.359  298.98780  299.51982 1.1856e-01 6.1423e+00    808.650          1     140913     73.513     6.2150     6.2145     62.283   5871.333     1.5653     1.4823     4.9353     4.6105     0.0000     0.0000     1.5653          7  0.000e+00
      98.71     0.0495          7   3.484040      1.372    -1.8000   28.01806  -88.23758    150.742    127.520  298.98731  299.51930 1.1856e-01 6.1425e+00    808.707          1     140914     73.543     6.2152     6.2147     62.313   5871.375     1.5653     1.4835     4.9353     4.6105     0.0000     0.0000     1.5653          7  0.000e+00
      98.71     0.0495          7   3.484097     -2.570    -1.8000   28.01806  -88.23758    150.566    127.519  298.98577  299.51777 1.1856e-01 6.1425e+00    808.600          1     140915     73.490     6.2152     6.2147     62.261   5871.417     1.5641     1.4835     4.9353     4.6105     0.0000     0.0000     1.5641          7  0.000e+00
      98.71     0.0495          7   3.484085      1.201    -1.8000   28.01806  -88.23758    150.741    127.519  298.98614  299.51814 1.1856e-01 6.1425e+00    808.650          1     140916     73.503     6.2152     6.2147     62.273   5871.458     1.5653     1.4835     4.9353     4.6105     0.0000     0.0000     1.5653          7  0.000e+00
      98.71     0.0495          7   3.484085      0.001    -1.8000   28.01806  -88.23758    150.741    127.519  298.98614  299.51814 1.1856e-01 6.1425e+00    808.650          1     140917     73.503     6.2152     6.2147     62.273   5871.500     1.5653     1.4835     4.9353     4.6105     0.0000     0.0000     1.5653          7  0.000e+00
      98.71     0.0495          7   3.484065     -1.199    -1.8000   28.01806  -88.23758    150.567    127.518  298.98743  299.51946 1.1856e-01 6.1423e+00    808.600          1     140918     73.500     6.2150     6.2148     62.271   5871.542     1.5641     1.4835     4.9353     4.6105     0.0000     0.0000     1.5641          7  0.000e+00
      98.71     0.0506          7   3.484078      0.001    -1.8000   28.01806  -88.23758    150.566    127.518  298.98559  299.51757 1.1856e-01 6.1426e+00    808.600          1     140919     73.519     6.2154     6.2148     62.289   5871.583     1.5641     1.4835     4.9353     4.6093     0.0000     0.0000     1.5641          7  0.000e+00
      98.71     0.0484          7   3.484091      0.001    -1.8000   28.01806  -88.23758    150.739    127.518  298.98527  299.51726 1.1856e-01 6.1426e+00    808.600          1     140920     73.508     6.2154     6.2148     62.278   5871.625     1.5653     1.4835     4.9353     4.6117     0.0000     0.0000     1.5653          7  0.000e+00
      98.71     0.0484          7   3.484110      0.001    -1.8000   28.01806  -88.23758    150.565    127.679  298.98480  299.51679 1.1856e-01 6.1426e+00    808.600          1     140921     73.492     6.2154     6.2147     62.262   5871.667     1.5641     1.4847     4.9353     4.6117     0.0000     0.0000     1.5641          7  0.000e+00
      98.71     0.0484          7   3.484097     -1.370    -1.8000   28.01806  -88.23758    150.738    127.518  298.98571  299.51771 1.1856e-01 6.1425e+00    808.543          1     140922     73.487     6.2152     6.2147     62.259   5871.708     1.5653     1.4835     4.9353     4.6117     0.0000     0.0000     1.5653          7  0.000e+00
      98.71     0.0495          7   3.484065      0.172    -1.8000   28.01806  -88.23758    150.565    127.517  298.98585  299.51783 1.1856e-01 6.1426e+00    808.550          1     140923     73.527     6.2154     6.2148     62.298   5871.750     1.5641     1.4835     4.9353     4.6105     0.0000     0.0000     1.5641          7  0.000e+00
      98.71     0.0495          7   3.484104      1.201    -1.8000   28.01806  -88.23758    150.739    127.519  298.98561  299.51762 1.1856e-01 6.1425e+00    808.600          1     140924     73.485     6.2152     6.2145     62.255   5871.792     1.5653     1.4835     4.9353     4.6105     0.0000     0.0000     1.5653          7  0.000e+00
      98.71     0.0495          7   3.484072     -2.570    -1.8000   28.01806  -88.23758    150.564    127.516  298.98564  299.51762 1.1856e-01 6.1426e+00    808.493          1     140925     73.519     6.2154     6.2148     62.291   5871.833     1.5641     1.4835     4.9353     4.6105     0.0000     0.0000     1.5641          7  0.000e+00
      98.71     0.0495          7   3.484065      1.372    -1.8000   28.01806  -88.23758    150.565    127.518  298.98585  299.51783 1.1856e-01 6.1426e+00    808.550          1     140926     73.527     6.2154     6.2147     62.298   5871.875     1.5641     1.4835     4.9353     4.6105     0.0000     0.0000     1.5641          7  0.000e+00
      98.71     0.0495          7   3.484085      1.201    -1.8000   28.01806  -88.23758    150.566    127.518  298.98543  299.51742 1.1856e-01 6.1426e+00    808.600          1     140927     73.513     6.2154     6.2147     62.284   5871.917     1.5641     1.4835     4.9353     4.6105     0.0000     0.0000     1.5641          7  0.000e+00
      98.71     0.0506          7   3.484065     -2.570    -1.8000   28.01806  -88.23758    150.564    127.517  298.98645  299.51845 1.1856e-01 6.1425e+00    808.493          1     140928     73.512     6.2152     6.2145     62.284   5871.958     1.5641     1.4835     4.9353     4.6093     0.0000     0.0000     1.5641          7  0.000e+00
      98.71     0.0495          7   3.484078      0.001    -1.8000   28.01806  -88.23758    150.564    127.516  298.98548  299.51746 1.1856e-01 6.1426e+00    808.493          1     140929     73.513     6.2154     6.2147     62.285   5872.000     1.5641     1.4835     4.9353     4.6105     0.0000     0.0000     1.5641          7  0.000e+00
      98.71     0.0506          7   3.484091      1.372    -1.8000   28.01806  -88.23758    150.565    127.518  298.98587  299.51788 1.1856e-01 6.1425e+00    808.551          1     140930     73.493     6.2152     6.2147     62.264   5872.042     1.5641     1.4835     4.9353     4.6093     0.0000     0.0000     1.5641          7  0.000e+00
      98.71     0.0495          7   3.484091     -1.370    -1.8000   28.01806  -88.23758    150.738    127.356  298.98581  299.51782 1.1856e-01 6.1425e+00    808.493          1     140931     73.490     6.2152     6.2145     62.262   5872.083     1.5653     1.4823     4.9353     4.6105     0.0000     0.0000     1.5653          7  0.000e+00
      98.71     0.0495          7   3.484046      0.001    -1.8000   28.01806  -88.23758    150.738    127.517  298.98627  299.51825 1.1856e-01 6.1426e+00    808.493          1     140932     73.540     6.2154     6.2145     62.312   5872.125     1.5653     1.4835     4.9353     4.6105     0.0000     0.0000     1.5653          7  0.000e+00
      98.71     0.0495          7   3.484052      0.001    -1.8000   28.01806  -88.23758    150.738    127.517  298.98677  299.51876 1.1856e-01 6.1425e+00    808.493          1     140933     73.522     6.2152     6.2147     62.294   5872.167     1.5653     1.4835     4.9353     4.6105     0.0000     0.0000     1.5653          7  0.000e+00
      98.71     0.0495          7   3.484059      0.001    -1.8000   28.01806  -88.23758    150.564    127.517  298.98661  299.51861 1.1856e-01 6.1425e+00    808.494          1     140934     73.517     6.2152     6.2145     62.289   5872.208     1.5641     1.4835     4.9353     4.6105     0.0000     0.0000     1.5641          7  0.000e+00
      98.71     0.0495          7   3.484065      0.001    -1.8000   28.01806  -88.23758    150.564    127.518  298.98579  299.51777 1.1856e-01 6.1426e+00    808.494          1     140935     73.524     6.2154     6.2143     62.296   5872.250     1.5641     1.4835     4.9353     4.6105     0.0000     0.0000     1.5641          7  0.000e+00
      98.71     0.0495          7   3.484085     -1.199    -1.8000   28.01806  -88.23758    150.563    127.516  298.98592  299.51792 1.1856e-01 6.1425e+00    808.444          1     140936     73.493     6.2152     6.2145     62.266   5872.292     1.5641     1.4835     4.9353     4.6105     0.0000     0.0000     1.5641          7  0.000e+00
