tests/data/CTD/g01l05s05.ros
* Sea-Bird SBE 9 Data File:
* FileName = D:\CTD DATA\2013\PE13-01 DiMarco\G01L05S05.hex
* Software Version Seasave V 7.21g
* Temperature SN = 4515
* Conductivity SN = 3079
* Number of Bytes Per Scan = 40
* Number of Voltage Words = 5
* Number of Scans Averaged by the Deck Unit = 1
* NMEA Latitude = 27 59.99 N
* NMEA Longitude = 088 14.87 W
* NMEA UTC (Time) = Jul 09 2012  09:56:57
* NMEA baud rate = 4800
# nquan = 31
# nvalues = 588                                   
# units = specified
# name 0 = altM: Altimeter [m]
# name 1 = bat: Beam Attenuation, Chelsea/Seatech [1/m]
# name 2 = bpos: Bottle Position in Carousel
# name 3 = c0S/m: Conductivity [S/m]
# name 4 = dz/dtM: Descent Rate [m/s]
# name 5 = wetCDOM: Fluorescence, WET Labs CDOM [mg/m^3]
# name 6 = latitude: Latitude [deg]
# name 7 = longitude: Longitude [deg]
# name 8 = sbeox0Mm/Kg: Oxygen, SBE 43 [umol/kg]
# name 9 = sbeox1Mm/Kg: Oxygen, SBE 43, 2 [umol/kg]
# name 10 = oxsolMm/Kg: Oxygen Saturation, Garcia & Gordon [umol/kg]
# name 11 = oxsatMm/Kg: Oxygen Saturation, Weiss [umol/kg]
# name 12 = par: PAR/Irradiance, Biospherical/Licor
# name 13 = pla: Plume Anomaly
# name 14 = prDM: Pressure, Digiquartz [db]
# name 15 = pumps: Pump Status
# name 16 = scan: Scan Count
# name 17 = sva: Specific Volume Anomaly [10^-8 * m^3/kg]
# name 18 = t090C: Temperature [ITS-90, deg C]
# name 19 = t190C: Temperature, 2 [ITS-90, deg C]
# name 20 = tsa: Thermosteric Anomaly [10^-8 * m^3/kg]
# name 21 = timeS: Time, Elapsed [seconds]
# name 22 = v0: Voltage 0
# name 23 = v1: Voltage 1
# name 24 = v2: Voltage 2
# name 25 = v3: Voltage 3
# name 26 = v4: Voltage 4
# name 27 = v5: Voltage 5
# name 28 = sbeox0V: Oxygen raw, SBE 43 [V]
# name 29 = nbf: Bottles Fired
# name 30 = flag:  0.000e+00
# interval = seconds: 0.0416667
# start_time = Jul 09 2012 09:56:57 [NMEA time, header]
# bad_flag = -9.990e-29
*END*
[from data line 468]
      98.61     0.0347         10   4.716174     -1.355    -1.8000   28.02006  -88.23600    172.691    148.483  233.75129  233.43079 1.1856e-01 1.7502e+01    203.090          1     160331    161.330    17.5325    17.5323    154.706   6680.417     2.1966     2.0769     4.9304     4.6276     0.0000     0.0000     2.1966         10  0.000e+00
      98.58     0.0357         10   4.716211      1.356    -1.8000   28.02006  -88.23600    172.566    148.483  233.75012  233.42962 1.1856e-01 1.7502e+01    203.147          1     160332    161.331    17.5327    17.5325    154.706   6680.458     2.1954     2.0769     4.9292     4.6264     0.0000     0.0000     2.1954         10  0.000e+00
      98.61     0.0357         10   4.716196     -1.355    -1.8000   28.02006  -88.23600    172.690    148.483  233.75040  233.42990 1.1856e-01 1.7502e+01    203.090          1     160333    161.333    17.5327    17.5323    154.710   6680.500     2.1966     2.0769     4.9304     4.6264     0.0000     0.0000     2.1966         10  0.000e+00
      98.58     0.0347         10   4.716189      0.509    -1.8000   28.02006  -88.23600    172.691    148.599  233.75157  233.43108 1.1856e-01 1.7502e+01    203.111          1     160334    161.308    17.5323    17.5323    154.683   6680.542     2.1966     2.0781     4.9292     4.6276     0.0000     0.0000     2.1966         10  0.000e+00
      98.58     0.0357         10   4.716218     -0.508    -1.8000   28.02006  -88.23600    172.690    148.483  233.75010  233.42960 1.1856e-01 1.7502e+01    203.090          1     160335    161.320    17.5327    17.5323    154.696   6680.583     2.1966     2.0769     4.9292     4.6264     0.0000     0.0000     2.1966         10  0.000e+00
      98.58     0.0357         10   4.716232      1.356    -1.8000   28.02006  -88.23600    172.691    148.600  233.74947  233.42896 1.1856e-01 1.7502e+01    203.147          1     160336    161.328    17.5328    17.5325    154.702   6680.625     2.1966     2.0781     4.9292     4.6264     0.0000     0.0000     2.1966         10  0.000e+00
      98.58     0.0347         10   4.716232     -1.355    -1.8000   28.02006  -88.23600    172.689    148.598  233.74943  233.42893 1.1856e-01 1.7502e+01    203.090          1     160337    161.325    17.5328    17.5325    154.701   6680.667     2.1966     2.0781     4.9292     4.6276     0.0000     0.0000     2.1966         10  0.000e+00
      98.61     0.0347         10   4.716262      0.000    -1.8000   28.02006  -88.23600    172.689    148.599  233.74845  233.42793 1.1856e-01 1.7503e+01    203.090          1     160338    161.324    17.5330    17.5321    154.700   6680.708     2.1966     2.0781     4.9304     4.6276     0.0000     0.0000     2.1966         10  0.000e+00
      98.58     0.0357         10   4.716269      0.509    -1.8000   28.02006  -88.23600    172.689    148.599  233.74789  233.42737 1.1856e-01 1.7503e+01    203.111          1     160339    161.335    17.5332    17.5323    154.710   6680.750     2.1966     2.0781     4.9292     4.6264     0.0000     0.0000     2.1966         10  0.000e+00
      98.61     0.0347         10   4.716298     -0.508    -1.8000   28.02006  -88.23600    172.688    148.599  233.74795  233.42743 1.1856e-01 1.7503e+01    203.090          1     160340    161.301    17.5330    17.5321    154.677   6680.792     2.1966     2.0781     4.9304     4.6276     0.0000     0.0000     2.1966         10  0.000e+00
      98.58     0.0357         10   4.716312      0.001    -1.8000   28.02006  -88.23600    172.688    148.599  233.74728  233.42676 1.1856e-01 1.7503e+01    203.090          1     160341    161.306    17.5332    17.5321    154.682   6680.833     2.1966     2.0781     4.9292     4.6264     0.0000     0.0000     2.1966         10  0.000e+00
      98.61     0.0357         10   4.716247      0.001    -1.8000   28.02006  -88.23600    172.689    148.598  233.74853  233.42801 1.1856e-01 1.7503e+01    203.090          1     160342    161.337    17.5331    17.5323    154.713   6680.875     2.1966     2.0781     4.9304     4.6264     0.0000     0.0000     2.1966         10  0.000e+00
      98.61     0.0347         10   4.716196      0.001    -1.8000   28.02006  -88.23600    172.690    148.598  233.74993  233.42942 1.1856e-01 1.7502e+01    203.090          1     160343    161.348    17.5328    17.5326    154.724   6680.917     2.1966     2.0781     4.9304     4.6276     0.0000     0.0000     2.1966         10  0.000e+00
      98.58     0.0347         10   4.716225     -0.847    -1.8000   28.02006  -88.23600    172.813    148.597  233.74951  233.42900 1.1856e-01 1.7502e+01    203.055          1     160344    161.327    17.5328    17.5325    154.704   6680.958     2.1978     2.0781     4.9292     4.6276     0.0000     0.0000     2.1978         10  0.000e+00
      98.58     0.0357         10   4.716262      0.848    -1.8000   28.02006  -88.23600    172.690    148.597  233.74950  233.42900 1.1856e-01 1.7502e+01    203.090          1     160345    161.292    17.5327    17.5330    154.668   6681.000     2.1966     2.0781     4.9292     4.6264     0.0000     0.0000     2.1966         10  0.000e+00
      98.58     0.0347         10   4.716203     -1.185    -1.8000   28.02006  -88.23600    172.689    148.597  233.74980  233.42929 1.1856e-01 1.7502e+01    203.041          1     160346    161.340    17.5328    17.5326    154.718   6681.042     2.1966     2.0781     4.9292     4.6276     0.0000     0.0000     2.1966         10  0.000e+00
      98.61     0.0357         10   4.716247      0.001    -1.8000   28.02006  -88.23600    172.687    148.596  233.74815  233.42763 1.1856e-01 1.7503e+01    203.041          1     160347    161.344    17.5332    17.5330    154.722   6681.083     2.1966     2.0781     4.9304     4.6264     0.0000     0.0000     2.1966         10  0.000e+00
      98.58     0.0357         10   4.716298      1.187    -1.8000   28.02006  -88.23600    172.688    148.597  233.74795  233.42743 1.1856e-01 1.7503e+01    203.091          1     160348    161.301    17.5330    17.5326    154.677   6681.125     2.1966     2.0781     4.9292     4.6264     0.0000     0.0000     2.1966         10  0.000e+00
      98.61     0.0347         10   4.716276     -0.847    -1.8000   28.02006  -88.23600    172.812    148.597  233.74776  233.42724 1.1856e-01 1.7503e+01    203.055          1     160349    161.327    17.5332    17.5326    154.704   6681.167     2.1978     2.0781     4.9304     4.6276     0.0000     0.0000     2.1978         10  0.000e+00
      98.61     0.0347         10   4.716276      0.848    -1.8000   28.02006  -88.23600    172.689    148.598  233.74825  233.42773 1.1856e-01 1.7503e+01    203.091          1     160350    161.315    17.5330    17.5326    154.691   6681.208     2.1966     2.0781     4.9304     4.6276     0.0000     0.0000     2.1966         10  0.000e+00
      98.61     0.0347         10   4.716327     -1.185    -1.8000   28.02006  -88.23600    172.687    148.713  233.74787  233.42736 1.1856e-01 1.7503e+01    203.041          1     160351    161.269    17.5329    17.5325    154.647   6681.250     2.1966     2.0794     4.9304     4.6276     0.0000     0.0000     2.1966         10  0.000e+00
      98.61     0.0347         10   4.716283      0.000    -1.8000   28.02006  -88.23600    172.687    148.597  233.74812  233.42760 1.1856e-01 1.7503e+01    203.041          1     160352    161.307    17.5330    17.5325    154.685   6681.292     2.1966     2.0781     4.9304     4.6276     0.0000     0.0000     2.1966         10  0.000e+00
      98.58     0.0580         11   5.276506     -1.521    -1.8000   28.02068  -88.23546    177.900    155.182  212.93360  212.45352 1.1856e-01 2.2630e+01    101.626          1     164125    272.553    22.6450    22.6714    268.813   6838.500     2.4420     2.3187     4.9292     4.6007     0.0000     0.0000     2.4420         11  0.000e+00
      98.58     0.0580         11   5.276468      1.184    -1.8000   28.02068  -88.23546    177.904    155.078  212.93699  212.45694 1.1856e-01 2.2629e+01    101.675          1     164126    272.473    22.6439    22.6716    268.732   6838.542     2.4420     2.3175     4.9292     4.6007     0.0000     0.0000     2.4420         11  0.000e+00
      98.58     0.0580         11   5.276263      0.000    -1.8000   28.02068  -88.23546    177.906    155.079  212.93978  212.45973 1.1856e-01 2.2628e+01    101.675          1     164127    272.570    22.6436    22.6709    268.828   6838.583     2.4420     2.3175     4.9292     4.6007     0.0000     0.0000     2.4420         11  0.000e+00
      98.58     0.0580         11   5.276133     -2.367    -1.8000   28.02068  -88.23546    178.021    154.973  212.94558  212.46557 1.1856e-01 2.2627e+01    101.577          1     164128    272.481    22.6419    22.6711    268.743   6838.625     2.4432     2.3162     4.9292     4.6007     0.0000     0.0000     2.4432         11  0.000e+00
      98.58     0.0580         11   5.276141      3.720    -1.8000   28.02068  -88.23546    177.915    154.974  212.94862  212.46863 1.1856e-01 2.2625e+01    101.732          1     164129    272.379    22.6406    22.6718    268.635   6838.667     2.4420     2.3162     4.9292     4.6007     0.0000     0.0000     2.4420         11  0.000e+00
      98.58     0.0559         11   5.276324     -2.536    -1.8000   28.02068  -88.23546    177.909    154.972  212.94445  212.46445 1.1856e-01 2.2626e+01    101.626          1     164130    272.344    22.6415    22.6716    268.604   6838.708     2.4420     2.3162     4.9292     4.6032     0.0000     0.0000     2.4420         11  0.000e+00
      98.58     0.0559         11   5.276210      2.875    -1.8000   28.02068  -88.23546    178.026    154.869  212.94667  212.46668 1.1856e-01 2.2626e+01    101.746          1     164131    272.384    22.6411    22.6720    268.639   6838.750     2.4432     2.3150     4.9292     4.6032     0.0000     0.0000     2.4432         11  0.000e+00
      98.58     0.0559         11   5.275654     -2.874    -1.8000   28.02068  -88.23546    177.922    154.866  212.96062  212.48068 1.1856e-01 2.2623e+01    101.626          1     164132    272.410    22.6380    22.6723    268.671   6838.792     2.4420     2.3150     4.9292     4.6032     0.0000     0.0000     2.4420         11  0.000e+00
      98.58     0.0559         11   5.275007      1.184    -1.8000   28.02068  -88.23546    177.938    154.866  212.97805  212.49817 1.1856e-01 2.2619e+01    101.675          1     164133    272.415    22.6338    22.6725    268.674   6838.833     2.4420     2.3150     4.9292     4.6032     0.0000     0.0000     2.4420         11  0.000e+00
      98.56     0.0569         11   5.274634      1.353    -1.8000   28.02068  -88.23546    177.949    154.869  212.98925  212.50943 1.1856e-01 2.2616e+01    101.732          1     164134    272.379    22.6310    22.6717    268.637   6838.875     2.4420     2.3150     4.9280     4.6020     0.0000     0.0000     2.4420         11  0.000e+00
      98.58     0.0559         11   5.274299     -1.352    -1.8000   28.02068  -88.23546    177.955    154.764  212.99870  212.51891 1.1856e-01 2.2613e+01    101.675          1     164135    272.360    22.6287    22.6721    268.620   6838.917     2.4420     2.3138     4.9292     4.6032     0.0000     0.0000     2.4420         11  0.000e+00
      98.58     0.0569         11   5.273926      1.353    -1.8000   28.02068  -88.23546    178.077    154.768  213.00899  212.52924 1.1856e-01 2.2611e+01    101.732          1     164136    272.356    22.6262    22.6711    268.615   6838.958     2.4432     2.3138     4.9292     4.6020     0.0000     0.0000     2.4432         11  0.000e+00
      98.58     0.0559         11   5.273926     -1.014    -1.8000   28.02068  -88.23546    177.965    154.771  213.01035  212.53062 1.1856e-01 2.2610e+01    101.689          1     164137    272.305    22.6256    22.6693    268.565   6839.000     2.4420     2.3138     4.9292     4.6032     0.0000     0.0000     2.4420         11  0.000e+00
      98.58     0.0569         11   5.273933      1.015    -1.8000   28.02068  -88.23546    177.967    154.778  213.01112  212.53140 1.1856e-01 2.2610e+01    101.732          1     164138    272.274    22.6253    22.6670    268.532   6839.042     2.4420     2.3138     4.9292     4.6020     0.0000     0.0000     2.4420         11  0.000e+00
      98.58     0.0559         11   5.273477     -1.352    -1.8000   28.02068  -88.23546    177.976    154.679  213.02421  212.54454 1.1856e-01 2.2607e+01    101.675          1     164139    272.243    22.6220    22.6640    268.503   6839.083     2.4420     2.3126     4.9292     4.6032     0.0000     0.0000     2.4420         11  0.000e+00
      98.58     0.0559         11   5.272936      1.353    -1.8000   28.02068  -88.23546    177.990    154.688  213.03938  212.55977 1.1856e-01 2.2603e+01    101.732          1     164140    272.226    22.6184    22.6611    268.485   6839.125     2.4420     2.3126     4.9292     4.6032     0.0000     0.0000     2.4420         11  0.000e+00
      98.58     0.0569         11   5.272548      0.000    -1.8000   28.02068  -88.23546    178.001    154.690  213.05184  212.57229 1.1856e-01 2.2600e+01    101.732          1     164141    272.156    22.6151    22.6599    268.416   6839.167     2.4420     2.3126     4.9292     4.6020     0.0000     0.0000     2.4420         11  0.000e+00
      98.58     0.0559         11   5.272426      0.000    -1.8000   28.02068  -88.23546    178.004    154.689  213.05613  212.57660 1.1856e-01 2.2599e+01    101.732          1     164142    272.121    22.6139    22.6603    268.381   6839.208     2.4420     2.3126     4.9292     4.6032     0.0000     0.0000     2.4420         11  0.000e+00
      98.58     0.0569         11   5.272708      0.000    -1.8000   28.02068  -88.23546    177.998    154.690  213.04917  212.56962 1.1856e-01 2.2600e+01    101.732          1     164143    272.099    22.6154    22.6601    268.358   6839.250     2.4420     2.3126     4.9292     4.6020     0.0000     0.0000     2.4420         11  0.000e+00
      98.58     0.0559         11   5.272784      0.339    -1.8000   28.02068  -88.23546    177.995    154.697  213.04511  212.56554 1.1856e-01 2.2601e+01    101.746          1     164144    272.170    22.6167    22.6570    268.429   6839.292     2.4420     2.3126     4.9292     4.6032     0.0000     0.0000     2.4420         11  0.000e+00
      98.58     0.0559         11   5.272594      0.846    -1.8000   28.02068  -88.23546    178.000    154.704  213.04989  212.57033 1.1856e-01 2.2600e+01    101.781          1     164145    272.186    22.6157    22.6554    268.443   6839.333     2.4420     2.3126     4.9292     4.6032     0.0000     0.0000     2.4420         11  0.000e+00
      98.56     0.0569         11   5.272335     -1.183    -1.8000   28.02068  -88.23546    177.891    154.609  213.05509  212.57554 1.1856e-01 2.2599e+01    101.732          1     164146    272.244    22.6147    22.6508    268.504   6839.375     2.4408     2.3114     4.9280     4.6020     0.0000     0.0000     2.4408         11  0.000e+00
      98.58     0.0569         11   5.272061      0.000    -1.8000   28.02068  -88.23546    178.010    154.716  213.06280  212.58328 1.1856e-01 2.2598e+01    101.732          1     164147    272.233    22.6128    22.6495    268.493   6839.417     2.4420     2.3126     4.9292     4.6020     0.0000     0.0000     2.4420         11  0.000e+00
      98.58     0.0559         11   5.271970      1.184    -1.8000   28.02068  -88.23546    178.015    154.711  213.06761  212.58813 1.1856e-01 2.2596e+01    101.781          1     164148    272.155    22.6113    22.6519    268.413   6839.458     2.4420     2.3126     4.9292     4.6032     0.0000     0.0000     2.4420         11  0.000e+00
