tests/data/CTD/g01l05s05.ros
* Sea-Bird SBE 9 Data File:
* FileName = D:\CTD DATA\2013\PE13-01 DiMarco\G01L05S05.hex
* Software Version Seasave V 7.21g
* Temperature SN = 4515
* Conductivity SN = 3079
* Number of Bytes Per Scan = 40
* Number of Voltage Words = 5
* Number of Scans Averaged by the Deck Unit = 1
* NMEA Latitude = 27 59.99 N
* NMEA Longitude = 088 14.87 W
* NMEA UTC (Time) = Jul 09 2012  09:56:57
* NMEA baud rate = 4800
# nquan = 31
# nvalues = 588                                   
# units = specified
# name 0 = altM: Altimeter [m]
# name 1 = bat: Beam Attenuation, Chelsea/Seatech [1/m]
# name 2 = bpos: Bottle Position in Carousel
# name 3 = c0S/m: Conductivity [S/m]
# name 4 = dz/dtM: Descent Rate [m/s]
# name 5 = wetCDOM: Fluorescence, WET Labs CDOM [mg/m^3]
# name 6 = latitude: Latitude [deg]
# name 7 = longitude: Longitude [deg]
# name 8 = sbeox0Mm/Kg: Oxygen, SBE 43 [umol/kg]
# name 9 = sbeox1Mm/Kg: Oxygen, SBE 43, 2 [umol/kg]
# name 10 = oxsolMm/Kg: Oxygen Saturation, Garcia & Gordon [umol/kg]
# name 11 = oxsatMm/Kg: Oxygen Saturation, Weiss [umol/kg]
# name 12 = par: PAR/Irradiance, Biospherical/Licor
# name 13 = pla: Plume Anomaly
# name 14 = prDM: Pressure, Digiquartz [db]
# name 15 = pumps: Pump Status
# name 16 = scan: Scan Count
# name 17 = sva: Specific Volume Anomaly [10^-8 * m^3/kg]
# name 18 = t090C: Temperature [ITS-90, deg C]
# name 19 = t190C: Temperature, 2 [ITS-90, deg C]
# name 20 = tsa: Thermosteric Anomaly [10^-8 * m^3/kg]
# name 21 = timeS: Time, Elapsed [seconds]
# name 22 = v0: Voltage 0
# name 23 = v1: Voltage 1
# name 24 = v2: Voltage 2
# name 25 = v3: Voltage 3
# name 26 = v4: Voltage 4
# name 27 = v5: Voltage 5
# name 28 = sbeox0V: Oxygen raw, SBE 43 [V]
# name 29 = nbf: Bottles Fired
# name 30 = flag:  0.000e+00
# interval = seconds: 0.0416667
# start_time = Jul 09 2012 09:56:57 [NMEA time, header]
# bad_flag = -9.990e-29
*END*
[from data line 515]
      98.58     0.0569         11   5.271642      1.184    -1.8000   28.02068  -88.23546    177.911    154.598  213.07738  212.59794 1.1856e-01 2.2594e+01    101.781          1     164150    272.122    22.6088    22.6561    268.380   6839.542     2.4408     2.3114     4.9292     4.6020     0.0000     0.0000     2.4408         11  0.000e+00
      98.58     0.0569         11   5.271551      0.339    -1.8000   28.02068  -88.23546    177.914    154.597  213.08088  212.60146 1.1856e-01 2.2593e+01    101.795          1     164151    272.087    22.6078    22.6567    268.344   6839.583     2.4408     2.3114     4.9292     4.6020     0.0000     0.0000     2.4408         11  0.000e+00
      98.58     0.0569         11   5.271757     -0.338    -1.8000   28.02068  -88.23546    177.796    154.599  213.07391  212.59446 1.1856e-01 2.2594e+01    101.781          1     164152    272.136    22.6097    22.6559    268.393   6839.625     2.4396     2.3114     4.9292     4.6020     0.0000     0.0000     2.4396         11  0.000e+00
      98.58     0.0580         11   5.271901      0.000    -1.8000   28.02068  -88.23546    177.792    154.600  213.06993  212.59046 1.1856e-01 2.2595e+01    101.781          1     164153    272.138    22.6107    22.6546    268.396   6839.667     2.4396     2.3114     4.9292     4.6007     0.0000     0.0000     2.4396         11  0.000e+00
      98.58     0.0580         11   5.271741      0.000    -1.8000   28.02068  -88.23546    177.798    154.494  213.07722  212.59780 1.1856e-01 2.2593e+01    101.781          1     164154    272.034    22.6085    22.6551    268.292   6839.708     2.4396     2.3101     4.9292     4.6007     0.0000     0.0000     2.4396         11  0.000e+00
      98.56     0.0580         11   5.271292      0.000    -1.8000   28.02068  -88.23546    177.809    154.490  213.08953  212.61015 1.1856e-01 2.2590e+01    101.781          1     164155    272.027    22.6055    22.6567    268.286   6839.750     2.4396     2.3101     4.9280     4.6007     0.0000     0.0000     2.4396         11  0.000e+00
      98.58     0.0569         11   5.270509      0.000    -1.8000   28.02068  -88.23546    177.825    154.489  213.10947  212.63016 1.1856e-01 2.2586e+01    101.781          1     164156    272.070    22.6010    22.6570    268.329   6839.792     2.4396     2.3101     4.9292     4.6020     0.0000     0.0000     2.4396         11  0.000e+00
      98.56     0.0569         11   5.269321      0.339    -1.8000   28.02068  -88.23546    177.856    154.595  213.14669  212.66755 1.1856e-01 2.2576e+01    101.795          1     164157    271.891    22.5913    22.6574    268.150   6839.833     2.4396     2.3114     4.9280     4.6020     0.0000     0.0000     2.4396         11  0.000e+00
      98.56     0.0569         11   5.268515      0.846    -1.8000   28.02068  -88.23546    177.881    154.491  213.17477  212.69579 1.1856e-01 2.2568e+01    101.831          1     164158    271.673    22.5836    22.6572    267.931   6839.875     2.4396     2.3101     4.9280     4.6020     0.0000     0.0000     2.4396         11  0.000e+00
      98.58     0.0569         11   5.268416     -1.184    -1.8000   28.02068  -88.23546    177.764    154.492  213.17139  212.69235 1.1856e-01 2.2570e+01    101.781          1     164159    271.881    22.5854    22.6562    268.142   6839.917     2.4383     2.3101     4.9292     4.6020     0.0000     0.0000     2.4383         11  0.000e+00
      98.58     0.0569         11   5.268705      1.184    -1.8000   28.02068  -88.23546    177.759    154.493  213.16418  212.68512 1.1856e-01 2.2572e+01    101.831          1     164160    271.864    22.5870    22.6559    268.123   6839.958     2.4383     2.3101     4.9292     4.6020     0.0000     0.0000     2.4383         11  0.000e+00
      98.58     0.0569         11   5.269344     -1.183    -1.8000   28.02068  -88.23546    177.631    154.489  213.14643  212.66730 1.1856e-01 2.2576e+01    101.781          1     164161    271.877    22.5913    22.6570    268.137   6840.000     2.4371     2.3101     4.9292     4.6020     0.0000     0.0000     2.4371         11  0.000e+00
      98.58     0.0569         11   5.269801      1.184    -1.8000   28.02068  -88.23546    177.623    154.485  213.13480  212.65563 1.1856e-01 2.2579e+01    101.831          1     164162    271.856    22.5939    22.6590    268.113   6840.042     2.4371     2.3101     4.9292     4.6020     0.0000     0.0000     2.4371         11  0.000e+00
      98.58     0.0569         11   5.270090      0.000    -1.8000   28.02068  -88.23546    177.616    154.482  213.12664  212.64744 1.1856e-01 2.2581e+01    101.831          1     164163    271.868    22.5959    22.6602    268.125   6840.083     2.4371     2.3101     4.9292     4.6020     0.0000     0.0000     2.4371         11  0.000e+00
      98.58     0.0569         11   5.270090     -0.845    -1.8000   28.02068  -88.23546    177.615    154.479  213.12626  212.64705 1.1856e-01 2.2581e+01    101.796          1     164164    271.879    22.5961    22.6609    268.138   6840.125     2.4371     2.3101     4.9292     4.6020     0.0000     0.0000     2.4371         11  0.000e+00
      98.58     0.0569         11   5.269892      0.846    -1.8000   28.02068  -88.23546    177.619    154.481  213.13057  212.65136 1.1856e-01 2.2580e+01    101.831          1     164165    271.918    22.5952    22.6599    268.176   6840.167     2.4371     2.3101     4.9292     4.6020     0.0000     0.0000     2.4371         11  0.000e+00
      98.58     0.0569         11   5.269078      0.000    -1.8000   28.02068  -88.23546    177.640    154.482  213.15520  212.67611 1.1856e-01 2.2574e+01    101.831          1     164166    271.826    22.5890    22.6595    268.084   6840.208     2.4371     2.3101     4.9292     4.6020     0.0000     0.0000     2.4371         11  0.000e+00
      98.58     0.0559         11   5.268439      0.000    -1.8000   28.02068  -88.23546    177.656    154.372  213.17514  212.69615 1.1856e-01 2.2569e+01    101.831          1     164167    271.732    22.5838    22.6618    267.990   6840.250     2.4371     2.3089     4.9292     4.6032     0.0000     0.0000     2.4371         11  0.000e+00
      98.58     0.0569         11   5.268439      0.000    -1.8000   28.02068  -88.23546    177.654    154.363  213.17200  212.69297 1.1856e-01 2.2570e+01    101.831          1     164168    271.842    22.5850    22.6661    268.101   6840.292     2.4371     2.3089     4.9292     4.6020     0.0000     0.0000     2.4371         11  0.000e+00
      98.58     0.0580         11   5.268667      0.000    -1.8000   28.02068  -88.23546    177.536    154.356  213.16543  212.68637 1.1856e-01 2.2571e+01    101.831          1     164169    271.856    22.5867    22.6688    268.115   6840.333     2.4359     2.3089     4.9292     4.6007     0.0000     0.0000     2.4359         11  0.000e+00
      98.58     0.0580         11   5.268545      0.000    -1.8000   28.02068  -88.23546    177.652    154.353  213.17037  212.69134 1.1856e-01 2.2570e+01    101.831          1     164170    271.798    22.5852    22.6698    268.057   6840.375     2.4371     2.3089     4.9292     4.6007     0.0000     0.0000     2.4371         11  0.000e+00
      98.56     0.0580         11   5.268249      0.339    -1.8000   28.02068  -88.23546    177.660    154.354  213.17899  212.70000 1.1856e-01 2.2568e+01    101.845          1     164171    271.778    22.5831    22.6697    268.037   6840.417     2.4371     2.3089     4.9280     4.6007     0.0000     0.0000     2.4371         11  0.000e+00
      98.58     0.0580         11   5.268180     -0.338    -1.8000   28.02068  -88.23546    177.549    154.361  213.18103  212.70205 1.1856e-01 2.2567e+01    101.831          1     164172    271.771    22.5826    22.6670    268.030   6840.458     2.4359     2.3089     4.9292     4.6007     0.0000     0.0000     2.4359         11  0.000e+00
      98.58     0.0580         11   5.268363      1.353    -1.8000   28.02068  -88.23546    177.543    154.373  213.17202  212.69298 1.1856e-01 2.2570e+01    101.887          1     164173    271.918    22.5854    22.6631    268.175   6840.500     2.4359     2.3089     4.9292     4.6007     0.0000     0.0000     2.4359         11  0.000e+00
      98.56     0.0686         12   5.879663     -1.350    -1.8000   28.02140  -88.23476    199.510    175.794  191.97914  191.49365 1.1856e-01 2.9247e+01      0.701          1     168636    521.026    29.2400    29.2673    521.201   7026.458     2.9426     2.7888     4.9280     4.5885     0.0000     0.0000     2.9426         12  0.000e+00
      98.56     0.0686         12   5.879799      2.700    -1.8000   28.02140  -88.23476    199.510    175.799  191.97727  191.49178 1.1856e-01 2.9247e+01      0.813          1     168637    520.998    29.2403    29.2660    521.168   7026.500     2.9426     2.7888     4.9280     4.5885     0.0000     0.0000     2.9426         12  0.000e+00
      98.56     0.0686         12   5.879950     -4.050    -1.8000   28.02140  -88.23476    199.402    175.802  191.97280  191.48734 1.1856e-01 2.9249e+01      0.644          1     168638    521.041    29.2418    29.2632    521.218   7026.542     2.9414     2.7888     4.9280     4.5885     0.0000     0.0000     2.9414         12  0.000e+00
      98.58     0.0686         12   5.879990      2.700    -1.8000   28.02140  -88.23476    199.403    175.716  191.97136  191.48591 1.1856e-01 2.9249e+01      0.757          1     168639    521.075    29.2424    29.2610    521.247   7026.583     2.9414     2.7875     4.9292     4.5885     0.0000     0.0000     2.9414         12  0.000e+00
      98.56     0.0686         12   5.880022     -1.350    -1.8000   28.02140  -88.23476    199.400    175.720  191.97028  191.48484 1.1856e-01 2.9250e+01      0.701          1     168640    521.088    29.2428    29.2586    521.262   7026.625     2.9414     2.7875     4.9280     4.5885     0.0000     0.0000     2.9414         12  0.000e+00
      98.58     0.0686         12   5.880038      0.169    -1.8000   28.02140  -88.23476    199.400    175.628  191.97001  191.48457 1.1856e-01 2.9250e+01      0.708          1     168641    521.086    29.2428    29.2578    521.260   7026.667     2.9414     2.7863     4.9292     4.5885     0.0000     0.0000     2.9414         12  0.000e+00
      98.58     0.0676         12   5.879998     -1.519    -1.8000   28.02140  -88.23476    199.500    175.534  191.97125  191.48581 1.1856e-01 2.9249e+01      0.644          1     168642    521.064    29.2424    29.2571    521.241   7026.708     2.9426     2.7851     4.9292     4.5897     0.0000     0.0000     2.9426         12  0.000e+00
      98.58     0.0686         12   5.880094      1.519    -1.8000   28.02140  -88.23476    199.398    175.538  191.96811  191.48269 1.1856e-01 2.9250e+01      0.708          1     168643    521.117    29.2435    29.2560    521.291   7026.750     2.9414     2.7851     4.9292     4.5885     0.0000     0.0000     2.9414         12  0.000e+00
      98.58     0.0686         12   5.880277     -0.169    -1.8000   28.02142  -88.23474    199.493    175.539  191.96343  191.47804 1.1856e-01 2.9252e+01      0.701          1     168644    521.153    29.2450    29.2554    521.328   7026.792     2.9426     2.7851     4.9292     4.5885     0.0000     0.0000     2.9426         12  0.000e+00
      98.56     0.0686         12   5.880325     -1.012    -1.8000   28.02142  -88.23474    199.493    175.539  191.96424  191.47884 1.1856e-01 2.9251e+01      0.659          1     168645    521.078    29.2444    29.2556    521.254   7026.833     2.9426     2.7851     4.9280     4.5885     0.0000     0.0000     2.9426         12  0.000e+00
      98.56     0.0686         12   5.880253     -0.337    -1.8000   28.02142  -88.23474    199.494    175.539  191.96555  191.48014 1.1856e-01 2.9251e+01      0.644          1     168646    521.083    29.2441    29.2552    521.260   7026.875     2.9426     2.7851     4.9280     4.5885     0.0000     0.0000     2.9426         12  0.000e+00
      98.56     0.0697         12   5.880117      0.338    -1.8000   28.02142  -88.23474    199.396    175.446  191.96668  191.48126 1.1856e-01 2.9251e+01      0.659          1     168647    521.151    29.2441    29.2552    521.327   7026.917     2.9414     2.7839     4.9280     4.5873     0.0000     0.0000     2.9414         12  0.000e+00
      98.58     0.0676         12   5.880046     -0.337    -1.8000   28.02142  -88.23474    199.497    175.446  191.96849  191.48306 1.1856e-01 2.9250e+01      0.644          1     168648    521.136    29.2435    29.2554    521.313   7026.958     2.9426     2.7839     4.9292     4.5897     0.0000     0.0000     2.9426         12  0.000e+00
      98.56     0.0686         12   5.879966     -1.012    -1.8000   28.02142  -88.23474    199.498    175.352  191.96992  191.48449 1.1856e-01 2.9250e+01      0.602          1     168649    521.141    29.2431    29.2549    521.320   7027.000     2.9426     2.7827     4.9280     4.5885     0.0000     0.0000     2.9426         12  0.000e+00
      98.56     0.0686         12   5.879831      2.363    -1.8000   28.02142  -88.23474    199.503    175.357  191.97302  191.48756 1.1856e-01 2.9249e+01      0.701          1     168650    521.136    29.2422    29.2534    521.310   7027.042     2.9426     2.7827     4.9280     4.5885     0.0000     0.0000     2.9426         12  0.000e+00
      98.58     0.0686         12   5.879831     -1.012    -1.8000   28.02142  -88.23474    199.505    175.357  191.97537  191.48990 1.1856e-01 2.9248e+01      0.659          1     168651    521.037    29.2411    29.2526    521.213   7027.083     2.9426     2.7827     4.9292     4.5885     0.0000     0.0000     2.9426         12  0.000e+00
      98.56     0.0697         12   5.879735     -0.337    -1.8000   28.02142  -88.23474    199.509    175.357  191.97932  191.49382 1.1856e-01 2.9246e+01      0.645          1     168652    520.955    29.2396    29.2526    521.132   7027.125     2.9426     2.7827     4.9280     4.5873     0.0000     0.0000     2.9426         12  0.000e+00
      98.58     0.0708         12   5.879775     -1.013    -1.8000   28.02142  -88.23474    199.506    175.451  191.97768  191.49219 1.1856e-01 2.9247e+01      0.602          1     168653    520.985    29.2402    29.2523    521.164   7027.167     2.9426     2.7839     4.9292     4.5861     0.0000     0.0000     2.9426         12  0.000e+00
      98.58     0.0708         12   5.879727      1.013    -1.8000   28.02142  -88.23474    199.505    175.452  191.97587  191.49039 1.1856e-01 2.9248e+01      0.645          1     168654    521.102    29.2413    29.2521    521.279   7027.208     2.9426     2.7839     4.9292     4.5861     0.0000     0.0000     2.9426         12  0.000e+00
      98.56     0.0718         12   5.879807      0.338    -1.8000   28.02142  -88.23474    199.504    175.547  191.97478  191.48931 1.1856e-01 2.9248e+01      0.659          1     168655    521.081    29.2415    29.2521    521.257   7027.250     2.9426     2.7851     4.9280     4.5849     0.0000     0.0000     2.9426         12  0.000e+00
      98.58     0.0718         12   5.879918     -0.337    -1.8000   28.02142  -88.23474    199.501    175.545  191.97191  191.48646 1.1856e-01 2.9249e+01      0.645          1     168656    521.103    29.2424    29.2525    521.280   7027.292     2.9426     2.7851     4.9292     4.5849     0.0000     0.0000     2.9426         12  0.000e+00
      98.56     0.0718         12   5.879942      0.338    -1.8000   28.02142  -88.23474    199.400    175.636  191.97050  191.48506 1.1856e-01 2.9250e+01      0.659          1     168657    521.142    29.2430    29.2538    521.318   7027.333     2.9414     2.7863     4.9280     4.5849     0.0000     0.0000     2.9414         12  0.000e+00
