tests/data/CTD/g01l03s03m.ros
* Sea-Bird SBE 9 Data File:
* FileName = D:\CTD DATA\2013\PE13-01 DiMarco\G01L03S03M.hex
* Software Version Seasave V 7.21g
* Temperature SN = 4515
* Conductivity SN = 3079
* Number of Bytes Per Scan = 40
* Number of Voltage Words = 5
* Number of Scans Averaged by the Deck Unit = 1
* NMEA Latitude = 28 15.04 N
* NMEA Longitude = 088 44.96 W
* NMEA UTC (Time) = Jul 09 2012  01:29:15
* NMEA baud rate = 4800
# nquan = 31
# nvalues = 588                                   
# units = specified
# name 0 = altM: Altimeter [m]
# name 1 = bat: Beam Attenuation, Chelsea/Seatech [1/m]
# name 2 = bpos: Bottle Position in Carousel
# name 3 = c0S/m: Conductivity [S/m]
# name 4 = dz/dtM: Descent Rate [m/s]
# name 5 = wetCDOM: Fluorescence, WET Labs CDOM [mg/m^3]
# name 6 = latitude: Latitude [deg]
# name 7 = longitude: Longitude [deg]
# name 8 = sbeox0Mm/Kg: Oxygen, SBE 43 [umol/kg]
# name 9 = sbeox1Mm/Kg: Oxygen, SBE 43, 2 [umol/kg]
# name 10 = oxsolMm/Kg: Oxygen Saturation, Garcia & Gordon [umol/kg]
# name 11 = oxsatMm/Kg: Oxygen Saturation, Weiss [umol/kg]
# name 12 = par: PAR/Irradiance, Biospherical/Licor
# name 13 = pla: Plume Anomaly
# name 14 = prDM: Pressure, Digiquartz [db]
# name 15 = pumps: Pump Status
# name 16 = scan: Scan Count
# name 17 = sva: Specific Volume Anomaly [10^-8 * m^3/kg]
# name 18 = t090C: Temperature [ITS-90, deg C]
# name 19 = t190C: Temperature, 2 [ITS-90, deg C]
# name 20 = tsa: Thermosteric Anomaly [10^-8 * m^3/kg]
# name 21 = timeS: Time, Elapsed [seconds]
# name 22 = v0: Voltage 0
# name 23 = v1: Voltage 1
# name 24 = v2: Voltage 2
# name 25 = v3: Voltage 3
# name 26 = v4: Voltage 4
# name 27 = v5: Voltage 5
# name 28 = sbeox0V: Oxygen raw, SBE 43 [V]
# name 29 = nbf: Bottles Fired
# name 30 = flag:  0.000e+00
# interval = seconds: 0.0416667
# start_time = Jul 09 2012 01:29:15 [NMEA time, header]
# bad_flag = -9.990e-29
*END*
[from data line 375]
      98.66     0.0368          8   4.228103      0.170     2.9009   28.26278  -88.75166    136.681    117.106  254.32861  254.22551 1.2839e-01 1.3404e+01    302.070          1     136659    127.172    13.4439    13.4438    119.043   5694.083     1.7192     1.6361     4.9328     4.6252     0.0342     0.1880     1.7192          8  0.000e+00
      98.66     0.0368          8   4.228103      1.019     2.9009   28.26278  -88.75166    136.682    117.107  254.32951  254.22643 1.2802e-01 1.3404e+01    302.113          1     136660    127.152    13.4436    13.4436    119.022   5694.125     1.7192     1.6361     4.9328     4.6252     0.0330     0.1880     1.7192          8  0.000e+00
      98.66     0.0368          8   4.228131     -1.018     2.9009   28.26278  -88.75166    136.680    117.106  254.32814  254.22504 1.2802e-01 1.3404e+01    302.070          1     136661    127.153    13.4439    13.4438    119.024   5694.167     1.7192     1.6361     4.9328     4.6252     0.0330     0.1880     1.7192          8  0.000e+00
      98.68     0.0357          8   4.228061      2.377     2.9009   28.26278  -88.75166    136.683    117.108  254.32967  254.22657 1.2839e-01 1.3404e+01    302.169          1     136662    127.199    13.4438    13.4436    119.068   5694.208     1.7192     1.6361     4.9341     4.6264     0.0342     0.1880     1.7192          8  0.000e+00
      98.68     0.0357          8   4.228082     -1.188     2.9009   28.26278  -88.75166    136.819    117.108  254.32900  254.22589 1.2802e-01 1.3404e+01    302.120          1     136663    127.189    13.4439    13.4435    119.059   5694.250     1.7204     1.6361     4.9341     4.6264     0.0330     0.1880     1.7204          8  0.000e+00
      98.68     0.0357          8   4.228131     -0.169     2.8398   28.26278  -88.75166    136.681    117.107  254.32876  254.22567 1.2802e-01 1.3404e+01    302.113          1     136664    127.141    13.4437    13.4436    119.010   5694.292     1.7192     1.6361     4.9341     4.6264     0.0330     0.1856     1.7192          8  0.000e+00
      98.68     0.0368          8   4.228082      1.359     2.8093   28.26278  -88.75166    136.683    117.109  254.32932  254.22623 1.2839e-01 1.3404e+01    302.169          1     136665    127.185    13.4438    13.4432    119.053   5694.333     1.7192     1.6361     4.9341     4.6252     0.0342     0.1844     1.7192          8  0.000e+00
      98.68     0.0368          8   4.228089      0.001     2.8093   28.26278  -88.75166    136.683    117.109  254.33008  254.22700 1.2802e-01 1.3404e+01    302.169          1     136666    127.158    13.4435    13.4434    119.026   5694.375     1.7192     1.6361     4.9341     4.6252     0.0330     0.1844     1.7192          8  0.000e+00
      98.68     0.0368          8   4.228131      0.001     2.8093   28.26278  -88.75166    136.820    117.109  254.32851  254.22541 1.2802e-01 1.3404e+01    302.169          1     136667    127.151    13.4438    13.4434    119.019   5694.417     1.7204     1.6361     4.9341     4.6252     0.0330     0.1844     1.7204          8  0.000e+00
      98.68     0.0357          8   4.228082      1.189     2.8093   28.26278  -88.75166    136.684    117.109  254.33023  254.22715 1.2839e-01 1.3404e+01    302.219          1     136668    127.166    13.4435    13.4432    119.032   5694.458     1.7192     1.6361     4.9341     4.6264     0.0342     0.1844     1.7192          8  0.000e+00
      98.68     0.0347          8   4.228089      0.170     2.8093   28.26278  -88.75166    136.683    117.110  254.32867  254.22556 1.2802e-01 1.3404e+01    302.226          1     136669    127.198    13.4439    13.4432    119.065   5694.500     1.7192     1.6361     4.9341     4.6276     0.0330     0.1844     1.7192          8  0.000e+00
      98.68     0.0347          8   4.228103     -0.169     2.8093   28.26278  -88.75166    136.684    117.110  254.32988  254.22681 1.2802e-01 1.3404e+01    302.219          1     136670    127.151    13.4435    13.4432    119.018   5694.542     1.7192     1.6361     4.9341     4.6276     0.0330     0.1844     1.7192          8  0.000e+00
      98.66     0.0357          8   4.228075      0.170     2.8093   28.26278  -88.75166    136.684    117.110  254.33036  254.22728 1.2839e-01 1.3404e+01    302.226          1     136671    127.171    13.4435    13.4432    119.037   5694.583     1.7192     1.6361     4.9328     4.6264     0.0342     0.1844     1.7192          8  0.000e+00
      98.66     0.0357          8   4.228068      1.019     2.8093   28.26278  -88.75166    136.686    117.110  254.33138  254.22832 1.2802e-01 1.3404e+01    302.268          1     136672    127.156    13.4433    13.4432    119.021   5694.625     1.7192     1.6361     4.9328     4.6264     0.0330     0.1844     1.7192          8  0.000e+00
      98.68     0.0357          8   4.228040     -1.018     2.8398   28.26278  -88.75166    136.685    117.110  254.33152  254.22845 1.2802e-01 1.3404e+01    302.226          1     136673    127.180    13.4433    13.4432    119.047   5694.667     1.7192     1.6361     4.9341     4.6264     0.0330     0.1856     1.7192          8  0.000e+00
      98.68     0.0357          8   4.227964      1.019     2.8093   28.26278  -88.75166    136.687    117.111  254.33429  254.23125 1.2839e-01 1.3403e+01    302.269          1     136674    127.198    13.4429    13.4429    119.064   5694.708     1.7192     1.6361     4.9341     4.6264     0.0342     0.1844     1.7192          8  0.000e+00
      98.68     0.0357          8   4.227922      0.170     2.8093   28.26278  -88.75166    136.689    117.111  254.33718  254.23418 1.2802e-01 1.3403e+01    302.276          1     136675    127.172    13.4423    13.4429    119.038   5694.750     1.7192     1.6361     4.9341     4.6264     0.0330     0.1844     1.7192          8  0.000e+00
      98.61     0.0347          9   4.614132     -4.574     2.5956   28.26344  -88.75186    157.547    136.198  237.63617  237.35234 1.2766e-01 1.6686e+01    201.493          1     142718    153.664    16.7152    16.7138    147.317   5946.542     2.0232     1.9255     4.9304     4.6276     0.0317     0.1758     2.0232          9  0.000e+00
      98.61     0.0347          9   4.614146      2.033     2.5956   28.26344  -88.75186    157.548    136.317  237.63541  237.35156 1.2766e-01 1.6686e+01    201.577          1     142719    153.677    16.7154    16.7142    147.328   5946.583     2.0232     1.9267     4.9304     4.6276     0.0317     0.1758     2.0232          9  0.000e+00
      98.61     0.0347          9   4.614175      4.913     2.5956   28.26344  -88.75186    157.679    136.320  237.63512  237.35128 1.2802e-01 1.6686e+01    201.782          1     142720    153.671    16.7154    16.7143    147.315   5946.625     2.0244     1.9267     4.9304     4.6276     0.0330     0.1758     2.0244          9  0.000e+00
      98.63     0.0347          9   4.614211     -3.727     2.5956   28.26344  -88.75186    157.675    136.317  237.63402  237.35017 1.2802e-01 1.6686e+01    201.627          1     142721    153.653    16.7156    16.7143    147.302   5946.667     2.0244     1.9267     4.9316     4.6276     0.0330     0.1758     2.0244          9  0.000e+00
      98.61     0.0357          9   4.614197      0.001     2.5956   28.26344  -88.75186    157.549    136.317  237.63533  237.35150 1.2802e-01 1.6686e+01    201.627          1     142722    153.630    16.7152    16.7142    147.279   5946.708     2.0232     1.9267     4.9304     4.6264     0.0330     0.1758     2.0232          9  0.000e+00
      98.61     0.0347          9   4.614146     -0.847     2.5956   28.26344  -88.75186    157.675    136.317  237.63542  237.35157 1.2802e-01 1.6686e+01    201.591          1     142723    153.678    16.7154    16.7143    147.328   5946.750     2.0244     1.9267     4.9304     4.6276     0.0330     0.1758     2.0244          9  0.000e+00
      98.61     0.0347          9   4.614175      0.847     2.5956   28.26344  -88.75186    157.676    136.317  237.63503  237.35118 1.2802e-01 1.6686e+01    201.627          1     142724    153.662    16.7154    16.7143    147.311   5946.792     2.0244     1.9267     4.9304     4.6276     0.0330     0.1758     2.0244          9  0.000e+00
      98.61     0.0347          9   4.614190      0.000     2.5956   28.26344  -88.75186    157.676    136.318  237.63543  237.35160 1.2802e-01 1.6686e+01    201.627          1     142725    153.635    16.7152    16.7142    147.284   5946.833     2.0244     1.9267     4.9304     4.6276     0.0330     0.1758     2.0244          9  0.000e+00
      98.61     0.0347          9   4.614190      1.356     2.5956   28.26344  -88.75186    157.678    136.318  237.63596  237.35213 1.2802e-01 1.6686e+01    201.683          1     142726    153.624    16.7150    16.7143    147.271   5946.875     2.0244     1.9267     4.9304     4.6276     0.0330     0.1758     2.0244          9  0.000e+00
      98.61     0.0347          9   4.614125     -1.355     2.5956   28.26344  -88.75186    157.677    136.316  237.63685  237.35302 1.2802e-01 1.6686e+01    201.627          1     142727    153.662    16.7150    16.7147    147.311   5946.917     2.0244     1.9267     4.9304     4.6276     0.0330     0.1758     2.0244          9  0.000e+00
      98.61     0.0336          9   4.614110      1.356     2.5956   28.26344  -88.75186    157.678    136.317  237.63709  237.35326 1.2766e-01 1.6686e+01    201.683          1     142728    153.675    16.7150    16.7147    147.322   5946.958     2.0244     1.9267     4.9304     4.6288     0.0317     0.1758     2.0244          9  0.000e+00
      98.61     0.0347          9   4.614017     -0.847     2.5956   28.26344  -88.75186    157.680    136.316  237.64000  237.35619 1.2802e-01 1.6685e+01    201.648          1     142729    153.687    16.7145    16.7150    147.335   5947.000     2.0244     1.9267     4.9304     4.6276     0.0330     0.1758     2.0244          9  0.000e+00
      98.61     0.0347          9   4.613945     -0.508     2.6261   28.26344  -88.75186    157.682    136.316  237.64358  237.35982 1.2802e-01 1.6684e+01    201.627          1     142730    153.657    16.7137    16.7147    147.306   5947.042     2.0244     1.9267     4.9304     4.6276     0.0330     0.1770     2.0244          9  0.000e+00
      98.61     0.0347          9   4.613916      1.356     2.7177   28.26344  -88.75186    157.684    136.200  237.64611  237.36238 1.2802e-01 1.6684e+01    201.683          1     142731    153.619    16.7130    16.7147    147.266   5947.083     2.0244     1.9255     4.9304     4.6276     0.0330     0.1807     2.0244          9  0.000e+00
      98.61     0.0347          9   4.613822      0.001     2.7788   28.26344  -88.75186    157.686    136.200  237.64855  237.36483 1.2802e-01 1.6683e+01    201.683          1     142732    153.647    16.7126    16.7147    147.295   5947.125     2.0244     1.9255     4.9304     4.6276     0.0330     0.1832     2.0244          9  0.000e+00
      98.61     0.0347          9   4.613815      0.001     2.7788   28.26344  -88.75186    157.686    136.200  237.64914  237.36543 1.2802e-01 1.6683e+01    201.683          1     142733    153.637    16.7125    16.7149    147.285   5947.167     2.0244     1.9255     4.9304     4.6276     0.0330     0.1832     2.0244          9  0.000e+00
      98.61     0.0347          9   4.613830      0.339     2.8093   28.26344  -88.75186    157.687    136.200  237.64894  237.36523 1.2802e-01 1.6683e+01    201.698          1     142734    153.629    16.7125    16.7150    147.276   5947.208     2.0244     1.9255     4.9304     4.6276     0.0330     0.1844     2.0244          9  0.000e+00
      98.61     0.0336          9   4.613801     -0.338     2.7788   28.26344  -88.75186    157.687    136.199  237.64934  237.36564 1.2802e-01 1.6683e+01    201.683          1     142735    153.647    16.7125    16.7149    147.294   5947.250     2.0244     1.9255     4.9304     4.6288     0.0330     0.1832     2.0244          9  0.000e+00
      98.61     0.0336          9   4.613794      0.000     2.7788   28.26344  -88.75186    157.687    136.317  237.65006  237.36636 1.2802e-01 1.6683e+01    201.683          1     142736    153.633    16.7123    16.7150    147.281   5947.292     2.0244     1.9267     4.9304     4.6288     0.0330     0.1832     2.0244          9  0.000e+00
      98.61     0.0336          9   4.613815      1.186     2.7788   28.26344  -88.75186    157.688    136.200  237.64978  237.36608 1.2766e-01 1.6683e+01    201.733          1     142737    153.623    16.7123    16.7149    147.269   5947.333     2.0244     1.9255     4.9304     4.6288     0.0317     0.1832     2.0244          9  0.000e+00
      98.61     0.0347          9   4.613801      0.001     2.7788   28.26344  -88.75186    157.688    136.200  237.64999  237.36629 1.2766e-01 1.6683e+01    201.733          1     142738    153.632    16.7123    16.7149    147.278   5947.375     2.0244     1.9255     4.9304     4.6276     0.0317     0.1832     2.0244          9  0.000e+00
      98.61     0.0347          9   4.613729     -1.186     2.7788   28.26344  -88.75186    157.688    136.199  237.65147  237.36778 1.2802e-01 1.6683e+01    201.684          1     142739    153.661    16.7121    16.7149    147.309   5947.417     2.0244     1.9255     4.9304     4.6276     0.0330     0.1832     2.0244          9  0.000e+00
      98.61     0.0347          9   4.613678      1.525     2.7788   28.26344  -88.75186    157.691    136.201  237.65382  237.37016 1.2802e-01 1.6682e+01    201.747          1     142740    153.651    16.7116    16.7149    147.297   5947.458     2.0244     1.9255     4.9304     4.6276     0.0330     0.1832     2.0244          9  0.000e+00
      98.61     0.0347          9   4.613585     -0.338     2.7788   28.26344  -88.75186    157.693    136.201  237.65833  237.37472 1.2766e-01 1.6681e+01    201.733          1     142741    153.618    16.7106    16.7147    147.264   5947.500     2.0244     1.9255     4.9304     4.6276     0.0317     0.1832     2.0244          9  0.000e+00
      98.61     0.0336          9   4.613491      0.001     2.7788   28.26344  -88.75186    157.696    136.201  237.66175  237.37817 1.2802e-01 1.6681e+01    201.733          1     142742    153.618    16.7099    16.7145    147.264   5947.542     2.0244     1.9255     4.9304     4.6288     0.0330     0.1832     2.0244          9  0.000e+00
      98.61     0.0336          9   4.613477      1.186     2.7788   28.26344  -88.75186    157.824    136.084  237.66248  237.37890 1.2802e-01 1.6681e+01    201.782          1     142743    153.616    16.7097    16.7145    147.261   5947.583     2.0256     1.9243     4.9304     4.6288     0.0330     0.1832     2.0256          9  0.000e+00
      98.61     0.0347          9   4.613434     -1.185     2.7788   28.26344  -88.75186    157.697    136.202  237.66404  237.38048 1.2802e-01 1.6680e+01    201.733          1     142744    153.612    16.7094    16.7143    147.259   5947.625     2.0244     1.9255     4.9304     4.6276     0.0330     0.1832     2.0244          9  0.000e+00
      98.61     0.0347          9   4.613376      0.339     2.7788   28.26344  -88.75186    157.700    136.085  237.66708  237.38355 1.2802e-01 1.6679e+01    201.747          1     142745    153.586    16.7087    16.7140    147.232   5947.667     2.0244     1.9243     4.9304     4.6276     0.0330     0.1832     2.0244          9  0.000e+00
      98.61     0.0347          9   4.613383      0.847     2.7788   28.26344  -88.75186    157.700    136.087  237.66639  237.38285 1.2802e-01 1.6680e+01    201.783          1     142746    153.601    16.7089    16.7135    147.247   5947.708     2.0244     1.9243     4.9304     4.6276     0.0330     0.1832     2.0244          9  0.000e+00
