tests/data/CTD/g01l06s01.ros
* Sea-Bird SBE 9 Data File:
* FileName = D:\CTD DATA\2013\PE13-01 DiMarco\G01L06S01.hex
* Software Version Seasave V 7.21g
* Temperature SN = 4515
* Conductivity SN = 3079
* Number of Bytes Per Scan = 40
* Number of Voltage Words = 5
* Number of Scans Averaged by the Deck Unit = 1
* NMEA Latitude = 28 45.00 N
* NMEA Longitude = 087 59.82 W
* NMEA UTC (Time) = Jul 06 2012  12:00:26
* NMEA baud rate = 4800
# nquan = 31
# nvalues = 588                                   
# units = specified
# name 0 = altM: Altimeter [m]
# name 1 = bat: Beam Attenuation, Chelsea/Seatech [1/m]
# name 2 = bpos: Bottle Position in Carousel
# name 3 = c0S/m: Conductivity [S/m]
# name 4 = dz/dtM: Descent Rate [m/s]
# name 5 = wetCDOM: Fluorescence, WET Labs CDOM [mg/m^3]
# name 6 = latitude: Latitude [deg]
# name 7 = longitude: Longitude [deg]
# name 8 = sbeox0Mm/Kg: Oxygen, SBE 43 [umol/kg]
# name 9 = sbeox1Mm/Kg: Oxygen, SBE 43, 2 [umol/kg]
# name 10 = oxsolMm/Kg: Oxygen Saturation, Garcia & Gordon [umol/kg]
# name 11 = oxsatMm/Kg: Oxygen Saturation, Weiss [umol/kg]
# name 12 = par: PAR/Irradiance, Biospherical/Licor
# name 13 = pla: Plume Anomaly
# name 14 = prDM: Pressure, Digiquartz [db]
# name 15 = pumps: Pump Status
# name 16 = scan: Scan Count
# name 17 = sva: Specific Volume Anomaly [10^-8 * m^3/kg]
# name 18 = t090C: Temperature [ITS-90, deg C]
# name 19 = t190C: Temperature, 2 [ITS-90, deg C]
# name 20 = tsa: Thermosteric Anomaly [10^-8 * m^3/kg]
# name 21 = timeS: Time, Elapsed [seconds]
# name 22 = v0: Voltage 0
# name 23 = v1: Voltage 1
# name 24 = v2: Voltage 2
# name 25 = v3: Voltage 3
# name 26 = v4: Voltage 4
# name 27 = v5: Voltage 5
# name 28 = sbeox0V: Oxygen raw, SBE 43 [V]
# name 29 = nbf: Bottles Fired
# name 30 = flag:  0.000e+00
# interval = seconds: 0.0416667
# start_time = Jul 06 2012 12:00:26 [NMEA time, header]
# bad_flag = -9.990e-29
*END*
      98.68     0.0389          1   3.365123      0.001     3.4198   28.75206  -87.99084    218.980    185.128  312.74255  313.52643 1.3134e-01 4.1093e+00   2009.243          1      81530     54.958     4.2809     4.2799     35.364   3397.042     1.7607     1.6606     4.9341     4.6227     0.0440     0.2088     1.7607          1  0.000e+00
      98.66     0.0379          1   3.365098     -1.401     3.4198   28.75206  -87.99084    218.978    185.125  312.74270  313.52655 1.3134e-01 4.1094e+00   2009.185          1      81531     54.986     4.2810     4.2802     35.393   3397.083     1.7607     1.6606     4.9328     4.6239     0.0440     0.2088     1.7607          1  0.000e+00
      98.66     0.0379          1   3.365110      4.031     3.3893   28.75206  -87.99084    218.984    184.934  312.74375  313.52765 1.3134e-01 4.1092e+00   2009.353          1      81532     54.961     4.2808     4.2799     35.367   3397.125     1.7607     1.6593     4.9328     4.6239     0.0440     0.2076     1.7607          1  0.000e+00
      98.66     0.0389          1   3.365098     -2.628     3.4198   28.75206  -87.99084    218.767    185.127  312.74325  313.52712 1.3097e-01 4.1093e+00   2009.243          1      81533     54.980     4.2809     4.2800     35.387   3397.167     1.7595     1.6606     4.9328     4.6227     0.0427     0.2088     1.7595          1  0.000e+00
      98.66     0.0389          1   3.365123      0.001     3.4198   28.75206  -87.99084    218.979    185.128  312.74134  313.52517 1.3134e-01 4.1096e+00   2009.243          1      81534     54.980     4.2812     4.2799     35.386   3397.208     1.7607     1.6606     4.9328     4.6227     0.0440     0.2088     1.7607          1  0.000e+00
      98.68     0.0389          1   3.365123      0.001     3.3893   28.75206  -87.99084    218.980    184.930  312.74255  313.52643 1.3097e-01 4.1093e+00   2009.243          1      81535     54.958     4.2809     4.2799     35.364   3397.250     1.7607     1.6593     4.9341     4.6227     0.0427     0.2076     1.7607          1  0.000e+00
      98.66     0.0389          1   3.365123      0.001     3.4198   28.75206  -87.99084    218.979    184.930  312.74207  313.52593 1.3134e-01 4.1094e+00   2009.243          1      81536     54.967     4.2810     4.2799     35.373   3397.292     1.7607     1.6593     4.9328     4.6227     0.0440     0.2088     1.7607          1  0.000e+00
      98.68     0.0389          1   3.365098     -1.401     3.4198   28.75206  -87.99084    218.978    185.125  312.74318  313.52705 1.3134e-01 4.1093e+00   2009.185          1      81537     54.977     4.2809     4.2802     35.385   3397.333     1.7607     1.6606     4.9341     4.6227     0.0440     0.2088     1.7607          1  0.000e+00
      98.66     0.0389          1   3.365091      1.403     3.4198   28.75206  -87.99084    218.980    185.127  312.74342  313.52729 1.3134e-01 4.1093e+00   2009.243          1      81538     54.985     4.2809     4.2799     35.392   3397.375     1.7607     1.6606     4.9328     4.6227     0.0440     0.2088     1.7607          1  0.000e+00
      98.68     0.0389          1   3.365066      0.001     3.4198   28.75206  -87.99084    218.980    185.128  312.74363  313.52747 1.3097e-01 4.1094e+00   2009.243          1      81539     55.015     4.2810     4.2799     35.423   3397.417     1.7607     1.6606     4.9341     4.6227     0.0427     0.2088     1.7607          1  0.000e+00
      98.66     0.0389          1   3.365078     -1.401     3.4198   28.75206  -87.99084    218.979    185.125  312.74370  313.52757 1.3134e-01 4.1093e+00   2009.185          1      81540     54.993     4.2809     4.2802     35.401   3397.458     1.7607     1.6606     4.9328     4.6227     0.0440     0.2088     1.7607          1  0.000e+00
      98.68     0.0379          1   3.365053      0.001     3.3893   28.75206  -87.99084    218.980    185.126  312.74513  313.52901 1.3097e-01 4.1092e+00   2009.185          1      81541     55.002     4.2808     4.2799     35.411   3397.500     1.7607     1.6606     4.9341     4.6239     0.0427     0.2076     1.7607          1  0.000e+00
      98.66     0.0389          1   3.365098      1.403     3.4198   28.75206  -87.99084    218.767    185.126  312.74276  313.52661 1.3134e-01 4.1094e+00   2009.243          1      81542     54.988     4.2810     4.2802     35.395   3397.542     1.7595     1.6606     4.9328     4.6227     0.0440     0.2088     1.7595          1  0.000e+00
      98.66     0.0379          1   3.365123     -2.628     3.4198   28.75206  -87.99084    218.764    184.928  312.74316  313.52707 1.3097e-01 4.1092e+00   2009.134          1      81543     54.941     4.2808     4.2799     35.348   3397.583     1.7595     1.6593     4.9328     4.6239     0.0427     0.2088     1.7595          1  0.000e+00
      98.68     0.0379          1   3.365098      1.228     3.4198   28.75206  -87.99084    218.979    185.125  312.74367  313.52756 1.3134e-01 4.1092e+00   2009.185          1      81544     54.969     4.2808     4.2802     35.376   3397.625     1.7607     1.6606     4.9341     4.6239     0.0440     0.2088     1.7607          1  0.000e+00
      98.66     0.0379          1   3.365091      0.001     3.4198   28.75206  -87.99084    218.978    185.125  312.74336  313.52723 1.3134e-01 4.1093e+00   2009.185          1      81545     54.983     4.2809     4.2801     35.390   3397.667     1.7607     1.6606     4.9328     4.6239     0.0440     0.2088     1.7607          1  0.000e+00
      98.68     0.0379          1   3.365091      0.001     3.4198   28.75206  -87.99084    218.978    185.125  312.74336  313.52723 1.3134e-01 4.1093e+00   2009.185          1      81546     54.983     4.2809     4.2801     35.390   3397.708     1.7607     1.6606     4.9341     4.6239     0.0440     0.2088     1.7607          1  0.000e+00
      98.68     0.0379          1   3.365136     -1.226     3.4198   28.75206  -87.99084    218.764    185.124  312.74331  313.52723 1.3134e-01 4.1091e+00   2009.134          1      81547     54.921     4.2807     4.2801     35.328   3397.750     1.7595     1.6606     4.9341     4.6239     0.0440     0.2088     1.7595          1  0.000e+00
      98.68     0.0379          1   3.365091      0.001     3.4198   28.75206  -87.99084    218.763    185.125  312.74257  313.52642 1.3134e-01 4.1095e+00   2009.134          1      81548     54.993     4.2811     4.2799     35.401   3397.792     1.7595     1.6606     4.9341     4.6239     0.0440     0.2088     1.7595          1  0.000e+00
      98.66     0.0379          1   3.365085      0.001     3.4198   28.75206  -87.99084    218.978    185.125  312.74420  313.52810 1.3097e-01 4.1092e+00   2009.134          1      81549     54.973     4.2808     4.2799     35.381   3397.833     1.7607     1.6606     4.9328     4.6239     0.0427     0.2088     1.7607          1  0.000e+00
      98.68     0.0379          1   3.365110     -1.401     3.4198   28.75206  -87.99084    218.762    185.123  312.74320  313.52710 1.3134e-01 4.1092e+00   2009.076          1      81550     54.953     4.2808     4.2799     35.361   3397.875     1.7595     1.6606     4.9341     4.6239     0.0440     0.2088     1.7595          1  0.000e+00
      98.66     0.0379          1   3.365123      1.403     3.4198   28.75206  -87.99084    218.976    185.125  312.74243  313.52632 1.3134e-01 4.1093e+00   2009.134          1      81551     54.954     4.2809     4.2800     35.361   3397.917     1.7607     1.6606     4.9328     4.6239     0.0440     0.2088     1.7607          1  0.000e+00
      98.66     0.0389          1   3.365098     -1.401     3.4198   28.75206  -87.99084    218.763    185.123  312.74428  313.52820 1.3134e-01 4.1091e+00   2009.076          1      81552     54.951     4.2807     4.2801     35.360   3397.958     1.7595     1.6606     4.9328     4.6227     0.0440     0.2088     1.7595          1  0.000e+00
      98.66     0.0389          1   3.365091      0.001     3.4198   28.75206  -87.99084    218.762    185.123  312.74324  313.52711 1.3097e-01 4.1093e+00   2009.076          1      81553     54.978     4.2809     4.2801     35.386   3398.000     1.7595     1.6606     4.9328     4.6227     0.0427     0.2088     1.7595          1  0.000e+00
      98.66     0.0389          1   3.365066      0.001     3.4198   28.75206  -87.99084    218.763    185.123  312.74466  313.52855 1.3134e-01 4.1092e+00   2009.076          1      81554     54.986     4.2808     4.2799     35.396   3398.042     1.7595     1.6606     4.9328     4.6227     0.0440     0.2088     1.7595          1  0.000e+00
      98.68     0.0379          1   3.365091      0.001     3.4198   28.75206  -87.99084    218.976    185.123  312.74372  313.52761 1.3134e-01 4.1092e+00   2009.076          1      81555     54.969     4.2808     4.2800     35.378   3398.083     1.7607     1.6606     4.9341     4.6239     0.0440     0.2088     1.7607          1  0.000e+00
      98.66     0.0389          1   3.365091     -1.401     3.4198   28.75206  -87.99084    218.975    185.121  312.74488  313.52881 1.3134e-01 4.1090e+00   2009.017          1      81556     54.945     4.2806     4.2802     35.354   3398.125     1.7607     1.6606     4.9328     4.6227     0.0440     0.2088     1.7607          1  0.000e+00
      98.66     0.0389          1   3.365066      0.001     3.4198   28.75206  -87.99084    218.974    185.123  312.74387  313.52773 1.3097e-01 4.1093e+00   2009.017          1      81557     54.997     4.2809     4.2797     35.407   3398.167     1.7607     1.6606     4.9328     4.6227     0.0427     0.2088     1.7607          1  0.000e+00
      98.66     0.0389          1   3.365059      0.001     3.4198   28.75206  -87.99084    218.975    185.121  312.74453  313.52840 1.3134e-01 4.1092e+00   2009.018          1      81558     54.994     4.2808     4.2802     35.404   3398.208     1.7607     1.6606     4.9328     4.6227     0.0440     0.2088     1.7607          1  0.000e+00
      98.66     0.0389          1   3.365104      0.176     3.4198   28.75206  -87.99084    218.974    185.122  312.74357  313.52747 1.3134e-01 4.1092e+00   2009.025          1      81559     54.952     4.2808     4.2799     35.361   3398.250     1.7607     1.6606     4.9328     4.6227     0.0440     0.2088     1.7607          1  0.000e+00
      98.66     0.0389          1   3.365072     -1.401     3.4198   28.75206  -87.99084    218.973    185.121  312.74413  313.52801 1.3097e-01 4.1093e+00   2008.966          1      81560     54.981     4.2808     4.2799     35.391   3398.292     1.7607     1.6606     4.9328     4.6227     0.0427     0.2088     1.7607          1  0.000e+00
      98.66     0.0389          1   3.365078      1.228     3.3893   28.75206  -87.99084    218.974    185.123  312.74425  313.52814 1.3551e-01 4.1092e+00   2009.018          1      81561     54.973     4.2808     4.2799     35.383   3398.333     1.7607     1.6606     4.9328     4.6227     0.0574     0.2076     1.7607          1  0.000e+00
      98.66     0.0379          1   3.365053     -1.226     3.4198   28.75206  -87.99084    218.973    184.924  312.74416  313.52802 1.4021e-01 4.1093e+00   2008.967          1      81562     55.005     4.2809     4.2799     35.416   3398.375     1.7607     1.6593     4.9328     4.6239     0.0720     0.2088     1.7607          1  0.000e+00
      98.68     0.0379          1   3.365097     -1.401     3.4198   28.75206  -87.99084    218.971    185.119  312.74410  313.52802 1.4101e-01 4.1091e+00   2008.908          1      81563     54.944     4.2807     4.2801     35.354   3398.417     1.7607     1.6606     4.9341     4.6239     0.0745     0.2088     1.7607          1  0.000e+00
      98.66     0.0389          1   3.365097      1.403     3.4198   28.75206  -87.99084    218.759    185.120  312.74368  313.52758 1.3667e-01 4.1092e+00   2008.967          1      81564     54.955     4.2808     4.2801     35.364   3398.458     1.7595     1.6606     4.9328     4.6227     0.0611     0.2088     1.7595          1  0.000e+00
      98.66     0.0379          1   3.365091     -1.401     3.4198   28.75206  -87.99084    218.970    185.118  312.74306  313.52693 1.3172e-01 4.1094e+00   2008.908          1      81565     54.971     4.2809     4.2801     35.381   3398.500     1.7607     1.6606     4.9328     4.6239     0.0452     0.2088     1.7607          1  0.000e+00
      98.66     0.0389          1   3.365091      0.001     3.4503   28.75206  -87.99084    218.758    185.119  312.74354  313.52743 1.3060e-01 4.1093e+00   2008.908          1      81566     54.962     4.2808     4.2800     35.372   3398.542     1.7595     1.6606     4.9328     4.6227     0.0415     0.2100     1.7595          1  0.000e+00
      98.66     0.0389          1   3.365091      0.001     3.4198   28.75206  -87.99084    218.757    185.118  312.74233  313.52617 1.3097e-01 4.1095e+00   2008.908          1      81567     54.984     4.2811     4.2801     35.393   3398.583     1.7595     1.6606     4.9328     4.6227     0.0427     0.2088     1.7595          1  0.000e+00
      98.68     0.0379          1   3.365091      0.001     3.4198   28.75206  -87.99084    218.969    185.119  312.74184  313.52567 1.3097e-01 4.1096e+00   2008.908          1      81568     54.992     4.2812     4.2801     35.402   3398.625     1.7607     1.6606     4.9341     4.6239     0.0427     0.2088     1.7607          1  0.000e+00
      98.66     0.0389          1   3.365072     -1.226     3.4198   28.75206  -87.99084    218.756    185.117  312.74352  313.52739 1.3134e-01 4.1094e+00   2008.857          1      81569     54.985     4.2809     4.2802     35.395   3398.667     1.7595     1.6606     4.9328     4.6227     0.0440     0.2088     1.7595          1  0.000e+00
      98.68     0.0379          1   3.365110      0.001     3.3893   28.75206  -87.99084    218.968    184.920  312.74175  313.52561 1.3097e-01 4.1095e+00   2008.857          1      81570     54.966     4.2811     4.2802     35.375   3398.708     1.7607     1.6593     4.9341     4.6239     0.0427     0.2076     1.7607          1  0.000e+00
      98.68     0.0379          1   3.365123      0.001     3.4198   28.75206  -87.99084    218.754    184.920  312.74092  313.52476 1.3172e-01 4.1096e+00   2008.857          1      81571     54.964     4.2812     4.2802     35.372   3398.750     1.7595     1.6593     4.9341     4.6239     0.0452     0.2088     1.7595          1  0.000e+00
      98.66     0.0379          1   3.365097     -1.401     3.3893   28.75206  -87.99084    218.967    184.919  312.74276  313.52664 1.3134e-01 4.1094e+00   2008.799          1      81572     54.961     4.2809     4.2801     35.371   3398.792     1.7607     1.6593     4.9328     4.6239     0.0440     0.2076     1.7607          1  0.000e+00
      98.66     0.0379          1   3.365110      1.403     3.4198   28.75206  -87.99084    218.969    184.921  312.74248  313.52636 1.3134e-01 4.1094e+00   2008.857          1      81573     54.953     4.2809     4.2800     35.362   3398.833     1.7607     1.6593     4.9328     4.6239     0.0440     0.2088     1.7607          1  0.000e+00
      98.66     0.0389          1   3.365123      0.001     3.4198   28.75206  -87.99084    218.755    185.117  312.74165  313.52552 1.3134e-01 4.1094e+00   2008.857          1      81574     54.951     4.2810     4.2801     35.360   3398.875     1.7595     1.6606     4.9328     4.6227     0.0440     0.2088     1.7595          1  0.000e+00
      98.68     0.0379          1   3.365123     -2.628     3.4198   28.75206  -87.99084    218.965    185.115  312.74202  313.52590 1.3134e-01 4.1094e+00   2008.748          1      81575     54.937     4.2809     4.2799     35.347   3398.917     1.7607     1.6606     4.9341     4.6239     0.0440     0.2088     1.7607          1  0.000e+00
