tests/data/CTD/g01l05s02m.ros
* Sea-Bird SBE 9 Data File:
* FileName = D:\CTD DATA\2013\PE13-01 DiMarco\G01L05S02M.hex
* Software Version Seasave V 7.21g
* Temperature SN = 4515
* Conductivity SN = 3079
* Number of Bytes Per Scan = 40
* Number of Voltage Words = 5
* Number of Scans Averaged by the Deck Unit = 1
* NMEA Latitude = 28 44.42 N
* NMEA Longitude = 088 15.09 W
* NMEA UTC (Time) = Jul 06 2012  17:35:33
* NMEA baud rate = 4800
# nquan = 31
# nvalues = 588                                   
# units = specified
# name 0 = altM: Altimeter [m]
# name 1 = bat: Beam Attenuation, Chelsea/Seatech [1/m]
# name 2 = bpos: Bottle Position in Carousel
# name 3 = c0S/m: Conductivity [S/m]
# name 4 = dz/dtM: Descent Rate [m/s]
# name 5 = wetCDOM: Fluorescence, WET Labs CDOM [mg/m^3]
# name 6 = latitude: Latitude [deg]
# name 7 = longitude: Longitude [deg]
# name 8 = sbeox0Mm/Kg: Oxygen, SBE 43 [umol/kg]
# name 9 = sbeox1Mm/Kg: Oxygen, SBE 43, 2 [umol/kg]
# name 10 = oxsolMm/Kg: Oxygen Saturation, Garcia & Gordon [umol/kg]
# name 11 = oxsatMm/Kg: Oxygen Saturation, Weiss [umol/kg]
# name 12 = par: PAR/Irradiance, Biospherical/Licor
# name 13 = pla: Plume Anomaly
# name 14 = prDM: Pressure, Digiquartz [db]
# name 15 = pumps: Pump Status
# name 16 = scan: Scan Count
# name 17 = sva: Specific Volume Anomaly [10^-8 * m^3/kg]
# name 18 = t090C: Temperature [ITS-90, deg C]
# name 19 = t190C: Temperature, 2 [ITS-90, deg C]
# name 20 = tsa: Thermosteric Anomaly [10^-8 * m^3/kg]
# name 21 = timeS: Time, Elapsed [seconds]
# name 22 = v0: Voltage 0
# name 23 = v1: Voltage 1
# name 24 = v2: Voltage 2
# name 25 = v3: Voltage 3
# name 26 = v4: Voltage 4
# name 27 = v5: Voltage 5
# name 28 = sbeox0V: Oxygen raw, SBE 43 [V]
# name 29 = nbf: Bottles Fired
# name 30 = flag:  0.000e+00
# interval = seconds: 0.0416667
# start_time = Jul 06 2012 17:35:33 [NMEA time, header]
# bad_flag = -9.990e-29
*END*
[from data line 562]
      98.56     0.1276         12   5.731078      2.532     2.4735   28.72446  -88.25686    202.983    179.073  193.47122  192.97680 1.0024e+03 2.9128e+01      1.038          1     113172    584.304    29.1210    29.1364    584.465   4715.458     2.9658     2.8132     4.9280     4.5214     3.9219     0.1709     2.9658         12  0.000e+00
      98.56     0.1276         12   5.731015     -2.699     2.4125   28.72446  -88.25686    202.981    179.077  193.47208  192.97765 9.9118e+02 2.9128e+01      0.926          1     113173    584.314    29.1209    29.1345    584.480   4715.500     2.9658     2.8132     4.9280     4.5214     3.9170     0.1685     2.9658         12  0.000e+00
      98.56     0.1276         12   5.730786      1.519     2.3819   28.72446  -88.25686    202.886    179.082  193.47644  192.98198 9.8840e+02 2.9127e+01      0.989          1     113174    584.336    29.1198    29.1326    584.499   4715.542     2.9646     2.8132     4.9280     4.5214     3.9158     0.1673     2.9646         12  0.000e+00
      98.58     0.1266         12   5.730502     -0.337     2.3819   28.72446  -88.25686    202.993    178.986  193.48248  192.98799 9.8562e+02 2.9125e+01      0.975          1     113175    584.332    29.1181    29.1324    584.496   4715.583     2.9658     2.8120     4.9292     4.5226     3.9145     0.1673     2.9658         12  0.000e+00
      98.58     0.1266         12   5.730329     -1.012     2.3819   28.72446  -88.25686    202.998    178.891  193.48826  192.99373 9.8286e+02 2.9123e+01      0.933          1     113176    584.246    29.1161    29.1321    584.412   4715.625     2.9658     2.8107     4.9292     4.5226     3.9133     0.1673     2.9658         12  0.000e+00
      98.58     0.1266         12   5.730155      1.013     2.3819   28.72446  -88.25686    203.006    178.896  193.49458  193.00001 9.8286e+02 2.9121e+01      0.975          1     113177    584.145    29.1138    29.1305    584.309   4715.667     2.9658     2.8107     4.9292     4.5226     3.9133     0.1673     2.9658         12  0.000e+00
      98.58     0.1276         12   5.730069      0.338     2.4125   28.72446  -88.25686    203.012    178.804  193.49972  193.00512 9.8840e+02 2.9119e+01      0.989          1     113178    584.017    29.1118    29.1292    584.180   4715.708     2.9658     2.8095     4.9292     4.5214     3.9158     0.1685     2.9658         12  0.000e+00
      98.56     0.1287         12   5.730021     -2.531     2.4125   28.72446  -88.25686    203.015    178.811  193.50531  193.01067 9.9677e+02 2.9116e+01      0.883          1     113179    583.830    29.1094    29.1253    583.998   4715.750     2.9658     2.8095     4.9280     4.5201     3.9194     0.1685     2.9658         12  0.000e+00
      98.56     0.1276         12   5.729974      1.013     2.4125   28.72446  -88.25686    203.022    178.727  193.51138  193.01671 9.9958e+02 2.9114e+01      0.926          1     113180    583.636    29.1068    29.1213    583.802   4715.792     2.9658     2.8083     4.9280     4.5214     3.9206     0.1685     2.9658         12  0.000e+00
      98.58     0.1276         12   5.729966      0.169     2.3819   28.72446  -88.25686    203.027    178.641  193.51587  193.02116 9.9958e+02 2.9112e+01      0.933          1     113181    583.468    29.1048    29.1172    583.634   4715.833     2.9658     2.8071     4.9292     4.5214     3.9206     0.1673     2.9658         12  0.000e+00
      98.58     0.1276         12   5.729966     -1.349     2.4125   28.72446  -88.25686    203.027    178.648  193.51747  193.02275 9.9677e+02 2.9111e+01      0.877          1     113182    583.402    29.1040    29.1133    583.570   4715.875     2.9658     2.8071     4.9292     4.5214     3.9194     0.1685     2.9658         12  0.000e+00
      98.58     0.1276         12   5.729998      1.351     2.3819   28.72446  -88.25686    203.132    178.557  193.52010  193.02536 9.9958e+02 2.9109e+01      0.933          1     113183    583.278    29.1027    29.1109    583.443   4715.917     2.9670     2.8059     4.9292     4.5214     3.9206     0.1673     2.9670         12  0.000e+00
      98.56     0.1276         12   5.729974     -1.349     2.4125   28.72446  -88.25686    203.036    178.556  193.52543  193.03066 1.0052e+03 2.9107e+01      0.877          1     113184    583.085    29.1003    29.1105    583.253   4715.958     2.9658     2.8059     4.9280     4.5214     3.9231     0.1685     2.9658         12  0.000e+00
      98.56     0.1276         12   5.729675      0.170     2.3819   28.72446  -88.25686    203.157    178.457  193.54494  193.05005 1.0426e+03 2.9099e+01      0.884          1     113185    582.572    29.0925    29.1120    582.739   4716.000     2.9670     2.8046     4.9280     4.5214     3.9389     0.1673     2.9670         12  0.000e+00
      98.56     0.1276         12   5.729446      0.001     2.3819   28.72446  -88.25686    203.169    178.461  193.55635  193.06139 1.0574e+03 2.9095e+01      0.884          1     113186    582.315    29.0881    29.1116    582.482   4716.042     2.9670     2.8046     4.9280     4.5214     3.9451     0.1673     2.9670         12  0.000e+00
      98.58     0.1331         12   5.729360     -1.349     2.3819   28.72446  -88.25686    203.176    178.479  193.56450  193.06948 1.0663e+03 2.9091e+01      0.827          1     113187    582.065    29.0847    29.1048    582.235   4716.083     2.9670     2.8046     4.9292     4.5153     3.9487     0.1673     2.9670         12  0.000e+00
      98.58     0.1396         12   5.729131      1.351     2.3819   28.72446  -88.25686    203.289    178.502  193.57445  193.07938 1.1408e+03 2.9088e+01      0.884          1     113188    581.869    29.0810    29.0948    582.036   4716.125     2.9683     2.8046     4.9292     4.5079     3.9780     0.1673     2.9683         12  0.000e+00
      98.58     0.1428         12   5.728603     -1.349     2.4125   28.72446  -88.25686    203.305    178.499  193.59108  193.09590 1.1799e+03 2.9082e+01      0.827          1     113189    581.650    29.0754    29.0935    581.820   4716.167     2.9683     2.8046     4.9292     4.5043     3.9927     0.1685     2.9683         12  0.000e+00
      98.58     0.1417         12   5.728162     -1.181     2.4125   28.72446  -88.25686    203.326    178.475  193.61200  193.11669 1.1832e+03 2.9074e+01      0.778          1     113190    581.194    29.0674    29.1016    581.366   4716.208     2.9683     2.8046     4.9292     4.5055     3.9939     0.1685     2.9683         12  0.000e+00
      98.56     0.1428         12   5.728178      1.182     2.4125   28.72446  -88.25686    203.335    178.450  193.61918  193.12383 1.1569e+03 2.9071e+01      0.828          1     113191    580.906    29.0641    29.1131    581.076   4716.250     2.9683     2.8046     4.9280     4.5043     3.9841     0.1685     2.9683         12  0.000e+00
      98.58     0.1417         12   5.728501     -1.181     2.4125   28.72446  -88.25686    203.323    178.435  193.60880  193.11351 1.1408e+03 2.9074e+01      0.778          1     113192    581.041    29.0676    29.1203    581.213   4716.292     2.9683     2.8046     4.9292     4.5055     3.9780     0.1685     2.9683         12  0.000e+00
      98.58     0.1417         12   5.729123     -0.168     2.3819   28.72446  -88.25686    203.300    178.533  193.58745  193.09229 1.1408e+03 2.9082e+01      0.771          1     113193    581.361    29.0750    29.1198    581.533   4716.333     2.9683     2.8059     4.9292     4.5055     3.9780     0.1673     2.9683         12  0.000e+00
      98.58     0.1417         12   5.729943      0.169     2.3819   28.72446  -88.25686    203.266    178.537  193.55452  193.05957 1.1280e+03 2.9094e+01      0.778          1     113194    581.971    29.0870    29.1179    582.143   4716.375     2.9683     2.8059     4.9292     4.5055     3.9731     0.1673     2.9683         12  0.000e+00
      98.56     0.1417         12   5.730897     -1.181     2.4125   28.72446  -88.25686    203.122    178.533  193.51451  193.01981 1.1154e+03 2.9109e+01      0.729          1     113195    582.744    29.1018    29.1189    582.918   4716.417     2.9670     2.8059     4.9280     4.5055     3.9683     0.1685     2.9670         12  0.000e+00
      98.58     0.1417         12   5.731677      1.013     2.3819   28.72446  -88.25686    203.083    178.523  193.47658  192.98212 1.1123e+03 2.9123e+01      0.771          1     113196    583.585    29.1162    29.1231    583.757   4716.458     2.9670     2.8059     4.9292     4.5055     3.9670     0.1673     2.9670         12  0.000e+00
      98.56     0.1417         12   5.731929     -1.012     2.3819   28.72446  -88.25686    203.064    178.608  193.45952  192.96517 1.1569e+03 2.9130e+01      0.729          1     113197    584.039    29.1231    29.1279    584.213   4716.500     2.9670     2.8071     4.9280     4.5055     3.9841     0.1673     2.9670         12  0.000e+00
