tests/data/CTD/g01l03s03m.ros
* Sea-Bird SBE 9 Data File:
* FileName = D:\CTD DATA\2013\PE13-01 DiMarco\G01L03S03M.hex
* Software Version Seasave V 7.21g
* Temperature SN = 4515
* Conductivity SN = 3079
* Number of Bytes Per Scan = 40
* Number of Voltage Words = 5
* Number of Scans Averaged by the Deck Unit = 1
* NMEA Latitude = 28 15.04 N
* NMEA Longitude = 088 44.96 W
* NMEA UTC (Time) = Jul 09 2012  01:29:15
* NMEA baud rate = 4800
# nquan = 31
# nvalues = 588                                   
# units = specified
# name 0 = altM: Altimeter [m]
# name 1 = bat: Beam Attenuation, Chelsea/Seatech [1/m]
# name 2 = bpos: Bottle Position in Carousel
# name 3 = c0S/m: Conductivity [S/m]
# name 4 = dz/dtM: Descent Rate [m/s]
# name 5 = wetCDOM: Fluorescence, WET Labs CDOM [mg/m^3]
# name 6 = latitude: Latitude [deg]
# name 7 = longitude: Longitude [deg]
# name 8 = sbeox0Mm/Kg: Oxygen, SBE 43 [umol/kg]
# name 9 = sbeox1Mm/Kg: Oxygen, SBE 43, 2 [umol/kg]
# name 10 = oxsolMm/Kg: Oxygen Saturation, Garcia & Gordon [umol/kg]
# name 11 = oxsatMm/Kg: Oxygen Saturation, Weiss [umol/kg]
# name 12 = par: PAR/Irradiance, Biospherical/Licor
# name 13 = pla: Plume Anomaly
# name 14 = prDM: Pressure, Digiquartz [db]
# name 15 = pumps: Pump Status
# name 16 = scan: Scan Count
# name 17 = sva: Specific Volume Anomaly [10^-8 * m^3/kg]
# name 18 = t090C: Temperature [ITS-90, deg C]
# name 19 = t190C: Temperature, 2 [ITS-90, deg C]
# name 20 = tsa: Thermosteric Anomaly [10^-8 * m^3/kg]
# name 21 = timeS: Time, Elapsed [seconds]
# name 22 = v0: Voltage 0
# name 23 = v1: Voltage 1
# name 24 = v2: Voltage 2
# name 25 = v3: Voltage 3
# name 26 = v4: Voltage 4
# name 27 = v5: Voltage 5
# name 28 = sbeox0V: Oxygen raw, SBE 43 [V]
# name 29 = nbf: Bottles Fired
# name 30 = flag:  0.000e+00
# interval = seconds: 0.0416667
# start_time = Jul 09 2012 01:29:15 [NMEA time, header]
# bad_flag = -9.990e-29
*END*
[from data line 94]
      98.66     0.0410          2   3.344847      1.561     3.4198   28.25756  -88.74996    214.849    182.247  312.36599  313.14231 1.2986e-01 4.2185e+00   1414.132          1      78270     50.522     4.3335     4.3327     36.390   3261.208     1.8376     1.7350     4.9328     4.6203     0.0391     0.2088     1.8376          2  0.000e+00
      98.66     0.0410          2   3.344790     -1.559     3.4808   28.25756  -88.74996    214.848    182.245  312.36796  313.14427 1.3023e-01 4.2185e+00   1414.067          1      78271     50.560     4.3334     4.3326     36.429   3261.250     1.8376     1.7350     4.9328     4.6203     0.0403     0.2112     1.8376          2  0.000e+00
      98.66     0.0400          2   3.344828      1.387     3.4503   28.25756  -88.74996    214.849    182.247  312.36699  313.14331 1.3023e-01 4.2184e+00   1414.125          1      78272     50.530     4.3334     4.3325     36.397   3261.292     1.8376     1.7350     4.9328     4.6215     0.0403     0.2100     1.8376          2  0.000e+00
      98.63     0.0410          2   3.344847      0.001     3.4198   28.25756  -88.74996    215.046    182.064  312.36671  313.14305 1.3023e-01 4.2184e+00   1414.125          1      78273     50.509     4.3334     4.3328     36.377   3261.333     1.8388     1.7338     4.9316     4.6203     0.0403     0.2088     1.8388          2  0.000e+00
      98.66     0.0442          3   3.353759      2.591     3.5114   28.25846  -88.75020    204.173    173.388  310.86817  311.61579 1.2986e-01 4.4399e+00   1211.481          1      88406     52.002     4.5382     4.5379     39.338   3683.542     1.8120     1.7131     4.9328     4.6166     0.0391     0.2125     1.8120          3  0.000e+00
      98.66     0.0442          3   3.353791     -3.280     3.4808   28.25846  -88.75020    204.167    173.386  310.86548  311.61306 1.2986e-01 4.4402e+00   1211.344          1      88407     51.999     4.5386     4.5376     39.336   3683.583     1.8120     1.7131     4.9328     4.6166     0.0391     0.2112     1.8120          3  0.000e+00
      98.66     0.0453          3   3.353791      0.692     3.5114   28.25846  -88.75020    204.168    173.209  310.86552  311.61309 1.2986e-01 4.4402e+00   1211.373          1      88408     52.001     4.5386     4.5378     39.337   3683.625     1.8120     1.7118     4.9328     4.6154     0.0391     0.2125     1.8120          3  0.000e+00
      98.66     0.0453          3   3.353759      0.001     3.5114   28.25846  -88.75020    204.169    173.386  310.86638  311.61394 1.3023e-01 4.4402e+00   1211.373          1      88409     52.028     4.5386     4.5376     39.364   3683.667     1.8120     1.7131     4.9328     4.6154     0.0403     0.2125     1.8120          3  0.000e+00
      98.66     0.0442          3   3.353797     -0.690     3.5114   28.25846  -88.75020    204.167    173.386  310.86531  311.61289 1.3284e-01 4.4402e+00   1211.344          1      88410     51.994     4.5386     4.5375     39.330   3683.708     1.8120     1.7131     4.9328     4.6166     0.0488     0.2125     1.8120          3  0.000e+00
      98.66     0.0453          3   3.353765     -0.517     3.5114   28.25846  -88.75020    204.168    173.384  310.86710  311.61470 1.3398e-01 4.4400e+00   1211.323          1      88411     52.003     4.5384     4.5379     39.340   3683.750     1.8120     1.7131     4.9328     4.6154     0.0525     0.2125     1.8120          3  0.000e+00
      98.66     0.0453          3   3.353772      0.001     3.5114   28.25846  -88.75020    204.166    173.385  310.86502  311.61255 1.3247e-01 4.4404e+00   1211.323          1      88412     52.032     4.5388     4.5376     39.369   3683.792     1.8120     1.7131     4.9328     4.6154     0.0476     0.2125     1.8120          3  0.000e+00
      98.66     0.0442          3   3.353784      0.001     3.5114   28.25846  -88.75020    204.168    173.386  310.86659  311.61419 1.2986e-01 4.4400e+00   1211.323          1      88413     51.986     4.5384     4.5376     39.323   3683.833     1.8120     1.7131     4.9328     4.6166     0.0391     0.2125     1.8120          3  0.000e+00
      98.66     0.0453          3   3.353803     -0.690     3.5114   28.25846  -88.75020    204.166    173.385  310.86604  311.61365 1.2986e-01 4.4400e+00   1211.294          1      88414     51.969     4.5384     4.5376     39.306   3683.875     1.8120     1.7131     4.9328     4.6154     0.0391     0.2125     1.8120          3  0.000e+00
      98.66     0.0442          3   3.353791     -1.899     3.5114   28.25846  -88.75020    204.355    173.383  310.86629  311.61390 1.2986e-01 4.4400e+00   1211.215          1      88415     51.976     4.5384     4.5377     39.314   3683.917     1.8132     1.7131     4.9328     4.6166     0.0391     0.2125     1.8132          3  0.000e+00
      98.66     0.0453          3   3.353778      1.210     3.5114   28.25846  -88.75020    204.165    173.384  310.86574  311.61331 1.2986e-01 4.4402e+00   1211.265          1      88416     52.006     4.5386     4.5376     39.344   3683.958     1.8120     1.7131     4.9328     4.6154     0.0391     0.2125     1.8120          3  0.000e+00
      98.66     0.0453          3   3.353759      0.692     3.5114   28.25846  -88.75020    204.167    173.562  310.86629  311.61385 1.2875e-01 4.4402e+00   1211.294          1      88417     52.024     4.5386     4.5376     39.361   3684.000     1.8120     1.7143     4.9328     4.6154     0.0354     0.2125     1.8120          3  0.000e+00
      98.66     0.0442          3   3.353791     -1.898     3.5114   28.25846  -88.75020    204.355    173.384  310.86534  311.61291 1.2986e-01 4.4402e+00   1211.215          1      88418     51.993     4.5386     4.5375     39.331   3684.042     1.8132     1.7131     4.9328     4.6166     0.0391     0.2125     1.8132          3  0.000e+00
      98.66     0.0442          3   3.353791      0.001     3.5114   28.25846  -88.75020    204.164    173.384  310.86534  311.61291 1.2912e-01 4.4402e+00   1211.215          1      88419     51.993     4.5386     4.5375     39.331   3684.083     1.8120     1.7131     4.9328     4.6166     0.0366     0.2125     1.8120          3  0.000e+00
      98.66     0.0442          3   3.353803      0.001     3.5114   28.25846  -88.75020    204.355    173.385  310.86595  311.61356 1.2949e-01 4.4400e+00   1211.215          1      88420     51.965     4.5384     4.5373     39.303   3684.125     1.8132     1.7131     4.9328     4.6166     0.0379     0.2125     1.8132          3  0.000e+00
      98.66     0.0453          3   3.353784      0.519     3.5114   28.25846  -88.75020    204.356    173.384  310.86625  311.61385 1.3097e-01 4.4401e+00   1211.237          1      88421     51.987     4.5384     4.5375     39.324   3684.167     1.8132     1.7131     4.9328     4.6154     0.0427     0.2125     1.8132          3  0.000e+00
      98.66     0.0453          3   3.353803     -1.726     3.4808   28.25846  -88.75020    204.162    173.383  310.86422  311.61178 1.3209e-01 4.4404e+00   1211.165          1      88422     51.993     4.5387     4.5374     39.331   3684.208     1.8120     1.7131     4.9328     4.6154     0.0464     0.2112     1.8120          3  0.000e+00
      98.66     0.0453          3   3.353784      1.210     3.4808   28.25846  -88.75020    204.165    173.383  310.86646  311.61407 1.3209e-01 4.4400e+00   1211.215          1      88423     51.981     4.5384     4.5376     39.319   3684.250     1.8120     1.7131     4.9328     4.6154     0.0464     0.2112     1.8120          3  0.000e+00
      98.66     0.0453          3   3.353778     -1.208     3.4808   28.25846  -88.75020    204.163    173.383  310.86658  311.61418 1.3023e-01 4.4400e+00   1211.165          1      88424     51.985     4.5384     4.5375     39.323   3684.292     1.8120     1.7131     4.9328     4.6154     0.0403     0.2112     1.8120          3  0.000e+00
      98.66     0.0453          3   3.353778      1.728     3.4503   28.25846  -88.75020    204.166    173.385  310.86714  311.61476 1.2949e-01 4.4399e+00   1211.237          1      88425     51.979     4.5383     4.5375     39.317   3684.333     1.8120     1.7131     4.9328     4.6154     0.0379     0.2100     1.8120          3  0.000e+00
      98.66     0.0453          3   3.353759     -1.726     3.4198   28.25846  -88.75020    204.355    173.382  310.86781  311.61543 1.2986e-01 4.4399e+00   1211.165          1      88426     51.988     4.5382     4.5376     39.327   3684.375     1.8132     1.7131     4.9328     4.6154     0.0391     0.2088     1.8132          3  0.000e+00
      98.66     0.0453          3   3.353772      0.001     3.4198   28.25846  -88.75020    204.354    173.383  310.86675  311.61435 1.2986e-01 4.4400e+00   1211.165          1      88427     51.990     4.5384     4.5375     39.329   3684.417     1.8132     1.7131     4.9328     4.6154     0.0391     0.2088     1.8132          3  0.000e+00
      98.66     0.0463          3   3.353778      0.519     3.4198   28.25846  -88.75020    204.165    173.559  310.86732  311.61495 1.2949e-01 4.4399e+00   1211.187          1      88428     51.973     4.5382     4.5376     39.311   3684.458     1.8120     1.7143     4.9328     4.6142     0.0379     0.2088     1.8120          3  0.000e+00
      98.66     0.0453          3   3.353778     -0.517     3.4198   28.25846  -88.75020    204.164    173.382  310.86706  311.61468 1.2949e-01 4.4400e+00   1211.165          1      88429     51.976     4.5383     4.5377     39.314   3684.500     1.8120     1.7131     4.9328     4.6154     0.0379     0.2088     1.8120          3  0.000e+00
      98.66     0.0463          3   3.353759      1.210     3.4198   28.25846  -88.75020    204.166    173.383  310.86787  311.61549 1.2949e-01 4.4399e+00   1211.216          1      88430     51.990     4.5382     4.5375     39.329   3684.542     1.8120     1.7131     4.9328     4.6142     0.0379     0.2088     1.8120          3  0.000e+00
      98.66     0.0453          3   3.353797     -1.208     3.4198   28.25846  -88.75020    204.354    173.383  310.86678  311.61442 1.2986e-01 4.4399e+00   1211.165          1      88431     51.955     4.5382     4.5373     39.294   3684.583     1.8132     1.7131     4.9328     4.6154     0.0391     0.2088     1.8132          3  0.000e+00
      98.66     0.0463          3   3.353765      0.519     3.4198   28.25846  -88.75020    204.356    173.383  310.86766  311.61529 1.2986e-01 4.4399e+00   1211.187          1      88432     51.983     4.5382     4.5373     39.322   3684.625     1.8132     1.7131     4.9328     4.6142     0.0391     0.2088     1.8132          3  0.000e+00
      98.66     0.0463          3   3.353772     -0.517     3.4198   28.25846  -88.75020    204.354    173.382  310.86651  311.61411 1.2986e-01 4.4401e+00   1211.165          1      88433     51.994     4.5384     4.5376     39.333   3684.667     1.8132     1.7131     4.9328     4.6142     0.0391     0.2088     1.8132          3  0.000e+00
      98.66     0.0453          3   3.353803      1.210     3.4198   28.25846  -88.75020    204.356    173.383  310.86762  311.61529 1.2986e-01 4.4397e+00   1211.216          1      88434     51.935     4.5381     4.5376     39.273   3684.708     1.8132     1.7131     4.9328     4.6154     0.0391     0.2088     1.8132          3  0.000e+00
      98.66     0.0453          3   3.353784     -0.690     3.4198   28.25846  -88.75020    204.164    173.383  310.86643  311.61404 1.2986e-01 4.4400e+00   1211.187          1      88435     51.980     4.5384     4.5376     39.318   3684.750     1.8120     1.7131     4.9328     4.6154     0.0391     0.2088     1.8120          3  0.000e+00
      98.66     0.0453          3   3.353778      0.692     3.4198   28.25846  -88.75020    204.165    173.383  310.86664  311.61424 1.2986e-01 4.4400e+00   1211.216          1      88436     51.987     4.5384     4.5375     39.325   3684.792     1.8120     1.7131     4.9328     4.6154     0.0391     0.2088     1.8120          3  0.000e+00
      98.66     0.0453          3   3.353778     -1.208     3.4198   28.25846  -88.75020    204.355    173.382  310.86706  311.61468 1.2986e-01 4.4400e+00   1211.165          1      88437     51.976     4.5383     4.5376     39.314   3684.833     1.8132     1.7131     4.9328     4.6154     0.0391     0.2088     1.8132          3  0.000e+00
      98.66     0.0453          3   3.353803      1.210     3.4198   28.25846  -88.75020    204.356    173.383  310.86667  311.61430 1.3322e-01 4.4399e+00   1211.216          1      88438     51.952     4.5382     4.5376     39.290   3684.875     1.8132     1.7131     4.9328     4.6154     0.0501     0.2088     1.8132          3  0.000e+00
      98.66     0.0453          3   3.353765      0.519     3.4198   28.25846  -88.75020    204.356    173.561  310.86701  311.61460 1.3590e-01 4.4400e+00   1211.237          1      88439     51.999     4.5384     4.5375     39.337   3684.917     1.8132     1.7143     4.9328     4.6154     0.0586     0.2088     1.8132          3  0.000e+00
      98.66     0.0463          3   3.353772     -0.517     3.4198   28.25846  -88.75020    204.165    173.561  310.86753  311.61515 1.3513e-01 4.4399e+00   1211.216          1      88440     51.979     4.5382     4.5375     39.318   3684.958     1.8120     1.7143     4.9328     4.6142     0.0562     0.2088     1.8120          3  0.000e+00
      98.66     0.0463          3   3.353784      0.001     3.4198   28.25846  -88.75020    204.166    173.384  310.86790  311.61555 1.3060e-01 4.4398e+00   1211.216          1      88441     51.956     4.5381     4.5375     39.294   3685.000     1.8120     1.7131     4.9328     4.6142     0.0415     0.2088     1.8120          3  0.000e+00
      98.66     0.0463          3   3.353778      0.519     3.4198   28.25846  -88.75020    204.166    173.385  310.86738  311.61501 1.2912e-01 4.4399e+00   1211.238          1      88442     51.975     4.5382     4.5375     39.313   3685.042     1.8120     1.7131     4.9328     4.6142     0.0366     0.2088     1.8120          3  0.000e+00
      98.66     0.0453          3   3.353778      0.692     3.3893   28.25846  -88.75020    204.358    173.385  310.86837  311.61603 1.2949e-01 4.4397e+00   1211.266          1      88443     51.959     4.5381     4.5374     39.297   3685.083     1.8132     1.7131     4.9328     4.6154     0.0379     0.2076     1.8132          3  0.000e+00
      98.66     0.0453          3   3.353778     -1.208     3.4198   28.25846  -88.75020    204.165    173.384  310.86735  311.61498 1.2949e-01 4.4399e+00   1211.216          1      88444     51.974     4.5382     4.5375     39.312   3685.125     1.8120     1.7131     4.9328     4.6154     0.0379     0.2088     1.8120          3  0.000e+00
      98.66     0.0453          3   3.353778      1.210     3.4198   28.25846  -88.75020    204.167    173.385  310.86813  311.61578 1.2986e-01 4.4398e+00   1211.266          1      88445     51.963     4.5381     4.5373     39.301   3685.167     1.8120     1.7131     4.9328     4.6154     0.0391     0.2088     1.8120          3  0.000e+00
      98.66     0.0453          3   3.353778      0.691     3.4198   28.25846  -88.75020    204.168    173.563  310.86840  311.61606 1.2986e-01 4.4397e+00   1211.295          1      88446     51.960     4.5381     4.5373     39.298   3685.208     1.8120     1.7143     4.9328     4.6154     0.0391     0.2088     1.8120          3  0.000e+00
      98.66     0.0453          3   3.353759     -0.690     3.4198   28.25846  -88.75020    204.168    173.562  310.86888  311.61654 1.2986e-01 4.4397e+00   1211.267          1      88447     51.975     4.5381     4.5373     39.313   3685.250     1.8120     1.7143     4.9328     4.6154     0.0391     0.2088     1.8120          3  0.000e+00
