tests/data/CTD/g01l04s01.ros
* Sea-Bird SBE 9 Data File:
* FileName = D:\CTD DATA\2013\PE13-01 DiMarco\G01L04S01.hex
* Software Version Seasave V 7.21g
* Temperature SN = 4515
* Conductivity SN = 3079
* Number of Bytes Per Scan = 40
* Number of Voltage Words = 5
* Number of Scans Averaged by the Deck Unit = 1
* NMEA Latitude = 29 00.05 N
* NMEA Longitude = 088 30.00 W
* NMEA UTC (Time) = Jul 06 2012  05:41:26
* NMEA baud rate = 4800
# nquan = 31
# nvalues = 588                                   
# units = specified
# name 0 = altM: Altimeter [m]
# name 1 = bat: Beam Attenuation, Chelsea/Seatech [1/m]
# name 2 = bpos: Bottle Position in Carousel
# name 3 = c0S/m: Conductivity [S/m]
# name 4 = dz/dtM: Descent Rate [m/s]
# name 5 = wetCDOM: Fluorescence, WET Labs CDOM [mg/m^3]
# name 6 = latitude: Latitude [deg]
# name 7 = longitude: Longitude [deg]
# name 8 = sbeox0Mm/Kg: Oxygen, SBE 43 [umol/kg]
# name 9 = sbeox1Mm/Kg: Oxygen, SBE 43, 2 [umol/kg]
# name 10 = oxsolMm/Kg: Oxygen Saturation, Garcia & Gordon [umol/kg]
# name 11 = oxsatMm/Kg: Oxygen Saturation, Weiss [umol/kg]
# name 12 = par: PAR/Irradiance, Biospherical/Licor
# name 13 = pla: Plume Anomaly
# name 14 = prDM: Pressure, Digiquartz [db]
# name 15 = pumps: Pump Status
# name 16 = scan: Scan Count
# name 17 = sva: Specific Volume Anomaly [10^-8 * m^3/kg]
# name 18 = t090C: Temperature [ITS-90, deg C]
# name 19 = t190C: Temperature, 2 [ITS-90, deg C]
# name 20 = tsa: Thermosteric Anomaly [10^-8 * m^3/kg]
# name 21 = timeS: Time, Elapsed [seconds]
# name 22 = v0: Voltage 0
# name 23 = v1: Voltage 1
# name 24 = v2: Voltage 2
# name 25 = v3: Voltage 3
# name 26 = v4: Voltage 4
# name 27 = v5: Voltage 5
# name 28 = sbeox0V: Oxygen raw, SBE 43 [V]
# name 29 = nbf: Bottles Fired
# name 30 = flag:  0.000e+00
# interval = seconds: 0.0416667
# start_time = Jul 06 2012 05:41:26 [NMEA time, header]
# bad_flag = -9.990e-29
*END*
[from data line 515]
      98.58     0.0814         11   5.408499     -0.506     2.6261   29.01056  -88.49798    215.095    187.544  207.55976  207.05471 1.2233e-01 2.4256e+01     51.089          1      78775    337.674    24.2610    24.2700    335.848   3282.250     2.9219     2.7595     4.9292     4.5739     0.0134     0.1770     2.9219         11  0.000e+00
      98.56     0.0814         11   5.408622      0.507     2.6567   29.01056  -88.49798    215.094    187.437  207.55764  207.05260 1.2198e-01 2.4256e+01     51.110          1      78776    337.640    24.2613    24.2718    335.813   3282.292     2.9219     2.7582     4.9280     4.5739     0.0122     0.1783     2.9219         11  0.000e+00
      98.58     0.0814         11   5.408653      0.000     2.6567   29.01056  -88.49798    215.093    187.428  207.55733  207.05229 1.2198e-01 2.4256e+01     51.110          1      78777    337.623    24.2613    24.2736    335.796   3282.333     2.9219     2.7582     4.9292     4.5739     0.0122     0.1783     2.9219         11  0.000e+00
      98.58     0.0814         11   5.408984      0.000     2.6567   29.01056  -88.49798    215.085    187.420  207.54894  207.04388 1.2198e-01 2.4258e+01     51.110          1      78778    337.625    24.2634    24.2761    335.798   3282.375     2.9219     2.7582     4.9292     4.5739     0.0122     0.1783     2.9219         11  0.000e+00
      98.58     0.0804         11   5.409807     -0.506     2.6567   29.01056  -88.49798    215.171    187.317  207.52781  207.02271 1.2198e-01 2.4264e+01     51.089          1      78779    337.638    24.2687    24.2765    335.811   3282.417     2.9231     2.7570     4.9292     4.5751     0.0122     0.1783     2.9231         11  0.000e+00
      98.58     0.0804         11   5.410930      0.507     2.6567   29.01056  -88.49798    215.138    187.316  207.49524  206.99007 1.2198e-01 2.4272e+01     51.110          1      78780    337.795    24.2775    24.2773    335.967   3282.458     2.9231     2.7570     4.9292     4.5751     0.0122     0.1783     2.9231         11  0.000e+00
      98.56     0.0814         11   5.412031      0.000     2.6567   29.01056  -88.49798    215.105    187.407  207.46283  206.95757 1.2198e-01 2.4281e+01     51.110          1      78781    337.967    24.2864    24.2804    336.138   3282.500     2.9231     2.7582     4.9280     4.5739     0.0122     0.1783     2.9231         11  0.000e+00
      98.56     0.0814         11   5.412839      0.001     2.6567   29.01056  -88.49798    214.969    187.283  207.43695  206.93162 1.2198e-01 2.4289e+01     51.110          1      78782    338.168    24.2937    24.2881    336.340   3282.542     2.9219     2.7570     4.9280     4.5739     0.0122     0.1783     2.9219         11  0.000e+00
      98.58     0.0814         11   5.413354     -1.689     2.6567   29.01056  -88.49798    214.947    187.264  207.41740  206.91201 1.2198e-01 2.4295e+01     51.039          1      78783    338.402    24.2997    24.2943    336.577   3282.583     2.9219     2.7570     4.9292     4.5739     0.0122     0.1783     2.9219         11  0.000e+00
      98.58     0.0814         11   5.413739      1.689     2.6567   29.01056  -88.49798    215.044    187.268  207.40400  206.89856 1.2198e-01 2.4299e+01     51.110          1      78784    338.544    24.3037    24.2953    336.715   3282.625     2.9231     2.7570     4.9292     4.5739     0.0122     0.1783     2.9231         11  0.000e+00
      98.56     0.0814         11   5.413901     -1.182     2.6567   29.01056  -88.49798    215.037    187.292  207.39888  206.89343 1.2198e-01 2.4300e+01     51.061          1      78785    338.578    24.3051    24.2867    336.751   3282.667     2.9231     2.7570     4.9280     4.5739     0.0122     0.1783     2.9231         11  0.000e+00
      98.56     0.0804         11   5.413877      1.183     2.6872   29.01056  -88.49798    215.037    187.402  207.39766  206.89220 1.2198e-01 2.4301e+01     51.110          1      78786    338.648    24.3057    24.2831    336.819   3282.708     2.9231     2.7582     4.9280     4.5751     0.0122     0.1795     2.9231         11  0.000e+00
      98.58     0.0814         11   5.413777     -1.689     2.6567   29.01056  -88.49798    214.930    187.385  207.40012  206.89466 1.2233e-01 2.4300e+01     51.040          1      78787    338.644    24.3051    24.2878    336.818   3282.750     2.9219     2.7582     4.9292     4.5739     0.0134     0.1783     2.9219         11  0.000e+00
      98.56     0.0814         11   5.413092      0.507     2.6567   29.01056  -88.49798    214.949    187.375  207.41834  206.91292 1.2198e-01 2.4295e+01     51.061          1      78788    338.610    24.3004    24.2918    336.783   3282.792     2.9219     2.7582     4.9280     4.5739     0.0122     0.1783     2.9219         11  0.000e+00
      98.58     0.0804         11   5.412000      0.000     2.6567   29.01056  -88.49798    214.983    187.376  207.45152  206.94619 1.2233e-01 2.4286e+01     51.061          1      78789    338.402    24.2912    24.2923    336.576   3282.833     2.9219     2.7582     4.9292     4.5751     0.0134     0.1783     2.9219         11  0.000e+00
      98.56     0.0814         11   5.411238      0.000     2.6567   29.01056  -88.49798    214.899    187.383  207.47563  206.97037 1.2233e-01 2.4279e+01     51.061          1      78790    338.222    24.2844    24.2896    336.396   3282.875     2.9206     2.7582     4.9280     4.5739     0.0134     0.1783     2.9206         11  0.000e+00
      98.56     0.0814         11   5.410776     -0.506     2.6567   29.01056  -88.49798    215.024    187.373  207.49201  206.98680 1.2198e-01 2.4274e+01     51.040          1      78791    338.048    24.2795    24.2921    336.223   3282.917     2.9219     2.7582     4.9280     4.5739     0.0122     0.1783     2.9219         11  0.000e+00
      98.56     0.0825         11   5.410676      0.507     2.6567   29.01056  -88.49798    214.926    187.463  207.50171  206.99654 1.2198e-01 2.4271e+01     51.061          1      78792    337.789    24.2759    24.2979    335.963   3282.958     2.9206     2.7595     4.9280     4.5726     0.0122     0.1783     2.9206         11  0.000e+00
      98.56     0.0814         11   5.411284      0.000     2.6567   29.01056  -88.49798    214.910    187.474  207.48643  206.98123 1.2198e-01 2.4275e+01     51.061          1      78793    337.788    24.2797    24.2939    335.962   3283.000     2.9206     2.7595     4.9280     4.5739     0.0122     0.1783     2.9206         11  0.000e+00
      98.56     0.0814         11   5.412639      0.000     2.6567   29.01056  -88.49798    214.873    187.477  207.45057  206.94530 1.2198e-01 2.4284e+01     51.061          1      78794    337.852    24.2889    24.2925    336.026   3283.042     2.9206     2.7595     4.9280     4.5739     0.0122     0.1783     2.9206         11  0.000e+00
      98.56     0.0814         11   5.413531     -1.689     2.6567   29.01056  -88.49798    214.732    187.462  207.42052  206.91516 1.2198e-01 2.4293e+01     50.990          1      78795    338.123    24.2976    24.2961    336.299   3283.083     2.9194     2.7595     4.9280     4.5739     0.0122     0.1783     2.9194         11  0.000e+00
      98.56     0.0825         11   5.413693      1.690     2.6567   29.01056  -88.49798    214.728    187.444  207.41483  206.90946 1.2198e-01 2.4294e+01     51.061          1      78796    338.188    24.2993    24.3018    336.361   3283.125     2.9194     2.7595     4.9280     4.5726     0.0122     0.1783     2.9194         11  0.000e+00
      98.56     0.0814         11   5.413662     -1.182     2.6872   29.01056  -88.49798    214.831    187.431  207.41080  206.90540 1.2198e-01 2.4296e+01     51.012          1      78797    338.359    24.3011    24.3060    336.534   3283.167     2.9206     2.7595     4.9280     4.5739     0.0122     0.1795     2.9206         11  0.000e+00
      98.58     0.0814         11   5.413485      1.183     2.6567   29.01056  -88.49798    214.725    187.528  207.41219  206.90677 1.2233e-01 2.4296e+01     51.061          1      78798    338.474    24.3013    24.3083    336.647   3283.208     2.9194     2.7607     4.9292     4.5739     0.0134     0.1783     2.9194         11  0.000e+00
      98.58     0.3158         12   5.280322     -1.012     6.8081   29.01106  -88.49786    208.841    184.610  194.52745  194.03315 2.0618e-01 3.0307e+01      0.924          1      82666    898.847    30.2995    30.2380    899.017   3444.375     3.0232     2.8669     4.9292     4.3138     0.2381     0.3443     3.0232         12  0.000e+00
      98.58     0.3181         12   5.281343      1.181     6.8081   29.01106  -88.49786    208.838    184.707  194.52311  194.02881 2.0444e-01 3.0305e+01      0.973          1      82667    898.233    30.2979    30.2384    898.401   3444.417     3.0232     2.8681     4.9292     4.3114     0.2344     0.3443     3.0232         12  0.000e+00
      98.58     0.3181         12   5.282051     -1.350     6.8081   29.01106  -88.49786    208.852    184.714  194.53749  194.04304 2.0502e-01 3.0296e+01      0.917          1      82668    897.203    30.2891    30.2349    897.373   3444.458     3.0232     2.8681     4.9292     4.3114     0.2357     0.3443     3.0232         12  0.000e+00
      98.56     0.3181         12   5.281892      1.350     6.8081   29.01106  -88.49786    208.866    184.818  194.54879  194.05423 2.1696e-01 3.0292e+01      0.973          1      82669    896.938    30.2847    30.2322    897.106   3444.500     3.0232     2.8694     4.9280     4.3114     0.2601     0.3443     3.0232         12  0.000e+00
      98.58     0.3181         12   5.281076     -1.349     6.8081   29.01106  -88.49786    208.963    184.810  194.54660  194.05209 2.2382e-01 3.0296e+01      0.917          1      82670    897.622    30.2885    30.2360    897.792   3444.542     3.0244     2.8694     4.9292     4.3114     0.2735     0.3443     3.0244         12  0.000e+00
      98.56     0.3181         12   5.280193      0.169     6.8081   29.01106  -88.49786    208.956    184.793  194.53956  194.04514 2.2382e-01 3.0302e+01      0.924          1      82671    898.528    30.2947    30.2453    898.698   3444.583     3.0244     2.8694     4.9280     4.3114     0.2735     0.3443     3.0244         12  0.000e+00
      98.58     0.3181         12   5.279789      0.001     6.8081   29.01106  -88.49786    208.845    184.877  194.53043  194.03611 2.1635e-01 3.0307e+01      0.924          1      82672    899.146    30.3001    30.2518    899.315   3444.625     3.0232     2.8706     4.9292     4.3114     0.2589     0.3443     3.0232         12  0.000e+00
      98.58     0.3181         12   5.280353      1.013     6.8081   29.01106  -88.49786    208.955    184.971  194.53791  194.04350 2.1210e-01 3.0302e+01      0.966          1      82673    898.468    30.2949    30.2533    898.636   3444.667     3.0244     2.8718     4.9292     4.3114     0.2503     0.3443     3.0244         12  0.000e+00
      98.56     0.3192         12   5.281435     -1.012     6.8081   29.01106  -88.49786    208.879    184.969  194.56252  194.06784 2.1150e-01 3.0287e+01      0.924          1      82674    896.807    30.2803    30.2544    896.976   3444.708     3.0232     2.8718     4.9280     4.3101     0.2491     0.3443     3.0232         12  0.000e+00
      98.58     0.3181         12   5.282570      1.013     6.8081   29.01106  -88.49786    208.922    184.966  194.60131  194.10623 1.9761e-01 3.0266e+01      0.967          1      82675    894.622    30.2594    30.2564    894.790   3444.750     3.0232     2.8718     4.9292     4.3114     0.2198     0.3443     3.0232         12  0.000e+00
      98.58     0.3181         12   5.283264     -1.012     6.8081   29.01106  -88.49786    208.954    184.963  194.63202  194.13663 1.8673e-01 3.0251e+01      0.924          1      82676    893.041    30.2435    30.2578    893.211   3444.792     3.0232     2.8718     4.9292     4.3114     0.1954     0.3443     3.0232         12  0.000e+00
      98.58     0.3169         12   5.283416      1.182     6.8081   29.01106  -88.49786    208.954    185.158  194.63035  194.13497 1.8462e-01 3.0251e+01      0.974          1      82677    892.987    30.2437    30.2567    893.155   3444.833     3.0232     2.8742     4.9292     4.3126     0.1905     0.3443     3.0232         12  0.000e+00
      98.56     0.3181         12   5.283370     -1.350     6.8081   29.01106  -88.49786    208.933    185.164  194.61237  194.11716 1.9538e-01 3.0259e+01      0.917          1      82678    893.637    30.2517    30.2527    893.806   3444.875     3.0232     2.8742     4.9280     4.3114     0.2149     0.3443     3.0232         12  0.000e+00
      98.58     0.3181         12   5.283439      1.350     6.8081   29.01106  -88.49786    208.930    185.171  194.60840  194.11323 2.0735e-01 3.0260e+01      0.974          1      82679    893.725    30.2532    30.2497    893.893   3444.917     3.0232     2.8742     4.9292     4.3114     0.2405     0.3443     3.0232         12  0.000e+00
      98.56     0.3192         12   5.283499     -0.168     6.8081   29.01106  -88.49786    208.925    185.171  194.60363  194.10850 2.1031e-01 3.0262e+01      0.967          1      82680    893.843    30.2551    30.2492    894.011   3444.958     3.0232     2.8742     4.9280     4.3101     0.2466     0.3443     3.0232         12  0.000e+00
      98.56     0.3181         12   5.283423     -1.012     6.8081   29.01106  -88.49786    208.893    185.170  194.57521  194.08035 2.1574e-01 3.0275e+01      0.924          1      82681    894.875    30.2678    30.2496    895.045   3445.000     3.0232     2.8742     4.9280     4.3114     0.2576     0.3443     3.0232         12  0.000e+00
      98.58     0.3181         12   5.284048      1.013     6.8081   29.01106  -88.49786    208.870    185.270  194.55273  194.05807 2.2637e-01 3.0282e+01      0.967          1      82682    895.182    30.2754    30.2488    895.350   3445.042     3.0232     2.8755     4.9292     4.3114     0.2784     0.3443     3.0232         12  0.000e+00
      98.58     0.3181         12   5.285412     -1.012     6.8081   29.01106  -88.49786    208.871    185.270  194.55500  194.06027 2.2959e-01 3.0277e+01      0.924          1      82683    894.076    30.2697    30.2485    894.245   3445.083     3.0232     2.8755     4.9292     4.3114     0.2845     0.3443     3.0232         12  0.000e+00
      98.58     0.3169         12   5.286730      1.182     6.8081   29.01106  -88.49786    208.899    185.269  194.57902  194.08403 2.1881e-01 3.0262e+01      0.974          1      82684    892.260    30.2545    30.2499    892.428   3445.125     3.0232     2.8755     4.9292     4.3126     0.2637     0.3443     3.0232         12  0.000e+00
      98.58     0.3181         12   5.287363     -0.168     6.7775   29.01106  -88.49786    208.928    185.265  194.60677  194.11150 1.9318e-01 3.0247e+01      0.967          1      82685    890.828    30.2402    30.2522    890.996   3445.167     3.0232     2.8755     4.9292     4.3114     0.2100     0.3431     3.0232         12  0.000e+00
      98.58     0.3101         12   5.286707      0.169     6.8081   29.01106  -88.49786    208.931    185.262  194.60860  194.11333 1.8515e-01 3.0249e+01      0.974          1      82686    891.259    30.2417    30.2542    891.427   3445.208     3.0232     2.8755     4.9292     4.3199     0.1917     0.3443     3.0232         12  0.000e+00
      98.58     0.3056         12   5.285465     -0.168     6.8081   29.01106  -88.49786    208.912    185.266  194.59130  194.09623 1.8832e-01 3.0261e+01      0.967          1      82687    892.789    30.2536    30.2525    892.957   3445.250     3.0232     2.8755     4.9292     4.3248     0.1990     0.3443     3.0232         12  0.000e+00
