tests/data/CTD/g01l02s04m.ros
* Sea-Bird SBE 9 Data File:
* FileName = D:\CTD DATA\2013\PE13-01 DiMarco\G01L02S04M.hex
* Software Version Seasave V 7.21g
* Temperature SN = 4515
* Conductivity SN = 3079
* Number of Bytes Per Scan = 40
* Number of Voltage Words = 5
* Number of Scans Averaged by the Deck Unit = 1
* NMEA Latitude = 28 00.05 N
* NMEA Longitude = 089 00.62 W
* NMEA UTC (Time) = Jul 08 2012  22:04:02
* NMEA baud rate = 4800
# nquan = 31
# nvalues = 588                                   
# units = specified
# name 0 = altM: Altimeter [m]
# name 1 = bat: Beam Attenuation, Chelsea/Seatech [1/m]
# name 2 = bpos: Bottle Position in Carousel
# name 3 = c0S/m: Conductivity [S/m]
# name 4 = dz/dtM: Descent Rate [m/s]
# name 5 = wetCDOM: Fluorescence, WET Labs CDOM [mg/m^3]
# name 6 = latitude: Latitude [deg]
# name 7 = longitude: Longitude [deg]
# name 8 = sbeox0Mm/Kg: Oxygen, SBE 43 [umol/kg]
# name 9 = sbeox1Mm/Kg: Oxygen, SBE 43, 2 [umol/kg]
# name 10 = oxsolMm/Kg: Oxygen Saturation, Garcia & Gordon [umol/kg]
# name 11 = oxsatMm/Kg: Oxygen Saturation, Weiss [umol/kg]
# name 12 = par: PAR/Irradiance, Biospherical/Licor
# name 13 = pla: Plume Anomaly
# name 14 = prDM: Pressure, Digiquartz [db]
# name 15 = pumps: Pump Status
# name 16 = scan: Scan Count
# name 17 = sva: Specific Volume Anomaly [10^-8 * m^3/kg]
# name 18 = t090C: Temperature [ITS-90, deg C]
# name 19 = t190C: Temperature, 2 [ITS-90, deg C]
# name 20 = tsa: Thermosteric Anomaly [10^-8 * m^3/kg]
# name 21 = timeS: Time, Elapsed [seconds]
# name 22 = v0: Voltage 0
# name 23 = v1: Voltage 1
# name 24 = v2: Voltage 2
# name 25 = v3: Voltage 3
# name 26 = v4: Voltage 4
# name 27 = v5: Voltage 5
# name 28 = sbeox0V: Oxygen raw, SBE 43 [V]
# name 29 = nbf: Bottles Fired
# name 30 = flag:  0.000e+00
# interval = seconds: 0.0416667
# start_time = Jul 08 2012 22:04:02 [NMEA time, header]
# bad_flag = -9.990e-29
*END*
[from data line 562]
      98.56     0.1352         12   6.034228     -0.168     1.5883   28.00738  -89.01860    198.941    176.764  188.67856  188.21864 2.3762e+02 3.0225e+01      1.471          1      94518    529.673    30.2180    30.2124    529.814   3938.208     2.9780     2.8376     4.9280     4.5128     3.2967     0.1355     2.9780         12  0.000e+00
      98.56     0.1320         12   6.034252      0.169     1.6188   28.00738  -89.01860    198.843    176.762  188.67871  188.21879 2.3233e+02 3.0225e+01      1.478          1      94519    529.647    30.2178    30.2127    529.788   3938.250     2.9768     2.8376     4.9280     4.5165     3.2869     0.1368     2.9768         12  0.000e+00
      98.56     0.1320         12   6.034252      0.001     1.5883   28.00738  -89.01860    198.941    176.762  188.67871  188.21879 2.2845e+02 3.0225e+01      1.478          1      94520    529.647    30.2178    30.2139    529.788   3938.292     2.9780     2.8376     4.9280     4.5165     3.2796     0.1355     2.9780         12  0.000e+00
      98.56     0.1320         12   6.034179     -0.168     1.6188   28.00738  -89.01860    198.944    176.771  188.68121  188.22126 2.2845e+02 3.0224e+01      1.471          1      94521    529.601    30.2169    30.2105    529.742   3938.333     2.9780     2.8376     4.9280     4.5165     3.2796     0.1368     2.9780         12  0.000e+00
      98.56     0.1331         12   6.033889      0.169     1.5883   28.00738  -89.01860    198.854    176.782  188.68895  188.22894 2.1901e+02 3.0221e+01      1.478          1      94522    529.514    30.2142    30.2068    529.655   3938.375     2.9768     2.8376     4.9280     4.5153     3.2613     0.1355     2.9768         12  0.000e+00
      98.56     0.1320         12   6.033470     -0.168     1.6188   28.00738  -89.01860    198.865    176.793  188.69951  188.23940 2.1056e+02 3.0218e+01      1.471          1      94523    529.414    30.2107    30.2023    529.555   3938.417     2.9768     2.8376     4.9280     4.5165     3.2442     0.1368     2.9768         12  0.000e+00
      98.56     0.1320         12   6.033027      0.169     1.6493   28.00738  -89.01860    198.879    176.709  188.71301  188.25277 2.0879e+02 3.0213e+01      1.479          1      94524    529.211    30.2059    30.1982    529.352   3938.458     2.9768     2.8364     4.9280     4.5165     3.2405     0.1380     2.9768         12  0.000e+00
      98.56     0.1320         12   6.032552      0.001     1.6188   28.00738  -89.01860    198.893    176.715  188.72602  188.26566 2.0415e+02 3.0208e+01      1.479          1      94525    529.055    30.2014    30.1954    529.196   3938.500     2.9768     2.8364     4.9280     4.5165     3.2308     0.1368     2.9768         12  0.000e+00
      98.56     0.1309         12   6.032238     -0.168     1.6493   28.00738  -89.01860    198.902    176.626  188.73485  188.27441 1.9793e+02 3.0205e+01      1.472          1      94526    528.942    30.1983    30.1936    529.083   3938.542     2.9768     2.8352     4.9280     4.5177     3.2173     0.1380     2.9768         12  0.000e+00
      98.56     0.1320         12   6.032036      0.169     1.6188   28.00738  -89.01860    199.005    176.629  188.73894  188.27846 1.9627e+02 3.0204e+01      1.479          1      94527    528.936    30.1971    30.1924    529.077   3938.583     2.9780     2.8352     4.9280     4.5165     3.2137     0.1368     2.9780         12  0.000e+00
      98.56     0.1320         12   6.031424     -1.181     1.6188   28.00738  -89.01860    199.012    176.631  188.74649  188.28596 1.9682e+02 3.0203e+01      1.429          1      94528    529.118    30.1958    30.1910    529.261   3938.625     2.9780     2.8352     4.9280     4.5165     3.2149     0.1368     2.9780         12  0.000e+00
      98.56     0.1320         12   6.031206      1.013     1.6188   28.00738  -89.01860    199.114    176.542  188.74962  188.28906 1.9905e+02 3.0202e+01      1.472          1      94529    529.169    30.1952    30.1900    529.310   3938.667     2.9792     2.8339     4.9280     4.5165     3.2198     0.1368     2.9792         12  0.000e+00
      98.58     0.1320         12   6.031633     -1.012     1.6188   28.00738  -89.01860    199.111    176.543  188.74716  188.28661 1.9905e+02 3.0202e+01      1.430          1      94530    528.918    30.1947    30.1893    529.061   3938.708     2.9792     2.8339     4.9292     4.5165     3.2198     0.1368     2.9792         12  0.000e+00
      98.56     0.1320         12   6.031819      1.013     1.6188   28.00738  -89.01860    199.110    176.452  188.74569  188.28515 1.9849e+02 3.0202e+01      1.472          1      94531    528.831    30.1947    30.1889    528.972   3938.750     2.9792     2.8327     4.9280     4.5165     3.2186     0.1368     2.9792         12  0.000e+00
      98.58     0.1320         12   6.031762     -1.012     1.6188   28.00738  -89.01860    199.110    176.450  188.74688  188.28633 1.9682e+02 3.0201e+01      1.430          1      94532    528.824    30.1943    30.1891    528.966   3938.792     2.9792     2.8327     4.9292     4.5165     3.2149     0.1368     2.9792         12  0.000e+00
      98.56     0.1320         12   6.031665      0.001     1.6188   28.00738  -89.01860    199.112    176.358  188.74862  188.28805 1.9627e+02 3.0201e+01      1.430          1      94533    528.830    30.1939    30.1886    528.973   3938.833     2.9792     2.8315     4.9280     4.5165     3.2137     0.1368     2.9792         12  0.000e+00
      98.56     0.1320         12   6.031416     -0.168     1.6188   28.00738  -89.01860    199.116    176.355  188.75192  188.29132 1.9682e+02 3.0200e+01      1.423          1      94534    528.897    30.1932    30.1892    529.039   3938.875     2.9792     2.8315     4.9280     4.5165     3.2149     0.1368     2.9792         12  0.000e+00
      98.56     0.1320         12   6.031303     -1.181     1.6188   28.00738  -89.01860    199.115    176.349  188.75280  188.29220 2.0017e+02 3.0200e+01      1.373          1      94535    528.948    30.1932    30.1916    529.093   3938.917     2.9792     2.8315     4.9280     4.5165     3.2222     0.1368     2.9792         12  0.000e+00
      98.58     0.1320         12   6.031593      1.182     1.6188   28.00738  -89.01860    199.212    176.255  188.75037  188.28978 2.0130e+02 3.0200e+01      1.423          1      94536    528.816    30.1933    30.1922    528.959   3938.958     2.9805     2.8303     4.9292     4.5165     3.2247     0.1368     2.9805         12  0.000e+00
      98.56     0.1320         12   6.031649     -1.181     1.6493   28.00738  -89.01860    199.208    176.251  188.74777  188.28721 2.0243e+02 3.0201e+01      1.373          1      94537    528.875    30.1943    30.1934    529.020   3939.000     2.9805     2.8303     4.9280     4.5165     3.2271     0.1380     2.9805         12  0.000e+00
      98.56     0.1255         12   6.031786      0.001     1.6188   28.00738  -89.01860    199.106    176.242  188.74358  188.28306 2.0938e+02 3.0203e+01      1.373          1      94538    528.939    30.1958    30.1970    529.084   3939.042     2.9792     2.8303     4.9280     4.5238     3.2418     0.1368     2.9792         12  0.000e+00
      98.56     0.1169         12   6.031980      0.001     1.6188   28.00738  -89.01860    199.200    176.144  188.73997  188.27948 2.1354e+02 3.0204e+01      1.374          1      94539    528.931    30.1968    30.1993    529.076   3939.083     2.9805     2.8291     4.9280     4.5336     3.2503     0.1368     2.9805         12  0.000e+00
      98.56     0.1147         12   6.032036      0.001     1.6188   28.00738  -89.01860    199.199    176.139  188.73856  188.27808 2.1475e+02 3.0204e+01      1.374          1      94540    528.944    30.1973    30.2011    529.089   3939.125     2.9805     2.8291     4.9280     4.5360     3.2527     0.1368     2.9805         12  0.000e+00
      98.58     0.1147         12   6.032036      0.001     1.6188   28.00738  -89.01860    199.198    176.138  188.73815  188.27768 2.2025e+02 3.0204e+01      1.374          1      94541    528.962    30.1975    30.2021    529.107   3939.167     2.9805     2.8291     4.9292     4.5360     3.2637     0.1368     2.9805         12  0.000e+00
      98.56     0.1147         12   6.032141     -1.181     1.6188   28.00738  -89.01860    199.294    176.143  188.73709  188.27663 2.2526e+02 3.0205e+01      1.324          1      94542    528.916    30.1976    30.1994    529.063   3939.208     2.9817     2.8291     4.9280     4.5360     3.2735     0.1368     2.9817         12  0.000e+00
      98.56     0.1158         12   6.032213      0.001     1.6188   28.00738  -89.01860    199.193    176.152  188.73403  188.27360 2.2589e+02 3.0206e+01      1.324          1      94543    528.985    30.1988    30.1963    529.132   3939.250     2.9805     2.8291     4.9280     4.5348     3.2747     0.1368     2.9805         12  0.000e+00
