tests/data/CTD/g01l04s06.ros
* Sea-Bird SBE 9 Data File:
* FileName = D:\CTD DATA\2013\PE13-01 DiMarco\G01L04S06.hex
* Software Version Seasave V 7.21g
* Temperature SN = 4515
* Conductivity SN = 3079
* Number of Bytes Per Scan = 40
* Number of Voltage Words = 5
* Number of Scans Averaged by the Deck Unit = 1
* NMEA Latitude = 27 45.07 N
* NMEA Longitude = 088 30.01 W
* NMEA UTC (Time) = Jul 10 2012  07:33:42
* NMEA baud rate = 4800
# nquan = 31
# nvalues = 588                                   
# units = specified
# name 0 = altM: Altimeter [m]
# name 1 = bat: Beam Attenuation, Chelsea/Seatech [1/m]
# name 2 = bpos: Bottle Position in Carousel
# name 3 = c0S/m: Conductivity [S/m]
# name 4 = dz/dtM: Descent Rate [m/s]
# name 5 = wetCDOM: Fluorescence, WET Labs CDOM [mg/m^3]
# name 6 = latitude: Latitude [deg]
# name 7 = longitude: Longitude [deg]
# name 8 = sbeox0Mm/Kg: Oxygen, SBE 43 [umol/kg]
# name 9 = sbeox1Mm/Kg: Oxygen, SBE 43, 2 [umol/kg]
# name 10 = oxsolMm/Kg: Oxygen Saturation, Garcia & Gordon [umol/kg]
# name 11 = oxsatMm/Kg: Oxygen Saturation, Weiss [umol/kg]
# name 12 = par: PAR/Irradiance, Biospherical/Licor
# name 13 = pla: Plume Anomaly
# name 14 = prDM: Pressure, Digiquartz [db]
# name 15 = pumps: Pump Status
# name 16 = scan: Scan Count
# name 17 = sva: Specific Volume Anomaly [10^-8 * m^3/kg]
# name 18 = t090C: Temperature [ITS-90, deg C]
# name 19 = t190C: Temperature, 2 [ITS-90, deg C]
# name 20 = tsa: Thermosteric Anomaly [10^-8 * m^3/kg]
# name 21 = timeS: Time, Elapsed [seconds]
# name 22 = v0: Voltage 0
# name 23 = v1: Voltage 1
# name 24 = v2: Voltage 2
# name 25 = v3: Voltage 3
# name 26 = v4: Voltage 4
# name 27 = v5: Voltage 5
# name 28 = sbeox0V: Oxygen raw, SBE 43 [V]
# name 29 = nbf: Bottles Fired
# name 30 = flag:  0.000e+00
# interval = seconds: 0.0416667
# start_time = Jul 10 2012 07:33:42 [NMEA time, header]
# bad_flag = -9.990e-29
*END*
[from data line 188]
      98.66     0.0569          4   3.348013     -1.215    -1.8000   27.77178  -88.48556    215.155    182.127  312.46113  313.23936 1.1856e-01 4.1960e+00   1514.949          1     124781     51.193     4.3202     4.3191     36.124   5199.167     1.8217     1.7179     4.9328     4.6020     0.0000     0.0000     1.8217          4  0.000e+00
      98.66     0.0580          4   3.348026      0.001    -1.8000   27.77178  -88.48556    214.955    182.128  312.46175  313.24002 1.1856e-01 4.1958e+00   1514.949          1     124782     51.165     4.3200     4.3190     36.096   5199.208     1.8205     1.7179     4.9328     4.6007     0.0000     0.0000     1.8205          4  0.000e+00
      98.66     0.0580          4   3.348013      0.001    -1.8000   27.77178  -88.48556    214.956    182.127  312.46210  313.24036 1.1856e-01 4.1958e+00   1514.949          1     124783     51.175     4.3200     4.3191     36.107   5199.250     1.8205     1.7179     4.9328     4.6007     0.0000     0.0000     1.8205          4  0.000e+00
      98.66     0.0580          4   3.348007      1.217    -1.8000   27.77178  -88.48556    214.957    181.945  312.46233  313.24059 1.1856e-01 4.1958e+00   1515.000          1     124784     51.183     4.3200     4.3189     36.115   5199.292     1.8205     1.7167     4.9328     4.6007     0.0000     0.0000     1.8205          4  0.000e+00
      98.66     0.0569          4   3.348007     -0.694    -1.8000   27.77178  -88.48556    214.956    181.944  312.46230  313.24055 1.1856e-01 4.1958e+00   1514.971          1     124785     51.182     4.3200     4.3188     36.114   5199.333     1.8205     1.7167     4.9328     4.6020     0.0000     0.0000     1.8205          4  0.000e+00
      98.66     0.0580          4   3.348007     -0.520    -1.8000   27.77178  -88.48556    214.956    182.127  312.46300  313.24128 1.1856e-01 4.1957e+00   1514.950          1     124786     51.168     4.3199     4.3191     36.100   5199.375     1.8205     1.7179     4.9328     4.6007     0.0000     0.0000     1.8205          4  0.000e+00
      98.68     0.0580          4   3.347988      1.216    -1.8000   27.77178  -88.48556    215.158    182.129  312.46358  313.24185 1.1856e-01 4.1957e+00   1515.000          1     124787     51.186     4.3199     4.3190     36.118   5199.417     1.8217     1.7179     4.9341     4.6007     0.0000     0.0000     1.8217          4  0.000e+00
      98.66     0.0580          4   3.348001     -1.215    -1.8000   27.77178  -88.48556    215.156    181.943  312.46245  313.24070 1.1856e-01 4.1958e+00   1514.950          1     124788     51.186     4.3200     4.3189     36.118   5199.458     1.8217     1.7167     4.9328     4.6007     0.0000     0.0000     1.8217          4  0.000e+00
      98.66     0.0548          5   3.349661      2.423    -1.8000   27.77338  -88.48444    208.226    176.367  311.59660  312.35821 1.1856e-01 4.3313e+00   1314.619          1     134841     51.274     4.4382     4.4371     37.826   5618.333     1.8168     1.7143     4.9328     4.6044     0.0000     0.0000     1.8168          5  0.000e+00
      98.66     0.0548          5   3.349680     -1.037    -1.8000   27.77338  -88.48444    208.224    176.365  311.59604  312.35765 1.1856e-01 4.3313e+00   1314.576          1     134842     51.256     4.4382     4.4371     37.807   5618.375     1.8168     1.7143     4.9328     4.6044     0.0000     0.0000     1.8168          5  0.000e+00
      98.66     0.0548          5   3.349636      1.212    -1.8000   27.77338  -88.48444    208.227    176.366  311.59730  312.35890 1.1856e-01 4.3313e+00   1314.627          1     134843     51.296     4.4382     4.4371     37.848   5618.417     1.8168     1.7143     4.9328     4.6044     0.0000     0.0000     1.8168          5  0.000e+00
      98.66     0.0548          5   3.349674     -0.172    -1.8000   27.77338  -88.48444    208.226    176.366  311.59626  312.35787 1.1856e-01 4.3313e+00   1314.620          1     134844     51.263     4.4382     4.4372     37.815   5618.458     1.8168     1.7143     4.9328     4.6044     0.0000     0.0000     1.8168          5  0.000e+00
      98.66     0.0548          5   3.349661      0.174    -1.8000   27.77338  -88.48444    208.420    176.366  311.59661  312.35822 1.1856e-01 4.3313e+00   1314.627          1     134845     51.274     4.4382     4.4371     37.826   5618.500     1.8181     1.7143     4.9328     4.6044     0.0000     0.0000     1.8181          5  0.000e+00
      98.66     0.0559          5   3.349661     -1.383    -1.8000   27.77338  -88.48444    207.837    176.365  311.59655  312.35815 1.1856e-01 4.3313e+00   1314.569          1     134846     51.272     4.4382     4.4372     37.824   5618.542     1.8144     1.7143     4.9328     4.6032     0.0000     0.0000     1.8144          5  0.000e+00
      98.66     0.0537          5   3.349642      2.596    -1.8000   27.77338  -88.48444    208.229    176.368  311.59815  312.35978 1.1856e-01 4.3311e+00   1314.677          1     134847     51.276     4.4380     4.4371     37.827   5618.583     1.8168     1.7143     4.9328     4.6056     0.0000     0.0000     1.8168          5  0.000e+00
      98.66     0.0537          5   3.349623     -1.210    -1.8000   27.77338  -88.48444    208.227    176.366  311.59861  312.36023 1.1856e-01 4.3311e+00   1314.627          1     134848     51.290     4.4380     4.4372     37.842   5618.625     1.8168     1.7143     4.9328     4.6056     0.0000     0.0000     1.8168          5  0.000e+00
      98.66     0.0559          5   3.349604     -0.172    -1.8000   27.77338  -88.48444    208.034    176.366  311.59984  312.36148 1.1856e-01 4.3310e+00   1314.620          1     134849     51.293     4.4378     4.4371     37.846   5618.667     1.8156     1.7143     4.9328     4.6032     0.0000     0.0000     1.8156          5  0.000e+00
      98.66     0.0548          5   3.349642      1.385    -1.8000   27.77338  -88.48444    208.230    176.366  311.59959  312.36127 1.1856e-01 4.3308e+00   1314.677          1     134850     51.250     4.4377     4.4374     37.802   5618.708     1.8168     1.7143     4.9328     4.6044     0.0000     0.0000     1.8168          5  0.000e+00
      98.66     0.0559          5   3.349636     -1.383    -1.8000   27.77338  -88.48444    208.034    176.366  311.59994  312.36163 1.1856e-01 4.3308e+00   1314.620          1     134851     51.248     4.4376     4.4371     37.801   5618.750     1.8156     1.7143     4.9328     4.6032     0.0000     0.0000     1.8156          5  0.000e+00
      98.66     0.0548          5   3.349648      1.385    -1.8000   27.77338  -88.48444    208.229    176.367  311.59870  312.36036 1.1856e-01 4.3310e+00   1314.677          1     134852     51.257     4.4378     4.4371     37.809   5618.792     1.8168     1.7143     4.9328     4.6044     0.0000     0.0000     1.8168          5  0.000e+00
      98.66     0.0548          5   3.349617      0.001    -1.8000   27.77338  -88.48444    208.035    176.547  311.59884  312.36046 1.1856e-01 4.3311e+00   1314.678          1     134853     51.297     4.4380     4.4372     37.849   5618.833     1.8156     1.7155     4.9328     4.6044     0.0000     0.0000     1.8156          5  0.000e+00
      98.66     0.0559          5   3.349591      1.212    -1.8000   27.77338  -88.48444    208.037    176.370  311.60031  312.36195 1.1856e-01 4.3310e+00   1314.728          1     134854     51.308     4.4378     4.4369     37.861   5618.875     1.8156     1.7143     4.9328     4.6032     0.0000     0.0000     1.8156          5  0.000e+00
      98.66     0.0559          5   3.349648     -1.210    -1.8000   27.77338  -88.48444    208.229    176.369  311.59870  312.36036 1.1856e-01 4.3310e+00   1314.678          1     134855     51.257     4.4378     4.4369     37.809   5618.917     1.8168     1.7143     4.9328     4.6032     0.0000     0.0000     1.8168          5  0.000e+00
      98.66     0.0548          5   3.349629      0.001    -1.8000   27.77338  -88.48444    208.035    176.368  311.59922  312.36087 1.1856e-01 4.3310e+00   1314.678          1     134856     51.274     4.4378     4.4370     37.826   5618.958     1.8156     1.7143     4.9328     4.6044     0.0000     0.0000     1.8156          5  0.000e+00
      98.66     0.0548          5   3.349629      0.001    -1.8000   27.77338  -88.48444    208.229    176.548  311.59849  312.36012 1.1856e-01 4.3311e+00   1314.678          1     134857     51.287     4.4380     4.4369     37.838   5619.000     1.8168     1.7155     4.9328     4.6044     0.0000     0.0000     1.8168          5  0.000e+00
      98.66     0.0548          5   3.349623      0.001    -1.8000   27.77338  -88.48444    208.423    176.369  311.59939  312.36104 1.1856e-01 4.3310e+00   1314.678          1     134858     51.279     4.4378     4.4369     37.831   5619.042     1.8181     1.7143     4.9328     4.6044     0.0000     0.0000     1.8181          5  0.000e+00
      98.68     0.0548          5   3.349655      0.001    -1.8000   27.77338  -88.48444    208.034    176.369  311.59780  312.35944 1.1856e-01 4.3311e+00   1314.678          1     134859     51.265     4.4380     4.4369     37.816   5619.083     1.8156     1.7143     4.9341     4.6044     0.0000     0.0000     1.8156          5  0.000e+00
      98.66     0.0548          5   3.349629      0.001    -1.8000   27.77338  -88.48444    208.228    176.368  311.59753  312.35913 1.1856e-01 4.3313e+00   1314.678          1     134860     51.304     4.4382     4.4369     37.856   5619.125     1.8168     1.7143     4.9328     4.6044     0.0000     0.0000     1.8168          5  0.000e+00
      98.66     0.0548          5   3.349655      1.212    -1.8000   27.77338  -88.48444    208.036    176.550  311.59786  312.35950 1.1856e-01 4.3311e+00   1314.728          1     134861     51.267     4.4380     4.4366     37.818   5619.167     1.8156     1.7155     4.9328     4.6044     0.0000     0.0000     1.8156          5  0.000e+00
      98.66     0.0548          5   3.349642      0.174    -1.8000   27.77338  -88.48444    208.230    176.371  311.59822  312.35985 1.1856e-01 4.3311e+00   1314.735          1     134862     51.278     4.4380     4.4367     37.829   5619.208     1.8168     1.7143     4.9328     4.6044     0.0000     0.0000     1.8168          5  0.000e+00
      98.66     0.0548          5   3.349623     -1.383    -1.8000   27.77338  -88.48444    208.034    176.370  311.59771  312.35930 1.1856e-01 4.3313e+00   1314.678          1     134863     51.309     4.4382     4.4367     37.861   5619.250     1.8156     1.7143     4.9328     4.6044     0.0000     0.0000     1.8156          5  0.000e+00
      98.66     0.0548          5   3.349629      0.001    -1.8000   27.77338  -88.48444    208.228    176.368  311.59753  312.35913 1.1856e-01 4.3313e+00   1314.678          1     134864     51.304     4.4382     4.4369     37.856   5619.292     1.8168     1.7143     4.9328     4.6044     0.0000     0.0000     1.8168          5  0.000e+00
      98.66     0.0548          5   3.349648      0.001    -1.8000   27.77338  -88.48444    208.035    176.549  311.59798  312.35961 1.1856e-01 4.3311e+00   1314.678          1     134865     51.270     4.4380     4.4367     37.822   5619.333     1.8156     1.7155     4.9328     4.6044     0.0000     0.0000     1.8156          5  0.000e+00
      98.66     0.0548          5   3.349661      1.212    -1.8000   27.77338  -88.48444    208.229    176.369  311.59673  312.35833 1.1856e-01 4.3313e+00   1314.728          1     134866     51.279     4.4382     4.4371     37.830   5619.375     1.8168     1.7143     4.9328     4.6044     0.0000     0.0000     1.8168          5  0.000e+00
      98.66     0.0548          5   3.349629     -1.210    -1.8000   27.77338  -88.48444    208.228    176.369  311.59753  312.35913 1.1856e-01 4.3313e+00   1314.678          1     134867     51.304     4.4382     4.4367     37.856   5619.417     1.8168     1.7143     4.9328     4.6044     0.0000     0.0000     1.8168          5  0.000e+00
      98.66     0.0548          5   3.349604      0.001    -1.8000   27.77338  -88.48444    208.035    176.368  311.59918  312.36080 1.1856e-01 4.3311e+00   1314.678          1     134868     51.308     4.4380     4.4371     37.861   5619.458     1.8156     1.7143     4.9328     4.6044     0.0000     0.0000     1.8156          5  0.000e+00
      98.66     0.0548          5   3.349661      0.001    -1.8000   27.77338  -88.48444    208.421    176.369  311.59595  312.35753 1.1856e-01 4.3314e+00   1314.678          1     134869     51.290     4.4383     4.4367     37.841   5619.500     1.8181     1.7143     4.9328     4.6044     0.0000     0.0000     1.8181          5  0.000e+00
      98.66     0.0559          5   3.349648      0.001    -1.8000   27.77338  -88.48444    208.228    176.547  311.59798  312.35961 1.1856e-01 4.3311e+00   1314.678          1     134870     51.270     4.4380     4.4371     37.822   5619.542     1.8168     1.7155     4.9328     4.6032     0.0000     0.0000     1.8168          5  0.000e+00
      98.66     0.0559          5   3.349649      1.212    -1.8000   27.77338  -88.48444    208.229    176.369  311.59707  312.35867 1.1856e-01 4.3313e+00   1314.729          1     134871     51.290     4.4382     4.4371     37.841   5619.583     1.8168     1.7143     4.9328     4.6032     0.0000     0.0000     1.8168          5  0.000e+00
      98.66     0.0559          5   3.349636     -1.210    -1.8000   27.77338  -88.48444    208.035    176.368  311.59928  312.36095 1.1856e-01 4.3309e+00   1314.678          1     134872     51.264     4.4378     4.4372     37.816   5619.625     1.8156     1.7143     4.9328     4.6032     0.0000     0.0000     1.8156          5  0.000e+00
      98.66     0.0559          5   3.349623      1.212    -1.8000   27.77338  -88.48444    208.037    176.370  311.59945  312.36109 1.1856e-01 4.3310e+00   1314.729          1     134873     51.281     4.4378     4.4369     37.833   5619.667     1.8156     1.7143     4.9328     4.6032     0.0000     0.0000     1.8156          5  0.000e+00
      98.66     0.0559          5   3.349604     -1.210    -1.8000   27.77338  -88.48444    208.230    176.548  311.59991  312.36155 1.1856e-01 4.3310e+00   1314.678          1     134874     51.295     4.4378     4.4369     37.848   5619.708     1.8168     1.7155     4.9328     4.6032     0.0000     0.0000     1.8168          5  0.000e+00
      98.66     0.0548          5   3.349623      0.001    -1.8000   27.77338  -88.48444    208.230    176.548  311.60011  312.36178 1.1856e-01 4.3308e+00   1314.678          1     134875     51.266     4.4377     4.4367     37.818   5619.750     1.8168     1.7155     4.9328     4.6044     0.0000     0.0000     1.8168          5  0.000e+00
      98.66     0.0548          5   3.349623      1.212    -1.8000   27.77338  -88.48444    208.425    176.550  311.60017  312.36184 1.1856e-01 4.3308e+00   1314.729          1     134876     51.268     4.4377     4.4366     37.820   5619.792     1.8181     1.7155     4.9328     4.6044     0.0000     0.0000     1.8181          5  0.000e+00
      98.66     0.0548          5   3.349604      0.174    -1.8000   27.77338  -88.48444    208.038    176.550  311.60069  312.36236 1.1856e-01 4.3308e+00   1314.736          1     134877     51.285     4.4377     4.4369     37.837   5619.833     1.8156     1.7155     4.9328     4.6044     0.0000     0.0000     1.8156          5  0.000e+00
