tests/data/CTD/g01l06s04.ros
* Sea-Bird SBE 9 Data File:
* FileName = D:\CTD DATA\2013\PE13-01 DiMarco\G01L06S04.hex
* Software Version Seasave V 7.21g
* Temperature SN = 4515
* Conductivity SN = 3079
* Number of Bytes Per Scan = 40
* Number of Voltage Words = 5
* Number of Scans Averaged by the Deck Unit = 1
* NMEA Latitude = 27 59.99 N
* NMEA Longitude = 087 59.97 W
* NMEA UTC (Time) = Jul 09 2012  13:15:48
* NMEA baud rate = 4800
# nquan = 31
# nvalues = 588                                   
# units = specified
# name 0 = altM: Altimeter [m]
# name 1 = bat: Beam Attenuation, Chelsea/Seatech [1/m]
# name 2 = bpos: Bottle Position in Carousel
# name 3 = c0S/m: Conductivity [S/m]
# name 4 = dz/dtM: Descent Rate [m/s]
# name 5 = wetCDOM: Fluorescence, WET Labs CDOM [mg/m^3]
# name 6 = latitude: Latitude [deg]
# name 7 = longitude: Longitude [deg]
# name 8 = sbeox0Mm/Kg: Oxygen, SBE 43 [umol/kg]
# name 9 = sbeox1Mm/Kg: Oxygen, SBE 43, 2 [umol/kg]
# name 10 = oxsolMm/Kg: Oxygen Saturation, Garcia & Gordon [umol/kg]
# name 11 = oxsatMm/Kg: Oxygen Saturation, Weiss [umol/kg]
# name 12 = par: PAR/Irradiance, Biospherical/Licor
# name 13 = pla: Plume Anomaly
# name 14 = prDM: Pressure, Digiquartz [db]
# name 15 = pumps: Pump Status
# name 16 = scan: Scan Count
# name 17 = sva: Specific Volume Anomaly [10^-8 * m^3/kg]
# name 18 = t090C: Temperature [ITS-90, deg C]
# name 19 = t190C: Temperature, 2 [ITS-90, deg C]
# name 20 = tsa: Thermosteric Anomaly [10^-8 * m^3/kg]
# name 21 = timeS: Time, Elapsed [seconds]
# name 22 = v0: Voltage 0
# name 23 = v1: Voltage 1
# name 24 = v2: Voltage 2
# name 25 = v3: Voltage 3
# name 26 = v4: Voltage 4
# name 27 = v5: Voltage 5
# name 28 = sbeox0V: Oxygen raw, SBE 43 [V]
# name 29 = nbf: Bottles Fired
# name 30 = flag:  0.000e+00
# interval = seconds: 0.0416667
# start_time = Jul 09 2012 13:15:48 [NMEA time, header]
# bad_flag = -9.990e-29
*END*
[from data line 188]
      98.66     0.0357          4   3.351821      0.001    -1.8000   28.00204  -87.98694    212.735    180.086  312.13547  312.90744 1.1856e-01 4.2398e+00   1515.673          1     122618     51.972     4.3645     4.3635     36.759   5109.042     1.8083     1.7057     4.9328     4.6264     0.0000     0.0000     1.8083          4  0.000e+00
      98.66     0.0357          4   3.351802      0.001    -1.8000   28.00204  -87.98694    212.736    180.271  312.13599  312.90795 1.1856e-01 4.2398e+00   1515.673          1     122619     51.988     4.3645     4.3634     36.776   5109.083     1.8083     1.7070     4.9328     4.6264     0.0000     0.0000     1.8083          4  0.000e+00
      98.66     0.0357          4   3.351840      1.390    -1.8000   28.00204  -87.98694    212.737    180.087  312.13526  312.90724 1.1856e-01 4.2397e+00   1515.731          1     122620     51.954     4.3645     4.3636     36.740   5109.125     1.8083     1.7057     4.9328     4.6264     0.0000     0.0000     1.8083          4  0.000e+00
      98.66     0.0357          4   3.351833     -1.388    -1.8000   28.00204  -87.98694    212.736    180.086  312.13585  312.90784 1.1856e-01 4.2396e+00   1515.673          1     122621     51.948     4.3644     4.3634     36.735   5109.167     1.8083     1.7057     4.9328     4.6264     0.0000     0.0000     1.8083          4  0.000e+00
      98.66     0.0357          4   3.351821      0.001    -1.8000   28.00204  -87.98694    212.935    180.086  312.13620  312.90819 1.1856e-01 4.2396e+00   1515.673          1     122622     51.959     4.3644     4.3635     36.746   5109.208     1.8095     1.7057     4.9328     4.6264     0.0000     0.0000     1.8095          4  0.000e+00
      98.66     0.0357          4   3.351802      1.390    -1.8000   28.00204  -87.98694    212.937    180.088  312.13702  312.90901 1.1856e-01 4.2396e+00   1515.731          1     122623     51.973     4.3643     4.3633     36.761   5109.250     1.8095     1.7057     4.9328     4.6264     0.0000     0.0000     1.8095          4  0.000e+00
      98.66     0.0347          4   3.351840      0.522    -1.8000   28.00204  -87.98694    212.937    179.904  312.13577  312.90776 1.1856e-01 4.2396e+00   1515.753          1     122624     51.946     4.3644     4.3634     36.732   5109.292     1.8095     1.7045     4.9328     4.6276     0.0000     0.0000     1.8095          4  0.000e+00
      98.66     0.0357          4   3.351833     -1.910    -1.8000   28.00204  -87.98694    212.935    180.086  312.13585  312.90784 1.1856e-01 4.2396e+00   1515.673          1     122625     51.948     4.3644     4.3635     36.735   5109.333     1.8095     1.7057     4.9328     4.6264     0.0000     0.0000     1.8095          4  0.000e+00
      98.66     0.0379          5   3.362657      3.800    -1.8000   28.00214  -87.98588    198.502    168.343  310.11788  310.85132 1.1856e-01 4.5417e+00   1211.680          1     132446     53.666     4.6410     4.6425     40.743   5518.542     1.7790     1.6813     4.9328     4.6239     0.0000     0.0000     1.7790          5  0.000e+00
      98.66     0.0379          5   3.362631     -1.899    -1.8000   28.00214  -87.98588    198.502    168.518  310.12085  310.85436 1.1856e-01 4.5413e+00   1211.601          1     132447     53.640     4.6406     4.6421     40.720   5518.583     1.7790     1.6825     4.9328     4.6239     0.0000     0.0000     1.7790          5  0.000e+00
      98.68     0.0368          5   3.362708     -0.690    -1.8000   28.00214  -87.98588    198.688    168.517  310.11568  310.84911 1.1856e-01 4.5419e+00   1211.572          1     132448     53.630     4.6412     4.6422     40.708   5518.625     1.7802     1.6825     4.9341     4.6252     0.0000     0.0000     1.7802          5  0.000e+00
      98.66     0.0368          5   3.362828      0.001    -1.8000   28.00214  -87.98588    198.680    168.343  310.10364  310.83682 1.1856e-01 4.5437e+00   1211.572          1     132449     53.687     4.6430     4.6418     40.761   5518.667     1.7802     1.6813     4.9328     4.6252     0.0000     0.0000     1.7802          5  0.000e+00
      98.68     0.0368          5   3.362955     -1.208    -1.8000   28.00214  -87.98588    198.674    168.341  310.09707  310.83020 1.1856e-01 4.5443e+00   1211.522          1     132450     53.632     4.6436     4.6421     40.704   5518.708     1.7802     1.6813     4.9341     4.6252     0.0000     0.0000     1.7802          5  0.000e+00
      98.66     0.0379          5   3.362936      1.210    -1.8000   28.00214  -87.98588    198.675    168.518  310.09693  310.83002 1.1856e-01 4.5444e+00   1211.572          1     132451     53.664     4.6437     4.6419     40.735   5518.750     1.7802     1.6825     4.9328     4.6239     0.0000     0.0000     1.7802          5  0.000e+00
      98.68     0.0368          5   3.362974     -0.690    -1.8000   28.00214  -87.98588    198.673    168.517  310.09492  310.82799 1.1856e-01 4.5446e+00   1211.544          1     132452     53.647     4.6439     4.6422     40.718   5518.792     1.7802     1.6825     4.9341     4.6252     0.0000     0.0000     1.7802          5  0.000e+00
      98.66     0.0368          5   3.363013      0.692    -1.8000   28.00214  -87.98588    198.674    168.518  310.09488  310.82800 1.1856e-01 4.5444e+00   1211.573          1     132453     53.599     4.6437     4.6419     40.669   5518.833     1.7802     1.6825     4.9328     4.6252     0.0000     0.0000     1.7802          5  0.000e+00
      98.66     0.0379          5   3.362943     -1.208    -1.8000   28.00214  -87.98588    198.676    168.517  310.09979  310.83299 1.1856e-01 4.5438e+00   1211.522          1     132454     53.600     4.6431     4.6421     40.672   5518.875     1.7802     1.6825     4.9328     4.6239     0.0000     0.0000     1.7802          5  0.000e+00
      98.68     0.0368          5   3.362828      0.001    -1.8000   28.00214  -87.98588    198.681    168.514  310.10691  310.84020 1.1856e-01 4.5430e+00   1211.522          1     132455     53.624     4.6423     4.6425     40.699   5518.917     1.7802     1.6825     4.9341     4.6252     0.0000     0.0000     1.7802          5  0.000e+00
      98.66     0.0379          5   3.362777     -0.690    -1.8000   28.00214  -87.98588    198.682    168.509  310.10967  310.84299 1.1856e-01 4.5427e+00   1211.493          1     132456     53.640     4.6420     4.6435     40.717   5518.958     1.7802     1.6825     4.9328     4.6239     0.0000     0.0000     1.7802          5  0.000e+00
      98.66     0.0379          5   3.362771      1.900    -1.8000   28.00214  -87.98588    198.685    168.510  310.11159  310.84497 1.1856e-01 4.5424e+00   1211.573          1     132457     53.619     4.6417     4.6437     40.695   5519.000     1.7802     1.6825     4.9328     4.6239     0.0000     0.0000     1.7802          5  0.000e+00
      98.66     0.0379          5   3.362746     -1.208    -1.8000   28.00214  -87.98588    198.685    168.506  310.11317  310.84657 1.1856e-01 4.5422e+00   1211.522          1     132458     53.621     4.6415     4.6444     40.699   5519.042     1.7802     1.6825     4.9328     4.6239     0.0000     0.0000     1.7802          5  0.000e+00
      98.66     0.0379          5   3.362758      1.210    -1.8000   28.00214  -87.98588    198.686    168.503  310.11265  310.84604 1.1856e-01 4.5422e+00   1211.573          1     132459     53.617     4.6415     4.6454     40.694   5519.083     1.7802     1.6825     4.9328     4.6239     0.0000     0.0000     1.7802          5  0.000e+00
      98.66     0.0379          5   3.362790     -1.899    -1.8000   28.00214  -87.98588    198.681    168.500  310.10861  310.84192 1.1856e-01 4.5429e+00   1211.494          1     132460     53.642     4.6421     4.6459     40.719   5519.125     1.7802     1.6825     4.9328     4.6239     0.0000     0.0000     1.7802          5  0.000e+00
      98.66     0.0368          5   3.362803      0.692    -1.8000   28.00214  -87.98588    198.681    168.325  310.10759  310.84088 1.1856e-01 4.5430e+00   1211.522          1     132461     53.646     4.6423     4.6457     40.721   5519.167     1.7802     1.6813     4.9328     4.6252     0.0000     0.0000     1.7802          5  0.000e+00
      98.66     0.0379          5   3.362841      0.001    -1.8000   28.00214  -87.98588    198.681    168.504  310.10728  310.84060 1.1856e-01 4.5428e+00   1211.522          1     132462     53.600     4.6421     4.6451     40.675   5519.208     1.7802     1.6825     4.9328     4.6239     0.0000     0.0000     1.7802          5  0.000e+00
      98.68     0.0368          5   3.362841      0.001    -1.8000   28.00214  -87.98588    198.681    168.503  310.10728  310.84060 1.1856e-01 4.5428e+00   1211.522          1     132463     53.600     4.6421     4.6449     40.675   5519.250     1.7802     1.6825     4.9341     4.6252     0.0000     0.0000     1.7802          5  0.000e+00
      98.66     0.0368          5   3.362784      1.210    -1.8000   28.00214  -87.98588    198.684    168.505  310.10887  310.84218 1.1856e-01 4.5428e+00   1211.573          1     132464     53.651     4.6421     4.6451     40.727   5519.292     1.7802     1.6825     4.9328     4.6252     0.0000     0.0000     1.7802          5  0.000e+00
      98.66     0.0368          5   3.362771     -1.899    -1.8000   28.00214  -87.98588    198.683    168.508  310.11079  310.84414 1.1856e-01 4.5425e+00   1211.494          1     132465     53.628     4.6418     4.6440     40.705   5519.333     1.7802     1.6825     4.9328     4.6252     0.0000     0.0000     1.7802          5  0.000e+00
      98.66     0.0368          5   3.362771      1.901    -1.8000   28.00214  -87.98588    198.684    168.515  310.10993  310.84325 1.1856e-01 4.5427e+00   1211.573          1     132466     53.649     4.6420     4.6428     40.725   5519.375     1.7802     1.6825     4.9328     4.6252     0.0000     0.0000     1.7802          5  0.000e+00
      98.66     0.0368          5   3.362790     -1.208    -1.8000   28.00214  -87.98588    198.682    168.519  310.10865  310.84195 1.1856e-01 4.5429e+00   1211.523          1     132467     53.644     4.6421     4.6418     40.720   5519.417     1.7802     1.6825     4.9328     4.6252     0.0000     0.0000     1.7802          5  0.000e+00
      98.66     0.0368          5   3.362803      1.209    -1.8000   28.00214  -87.98588    198.683    168.523  310.10836  310.84167 1.1856e-01 4.5428e+00   1211.573          1     132468     53.635     4.6421     4.6409     40.711   5519.458     1.7802     1.6825     4.9328     4.6252     0.0000     0.0000     1.7802          5  0.000e+00
      98.66     0.0368          5   3.362777     -0.690    -1.8000   28.00214  -87.98588    198.873    168.346  310.10901  310.84231 1.1856e-01 4.5428e+00   1211.544          1     132469     53.656     4.6421     4.6409     40.732   5519.500     1.7814     1.6813     4.9328     4.6252     0.0000     0.0000     1.7814          5  0.000e+00
      98.66     0.0368          5   3.362816      0.692    -1.8000   28.00214  -87.98588    198.683    168.347  310.10802  310.84133 1.1856e-01 4.5428e+00   1211.573          1     132470     53.624     4.6421     4.6409     40.699   5519.542     1.7802     1.6813     4.9328     4.6252     0.0000     0.0000     1.7802          5  0.000e+00
      98.66     0.0368          5   3.362809      1.382    -1.8000   28.00214  -87.98588    198.685    168.348  310.10826  310.84157 1.1856e-01 4.5428e+00   1211.631          1     132471     53.633     4.6421     4.6411     40.707   5519.583     1.7802     1.6813     4.9328     4.6252     0.0000     0.0000     1.7802          5  0.000e+00
      98.66     0.0368          5   3.362803     -1.381    -1.8000   28.00214  -87.98588    198.493    168.523  310.10907  310.84241 1.1856e-01 4.5427e+00   1211.573          1     132472     53.622     4.6420     4.6409     40.698   5519.625     1.7790     1.6825     4.9328     4.6252     0.0000     0.0000     1.7790          5  0.000e+00
      98.66     0.0368          5   3.362784      0.692    -1.8000   28.00214  -87.98588    198.495    168.524  310.11057  310.84393 1.1856e-01 4.5425e+00   1211.602          1     132473     53.623     4.6418     4.6409     40.698   5519.667     1.7790     1.6825     4.9328     4.6252     0.0000     0.0000     1.7790          5  0.000e+00
      98.66     0.0357          5   3.362771     -0.690    -1.8000   28.00214  -87.98588    198.685    168.523  310.11088  310.84423 1.1856e-01 4.5425e+00   1211.573          1     132474     53.632     4.6418     4.6409     40.708   5519.708     1.7802     1.6825     4.9328     4.6264     0.0000     0.0000     1.7802          5  0.000e+00
      98.66     0.0368          5   3.362790      1.382    -1.8000   28.00214  -87.98588    198.496    168.525  310.11115  310.84453 1.1856e-01 4.5424e+00   1211.631          1     132475     53.606     4.6417     4.6406     40.681   5519.750     1.7790     1.6825     4.9328     4.6252     0.0000     0.0000     1.7790          5  0.000e+00
      98.66     0.0368          5   3.362752      1.210    -1.8000   28.00214  -87.98588    198.498    168.528  310.11151  310.84486 1.1856e-01 4.5425e+00   1211.681          1     132476     53.653     4.6418     4.6403     40.729   5519.792     1.7790     1.6825     4.9328     4.6252     0.0000     0.0000     1.7790          5  0.000e+00
      98.66     0.0368          5   3.362809     -1.208    -1.8000   28.00214  -87.98588    198.686    168.527  310.10992  310.84329 1.1856e-01 4.5425e+00   1211.631          1     132477     53.602     4.6418     4.6403     40.677   5519.833     1.7802     1.6825     4.9328     4.6252     0.0000     0.0000     1.7802          5  0.000e+00
      98.68     0.0357          5   3.362835      1.900    -1.8000   28.00214  -87.98588    198.686    168.529  310.10766  310.84098 1.1856e-01 4.5428e+00   1211.710          1     132478     53.615     4.6421     4.6401     40.688   5519.875     1.7802     1.6825     4.9341     4.6264     0.0000     0.0000     1.7802          5  0.000e+00
      98.66     0.0368          5   3.362835     -1.899    -1.8000   28.00214  -87.98588    198.685    168.526  310.10829  310.84163 1.1856e-01 4.5427e+00   1211.631          1     132479     53.598     4.6420     4.6403     40.672   5519.917     1.7802     1.6825     4.9328     4.6252     0.0000     0.0000     1.7802          5  0.000e+00
      98.66     0.0368          5   3.362854      1.210    -1.8000   28.00214  -87.98588    198.684    168.525  310.10569  310.83897 1.1856e-01 4.5431e+00   1211.681          1     132480     53.623     4.6424     4.6409     40.696   5519.958     1.7802     1.6825     4.9328     4.6252     0.0000     0.0000     1.7802          5  0.000e+00
      98.68     0.0368          5   3.362816      1.382    -1.8000   28.00214  -87.98588    198.686    168.525  310.10654  310.83980 1.1856e-01 4.5432e+00   1211.739          1     132481     53.662     4.6425     4.6413     40.735   5520.000     1.7802     1.6825     4.9341     4.6252     0.0000     0.0000     1.7802          5  0.000e+00
      98.68     0.0357          5   3.362892      0.519    -1.8000   28.00214  -87.98588    198.684    168.525  310.10309  310.83632 1.1856e-01 4.5434e+00   1211.761          1     132482     53.624     4.6428     4.6414     40.695   5520.042     1.7802     1.6825     4.9341     4.6264     0.0000     0.0000     1.7802          5  0.000e+00
