tests/data/CTD/g01l03s02.ros
* Sea-Bird SBE 9 Data File:
* FileName = D:\CTD DATA\2013\PE13-01 DiMarco\G01L03S02.hex
* Software Version Seasave V 7.21g
* Temperature SN = 4515
* Conductivity SN = 3079
* Number of Bytes Per Scan = 40
* Number of Voltage Words = 5
* Number of Scans Averaged by the Deck Unit = 1
* NMEA Latitude = 28 30.02 N
* NMEA Longitude = 088 45.03 W
* NMEA UTC (Time) = Jul 08 2012  00:20:26
* NMEA baud rate = 4800
# nquan = 31
# nvalues = 588                                   
# units = specified
# name 0 = altM: Altimeter [m]
# name 1 = bat: Beam Attenuation, Chelsea/Seatech [1/m]
# name 2 = bpos: Bottle Position in Carousel
# name 3 = c0S/m: Conductivity [S/m]
# name 4 = dz/dtM: Descent Rate [m/s]
# name 5 = wetCDOM: Fluorescence, WET Labs CDOM [mg/m^3]
# name 6 = latitude: Latitude [deg]
# name 7 = longitude: Longitude [deg]
# name 8 = sbeox0Mm/Kg: Oxygen, SBE 43 [umol/kg]
# name 9 = sbeox1Mm/Kg: Oxygen, SBE 43, 2 [umol/kg]
# name 10 = oxsolMm/Kg: Oxygen Saturation, Garcia & Gordon [umol/kg]
# name 11 = oxsatMm/Kg: Oxygen Saturation, Weiss [umol/kg]
# name 12 = par: PAR/Irradiance, Biospherical/Licor
# name 13 = pla: Plume Anomaly
# name 14 = prDM: Pressure, Digiquartz [db]
# name 15 = pumps: Pump Status
# name 16 = scan: Scan Count
# name 17 = sva: Specific Volume Anomaly [10^-8 * m^3/kg]
# name 18 = t090C: Temperature [ITS-90, deg C]
# name 19 = t190C: Temperature, 2 [ITS-90, deg C]
# name 20 = tsa: Thermosteric Anomaly [10^-8 * m^3/kg]
# name 21 = timeS: Time, Elapsed [seconds]
# name 22 = v0: Voltage 0
# name 23 = v1: Voltage 1
# name 24 = v2: Voltage 2
# name 25 = v3: Voltage 3
# name 26 = v4: Voltage 4
# name 27 = v5: Voltage 5
# name 28 = sbeox0V: Oxygen raw, SBE 43 [V]
# name 29 = nbf: Bottles Fired
# name 30 = flag:  0.000e+00
# interval = seconds: 0.0416667
# start_time = Jul 08 2012 00:20:26 [NMEA time, header]
# bad_flag = -9.990e-29
*END*
[from data line 47]
       4.88     0.1050          1   3.340962      0.692     3.4808   28.50460  -88.75412    213.011    180.474  312.22328  312.99691 1.3360e-01 4.2497e+00   1281.423          1      53036     49.497     4.3527     4.3523     36.605   2209.792     1.8498     1.7448     0.2442     4.5470     0.0513     0.2112     1.8498          1  0.000e+00
       4.88     0.1050          1   3.340975      0.001     3.4808   28.50460  -88.75412    213.009    180.474  312.22028  312.99382 1.3322e-01 4.2502e+00   1281.423          1      53037     49.534     4.3533     4.3525     36.641   2209.833     1.8498     1.7448     0.2442     4.5470     0.0501     0.2112     1.8498          1  0.000e+00
      98.63     0.0601          2   3.343222      0.691     3.3893   28.50496  -88.75450    210.362    178.373  311.76904  312.53388 1.3172e-01 4.3177e+00   1211.181          1      58508     49.910     4.4149     4.4136     37.555   2437.792     1.8474     1.7436     4.9316     4.5983     0.0452     0.2076     1.8474          2  0.000e+00
      98.66     0.0601          2   3.343253      1.382     3.3893   28.50496  -88.75450    210.362    178.373  311.76800  312.53284 1.3172e-01 4.3177e+00   1211.239          1      58509     49.890     4.4150     4.4138     37.534   2437.833     1.8474     1.7436     4.9328     4.5983     0.0452     0.2076     1.8474          2  0.000e+00
      98.66     0.0601          2   3.343247     -2.071     3.3893   28.50496  -88.75450    210.361    178.372  311.76880  312.53366 1.3172e-01 4.3176e+00   1211.152          1      58510     49.878     4.4148     4.4136     37.523   2437.875     1.8474     1.7436     4.9328     4.5983     0.0452     0.2076     1.8474          2  0.000e+00
      98.66     0.0612          2   3.343266      0.691     3.3587   28.50496  -88.75450    210.169    178.371  311.76759  312.53244 1.3172e-01 4.3177e+00   1211.181          1      58511     49.876     4.4150     4.4141     37.520   2437.917     1.8462     1.7436     4.9328     4.5971     0.0452     0.2063     1.8462          2  0.000e+00
      98.66     0.0612          2   3.343266      0.001     3.3893   28.50496  -88.75450    210.170    178.371  311.76927  312.53418 1.3172e-01 4.3174e+00   1211.181          1      58512     49.846     4.4146     4.4139     37.490   2437.958     1.8462     1.7436     4.9328     4.5971     0.0452     0.2076     1.8462          2  0.000e+00
      98.66     0.0612          2   3.343228      1.382     3.3893   28.50496  -88.75450    210.173    178.371  311.77038  312.53527 1.3134e-01 4.3174e+00   1211.239          1      58513     49.881     4.4146     4.4142     37.526   2438.000     1.8462     1.7436     4.9328     4.5971     0.0440     0.2076     1.8462          2  0.000e+00
      98.63     0.0601          2   3.343234     -0.690     3.3587   28.50496  -88.75450    210.363    178.370  311.77017  312.53506 1.3172e-01 4.3174e+00   1211.210          1      58514     49.874     4.4146     4.4142     37.519   2438.042     1.8474     1.7436     4.9316     4.5983     0.0452     0.2063     1.8474          2  0.000e+00
      98.66     0.0601          2   3.343215     -0.690     3.3893   28.50496  -88.75450    210.363    178.193  311.77138  312.53629 1.3209e-01 4.3173e+00   1211.181          1      58515     49.876     4.4145     4.4141     37.522   2438.083     1.8474     1.7424     4.9328     4.5983     0.0464     0.2076     1.8474          2  0.000e+00
      98.66     0.0591          2   3.343234      0.001     3.3893   28.50496  -88.75450    210.364    178.192  311.77254  312.53752 1.3172e-01 4.3169e+00   1211.181          1      58516     49.830     4.4142     4.4144     37.475   2438.125     1.8474     1.7424     4.9328     4.5995     0.0452     0.2076     1.8474          2  0.000e+00
      98.63     0.0601          2   3.343222     -0.690     3.3587   28.50496  -88.75450    210.172    178.368  311.77189  312.53683 1.3134e-01 4.3171e+00   1211.153          1      58517     49.856     4.4144     4.4143     37.502   2438.167     1.8462     1.7436     4.9316     4.5983     0.0440     0.2063     1.8462          2  0.000e+00
      98.66     0.0591          2   3.343196      0.691     3.3893   28.50496  -88.75450    210.365    178.370  311.77358  312.53854 1.3172e-01 4.3169e+00   1211.182          1      58518     49.862     4.4142     4.4142     37.508   2438.208     1.8474     1.7436     4.9328     4.5995     0.0452     0.2076     1.8474          2  0.000e+00
      98.66     0.0591          2   3.343177      0.001     3.3893   28.50496  -88.75450    210.364    178.370  311.77265  312.53756 1.3172e-01 4.3172e+00   1211.182          1      58519     49.904     4.4145     4.4142     37.551   2438.250     1.8474     1.7436     4.9328     4.5995     0.0452     0.2076     1.8474          2  0.000e+00
      98.66     0.0601          2   3.343184      0.000     3.3893   28.50496  -88.75450    210.173    178.371  311.77296  312.53789 1.3172e-01 4.3171e+00   1211.182          1      58520     49.890     4.4144     4.4140     37.537   2438.292     1.8462     1.7436     4.9328     4.5983     0.0452     0.2076     1.8462          2  0.000e+00
      98.66     0.0591          2   3.343209     -0.690     3.3893   28.50496  -88.75450    210.173    178.371  311.77320  312.53817 1.3172e-01 4.3169e+00   1211.153          1      58521     49.850     4.4142     4.4138     37.496   2438.333     1.8462     1.7436     4.9328     4.5995     0.0452     0.2076     1.8462          2  0.000e+00
      98.66     0.0591          2   3.343184      0.691     3.3893   28.50496  -88.75450    210.174    178.371  311.77392  312.53888 1.3172e-01 4.3169e+00   1211.182          1      58522     49.873     4.4142     4.4138     37.520   2438.375     1.8462     1.7436     4.9328     4.5995     0.0452     0.2076     1.8462          2  0.000e+00
      98.66     0.0591          2   3.343203      0.001     3.3893   28.50496  -88.75450    210.365    178.370  311.77413  312.53912 1.3172e-01 4.3168e+00   1211.182          1      58523     49.844     4.4140     4.4142     37.490   2438.417     1.8474     1.7436     4.9328     4.5995     0.0452     0.2076     1.8474          2  0.000e+00
      98.66     0.0601          2   3.343171     -0.690     3.4198   28.50496  -88.75450    210.173    178.369  311.77424  312.53919 1.3134e-01 4.3169e+00   1211.153          1      58524     49.883     4.4142     4.4142     37.530   2438.458     1.8462     1.7436     4.9328     4.5983     0.0440     0.2088     1.8462          2  0.000e+00
      98.63     0.0601          2   3.343171      0.691     3.4198   28.50496  -88.75450    210.366    178.370  311.77523  312.54022 1.3172e-01 4.3167e+00   1211.182          1      58525     49.867     4.4140     4.4141     37.514   2438.500     1.8474     1.7436     4.9316     4.5983     0.0452     0.2088     1.8474          2  0.000e+00
      98.66     0.0601          2   3.343158     -1.208     3.4198   28.50496  -88.75450    210.366    178.192  311.77696  312.54200 1.3172e-01 4.3164e+00   1211.131          1      58526     49.849     4.4137     4.4141     37.497   2438.542     1.8474     1.7424     4.9328     4.5983     0.0452     0.2088     1.8474          2  0.000e+00
      98.63     0.0591          2   3.343158      1.900     3.3893   28.50496  -88.75450    210.368    178.372  311.77609  312.54109 1.3134e-01 4.3166e+00   1211.211          1      58527     49.870     4.4139     4.4138     37.517   2438.583     1.8474     1.7436     4.9316     4.5995     0.0440     0.2076     1.8474          2  0.000e+00
      98.66     0.0601          2   3.343107     -1.899     3.4198   28.50496  -88.75450    210.176    178.193  311.77907  312.54411 1.3172e-01 4.3163e+00   1211.131          1      58528     49.880     4.4135     4.4139     37.529   2438.625     1.8462     1.7424     4.9328     4.5983     0.0452     0.2088     1.8462          2  0.000e+00
      98.66     0.0591          2   3.343133      1.209     3.4198   28.50496  -88.75450    210.369    178.194  311.77916  312.54423 1.3172e-01 4.3162e+00   1211.182          1      58529     49.847     4.4134     4.4139     37.495   2438.667     1.8474     1.7424     4.9328     4.5995     0.0452     0.2088     1.8474          2  0.000e+00
      98.63     0.0591          2   3.343152      0.001     3.3893   28.50496  -88.75450    210.177    178.195  311.77864  312.54372 1.3172e-01 4.3162e+00   1211.182          1      58530     49.831     4.4134     4.4138     37.479   2438.708     1.8462     1.7424     4.9316     4.5995     0.0452     0.2076     1.8462          2  0.000e+00
      98.66     0.0601          2   3.343158     -0.690     3.4198   28.50496  -88.75450    210.177    178.371  311.77867  312.54376 1.3209e-01 4.3161e+00   1211.153          1      58531     49.820     4.4133     4.4137     37.468   2438.750     1.8462     1.7436     4.9328     4.5983     0.0464     0.2088     1.8462          2  0.000e+00
      98.66     0.0591          2   3.343196     -0.518     3.4198   28.50496  -88.75450    210.173    178.371  311.77497  312.53998 1.3172e-01 4.3166e+00   1211.132          1      58532     49.834     4.4139     4.4138     37.481   2438.792     1.8462     1.7436     4.9328     4.5995     0.0452     0.2088     1.8462          2  0.000e+00
      98.66     0.0601          2   3.343209      0.001     3.4198   28.50496  -88.75450    210.364    178.372  311.77390  312.53889 1.3172e-01 4.3168e+00   1211.132          1      58533     49.836     4.4140     4.4135     37.483   2438.833     1.8474     1.7436     4.9328     4.5983     0.0452     0.2088     1.8474          2  0.000e+00
      98.66     0.0612          2   3.343260      0.519     3.4198   28.50496  -88.75450    210.362    178.373  311.77013  312.53506 1.3172e-01 4.3173e+00   1211.153          1      58534     49.837     4.4145     4.4135     37.482   2438.875     1.8474     1.7436     4.9328     4.5971     0.0452     0.2088     1.8474          2  0.000e+00
      98.66     0.0612          2   3.343266      0.691     3.4198   28.50496  -88.75450    210.362    178.372  311.77000  312.53493 1.3172e-01 4.3173e+00   1211.182          1      58535     49.833     4.4145     4.4136     37.477   2438.917     1.8474     1.7436     4.9328     4.5971     0.0452     0.2088     1.8474          2  0.000e+00
      98.66     0.0612          2   3.343272     -1.208     3.4198   28.50496  -88.75450    210.169    178.193  311.76904  312.53395 1.3172e-01 4.3174e+00   1211.132          1      58536     49.838     4.4146     4.4139     37.483   2438.958     1.8462     1.7424     4.9328     4.5971     0.0452     0.2088     1.8462          2  0.000e+00
      98.66     0.0622          2   3.343209      1.209     3.4198   28.50496  -88.75450    210.173    178.193  311.77323  312.53820 1.3172e-01 4.3169e+00   1211.182          1      58537     49.851     4.4142     4.4141     37.497   2439.000     1.8462     1.7424     4.9328     4.5958     0.0452     0.2088     1.8462          2  0.000e+00
      98.66     0.0622          2   3.343190     -1.899     3.4198   28.50496  -88.75450    210.363    178.191  311.77438  312.53937 1.3172e-01 4.3168e+00   1211.103          1      58538     49.851     4.4140     4.4142     37.498   2439.042     1.8474     1.7424     4.9328     4.5958     0.0452     0.2088     1.8474          2  0.000e+00
      98.66     0.0612          2   3.343152      0.691     3.4198   28.50496  -88.75450    210.366    178.190  311.77714  312.54217 1.3172e-01 4.3164e+00   1211.132          1      58539     49.855     4.4137     4.4146     37.503   2439.083     1.8474     1.7424     4.9328     4.5971     0.0452     0.2088     1.8474          2  0.000e+00
      98.63     0.0622          2   3.343152      0.001     3.4198   28.50496  -88.75450    210.175    178.190  311.77786  312.54292 1.3134e-01 4.3163e+00   1211.132          1      58540     49.842     4.4135     4.4146     37.490   2439.125     1.8462     1.7424     4.9316     4.5958     0.0440     0.2088     1.8462          2  0.000e+00
      98.66     0.0612          2   3.343158      0.519     3.4198   28.50496  -88.75450    210.175    178.190  311.77603  312.54103 1.3172e-01 4.3166e+00   1211.153          1      58541     49.867     4.4139     4.4147     37.515   2439.167     1.8462     1.7424     4.9328     4.5971     0.0452     0.2088     1.8462          2  0.000e+00
      98.66     0.0612          2   3.343196     -0.518     3.4198   28.50496  -88.75450    210.174    178.191  311.77593  312.54098 1.3172e-01 4.3164e+00   1211.132          1      58542     49.817     4.4137     4.4143     37.464   2439.208     1.8462     1.7424     4.9328     4.5971     0.0452     0.2088     1.8462          2  0.000e+00
      98.66     0.0622          2   3.343145      0.001     3.4198   28.50496  -88.75450    210.175    178.191  311.77731  312.54234 1.3172e-01 4.3164e+00   1211.132          1      58543     49.860     4.4137     4.4144     37.508   2439.250     1.8462     1.7424     4.9328     4.5958     0.0452     0.2088     1.8462          2  0.000e+00
      98.66     0.0612          2   3.343126      0.519     3.4198   28.50496  -88.75450    210.176    178.369  311.77785  312.54288 1.3209e-01 4.3164e+00   1211.153          1      58544     49.877     4.4137     4.4141     37.526   2439.292     1.8462     1.7436     4.9328     4.5971     0.0464     0.2088     1.8462          2  0.000e+00
      98.66     0.0622          2   3.343139     -0.517     3.4198   28.50496  -88.75450    210.175    178.368  311.77748  312.54251 1.3172e-01 4.3164e+00   1211.132          1      58545     49.865     4.4137     4.4144     37.514   2439.333     1.8462     1.7436     4.9328     4.5958     0.0452     0.2088     1.8462          2  0.000e+00
      98.66     0.0612          2   3.343177      0.001     3.4198   28.50496  -88.75450    210.366    178.368  311.77645  312.54149 1.3134e-01 4.3164e+00   1211.132          1      58546     49.833     4.4137     4.4143     37.480   2439.375     1.8474     1.7436     4.9328     4.5971     0.0440     0.2088     1.8474          2  0.000e+00
      98.66     0.0622          2   3.343164      0.001     3.4198   28.50496  -88.75450    210.175    178.367  311.77679  312.54183 1.3172e-01 4.3164e+00   1211.132          1      58547     49.844     4.4137     4.4146     37.492   2439.417     1.8462     1.7436     4.9328     4.5958     0.0452     0.2088     1.8462          2  0.000e+00
      98.66     0.0612          2   3.343158      0.519     3.4198   28.50496  -88.75450    210.367    178.367  311.77699  312.54202 1.3172e-01 4.3164e+00   1211.154          1      58548     49.850     4.4137     4.4147     37.498   2439.458     1.8474     1.7436     4.9328     4.5971     0.0452     0.2088     1.8474          2  0.000e+00
      98.66     0.0622          2   3.343120     -0.517     3.3893   28.50496  -88.75450    210.367    178.368  311.77800  312.54302 1.3172e-01 4.3164e+00   1211.132          1      58549     49.882     4.4137     4.4143     37.530   2439.500     1.8474     1.7436     4.9328     4.5958     0.0452     0.2076     1.8474          2  0.000e+00
      98.66     0.0622          2   3.343120      0.000     3.4503   28.50496  -88.75450    210.367    178.368  311.77872  312.54377 1.3209e-01 4.3163e+00   1211.132          1      58550     49.869     4.4135     4.4144     37.518   2439.542     1.8474     1.7436     4.9328     4.5958     0.0464     0.2100     1.8474          2  0.000e+00
      98.63     0.0622          2   3.343171      0.519     3.4808   28.50496  -88.75450    210.176    178.367  311.77737  312.54243 1.3172e-01 4.3163e+00   1211.154          1      58551     49.826     4.4135     4.4146     37.474   2439.583     1.8462     1.7436     4.9316     4.5958     0.0452     0.2112     1.8462          2  0.000e+00
