tests/data/CTD/g01l01s02.ros
* Sea-Bird SBE 9 Data File:
* FileName = D:\CTD DATA\2013\PE13-01 DiMarco\G01L01S02.hex
* Software Version Seasave V 7.21g
* Temperature SN = 4515
* Conductivity SN = 3079
* Number of Bytes Per Scan = 40
* Number of Voltage Words = 5
* Number of Scans Averaged by the Deck Unit = 1
* NMEA Latitude = 28 00.00 N
* NMEA Longitude = 089 15.03 W
* NMEA UTC (Time) = Jul 10 2012  23:05:44
* NMEA baud rate = 4800
# nquan = 31
# nvalues = 588                                   
# units = specified
# name 0 = altM: Altimeter [m]
# name 1 = bat: Beam Attenuation, Chelsea/Seatech [1/m]
# name 2 = bpos: Bottle Position in Carousel
# name 3 = c0S/m: Conductivity [S/m]
# name 4 = dz/dtM: Descent Rate [m/s]
# name 5 = wetCDOM: Fluorescence, WET Labs CDOM [mg/m^3]
# name 6 = latitude: Latitude [deg]
# name 7 = longitude: Longitude [deg]
# name 8 = sbeox0Mm/Kg: Oxygen, SBE 43 [umol/kg]
# name 9 = sbeox1Mm/Kg: Oxygen, SBE 43, 2 [umol/kg]
# name 10 = oxsolMm/Kg: Oxygen Saturation, Garcia & Gordon [umol/kg]
# name 11 = oxsatMm/Kg: Oxygen Saturation, Weiss [umol/kg]
# name 12 = par: PAR/Irradiance, Biospherical/Licor
# name 13 = pla: Plume Anomaly
# name 14 = prDM: Pressure, Digiquartz [db]
# name 15 = pumps: Pump Status
# name 16 = scan: Scan Count
# name 17 = sva: Specific Volume Anomaly [10^-8 * m^3/kg]
# name 18 = t090C: Temperature [ITS-90, deg C]
# name 19 = t190C: Temperature, 2 [ITS-90, deg C]
# name 20 = tsa: Thermosteric Anomaly [10^-8 * m^3/kg]
# name 21 = timeS: Time, Elapsed [seconds]
# name 22 = v0: Voltage 0
# name 23 = v1: Voltage 1
# name 24 = v2: Voltage 2
# name 25 = v3: Voltage 3
# name 26 = v4: Voltage 4
# name 27 = v5: Voltage 5
# name 28 = sbeox0V: Oxygen raw, SBE 43 [V]
# name 29 = nbf: Bottles Fired
# name 30 = flag:  0.000e+00
# interval = seconds: 0.0416667
# start_time = Jul 10 2012 23:05:44 [NMEA time, header]
# bad_flag = -9.990e-29
*END*
[from data line 422]
      98.68     0.0825          9   4.325317      0.848     3.5724   27.99246  -89.25126    123.121    105.173  249.68054  249.52369 1.3436e-01 1.4291e+01    201.528          1     112532    131.939    14.3175    14.3171    126.293   4688.792     1.6337     1.5531     4.9341     4.5726     0.0537     0.2149     1.6337          9  0.000e+00
      98.68     0.0836          9   4.325275     -1.185     3.5419   27.99246  -89.25126    123.121    105.173  249.68174  249.52489 1.3436e-01 1.4291e+01    201.478          1     112533    131.950    14.3173    14.3169    126.306   4688.833     1.6337     1.5531     4.9341     4.5714     0.0537     0.2137     1.6337          9  0.000e+00
      98.68     0.0836          9   4.325247      1.187     3.5419   27.99246  -89.25126    123.123    105.174  249.68403  249.52722 1.3436e-01 1.4290e+01    201.528          1     112534    131.925    14.3168    14.3169    126.279   4688.875     1.6337     1.5531     4.9341     4.5714     0.0537     0.2137     1.6337          9  0.000e+00
      98.68     0.0825          9   4.325240      1.356     3.5419   27.99246  -89.25126    123.124    105.175  249.68460  249.52780 1.3436e-01 1.4290e+01    201.584          1     112535    131.922    14.3167    14.3169    126.274   4688.917     1.6337     1.5531     4.9341     4.5726     0.0537     0.2137     1.6337          9  0.000e+00
      98.68     0.0836          9   4.325205     -2.202     3.5419   27.99246  -89.25126    123.256    105.174  249.68510  249.52829 1.3436e-01 1.4290e+01    201.493          1     112536    131.940    14.3167    14.3165    126.295   4688.958     1.6349     1.5531     4.9341     4.5714     0.0537     0.2137     1.6349          9  0.000e+00
      98.68     0.0836          9   4.325219      0.848     3.5724   27.99246  -89.25126    123.257    105.174  249.68490  249.52809 1.3436e-01 1.4290e+01    201.528          1     112537    131.933    14.3167    14.3167    126.287   4689.000     1.6349     1.5531     4.9341     4.5714     0.0537     0.2149     1.6349          9  0.000e+00
      98.68     0.0825          9   4.325261      0.001     3.5419   27.99246  -89.25126    123.256    105.174  249.68311  249.52629 1.3436e-01 1.4291e+01    201.528          1     112538    131.933    14.3170    14.3165    126.288   4689.042     1.6349     1.5531     4.9341     4.5726     0.0537     0.2137     1.6349          9  0.000e+00
      98.68     0.0825          9   4.325296      0.001     3.5419   27.99246  -89.25126    123.255    105.174  249.68143  249.52459 1.3436e-01 1.4291e+01    201.528          1     112539    131.939    14.3173    14.3165    126.293   4689.083     1.6349     1.5531     4.9341     4.5726     0.0537     0.2137     1.6349          9  0.000e+00
      98.68     0.0836          9   4.325310      1.356     3.5419   27.99246  -89.25126    123.121    105.175  249.67958  249.52271 1.3436e-01 1.4291e+01    201.585          1     112540    131.977    14.3178    14.3165    126.329   4689.125     1.6337     1.5531     4.9341     4.5714     0.0537     0.2137     1.6337          9  0.000e+00
      98.68     0.0825          9   4.325310     -0.846     3.5419   27.99246  -89.25126    123.255    105.175  249.68067  249.52382 1.3436e-01 1.4291e+01    201.549          1     112541    131.945    14.3175    14.3164    126.299   4689.167     1.6349     1.5531     4.9341     4.5726     0.0537     0.2137     1.6349          9  0.000e+00
      98.71     0.0825          9   4.325226     -0.508     3.5419   27.99246  -89.25126    123.256    105.175  249.68478  249.52798 1.3436e-01 1.4290e+01    201.528          1     112542    131.928    14.3167    14.3162    126.282   4689.208     1.6349     1.5531     4.9353     4.5726     0.0537     0.2137     1.6349          9  0.000e+00
      98.68     0.0836          9   4.325226      0.001     3.5419   27.99246  -89.25126    123.256    105.175  249.68478  249.52798 1.3436e-01 1.4290e+01    201.528          1     112543    131.928    14.3167    14.3164    126.282   4689.250     1.6349     1.5531     4.9341     4.5714     0.0537     0.2137     1.6349          9  0.000e+00
      98.68     0.0836          9   4.325261      1.356     3.5419   27.99246  -89.25126    123.256    105.176  249.68259  249.52576 1.3436e-01 1.4291e+01    201.585          1     112544    131.951    14.3172    14.3162    126.304   4689.292     1.6349     1.5531     4.9341     4.5714     0.0537     0.2137     1.6349          9  0.000e+00
      98.68     0.0836          9   4.325212      0.001     3.5419   27.99246  -89.25126    123.257    105.175  249.68505  249.52825 1.3436e-01 1.4290e+01    201.585          1     112545    131.941    14.3167    14.3164    126.293   4689.333     1.6349     1.5531     4.9341     4.5714     0.0537     0.2137     1.6349          9  0.000e+00
      98.68     0.0836          9   4.325170     -0.846     3.5419   27.99246  -89.25126    123.258    105.175  249.68806  249.53130 1.3436e-01 1.4290e+01    201.549          1     112546    131.905    14.3160    14.3162    126.259   4689.375     1.6349     1.5531     4.9341     4.5714     0.0537     0.2137     1.6349          9  0.000e+00
      98.68     0.0825          9   4.325163      0.848     3.5419   27.99246  -89.25126    123.393    105.176  249.68876  249.53201 1.3436e-01 1.4289e+01    201.585          1     112547    131.897    14.3158    14.3162    126.250   4689.417     1.6361     1.5531     4.9341     4.5726     0.0537     0.2137     1.6361          9  0.000e+00
      98.68     0.0836          9   4.325078      0.001     3.5419   27.99246  -89.25126    123.261    105.175  249.69122  249.53449 1.3436e-01 1.4289e+01    201.585          1     112548    131.925    14.3155    14.3163    126.278   4689.458     1.6349     1.5531     4.9341     4.5714     0.0537     0.2137     1.6349          9  0.000e+00
      98.71     0.0836          9   4.325099      0.001     3.5419   27.99246  -89.25126    123.260    105.176  249.69033  249.53359 1.3436e-01 1.4289e+01    201.585          1     112549    131.925    14.3156    14.3164    126.278   4689.500     1.6349     1.5531     4.9353     4.5714     0.0537     0.2137     1.6349          9  0.000e+00
      98.68     0.0836          9   4.325120      0.001     3.5419   27.99246  -89.25126    123.260    105.176  249.68999  249.53325 1.3436e-01 1.4289e+01    201.585          1     112550    131.911    14.3156    14.3162    126.264   4689.542     1.6349     1.5531     4.9341     4.5714     0.0537     0.2137     1.6349          9  0.000e+00
      98.58     0.1029         10   5.009437     -4.903     3.2672   27.99190  -89.25124    155.407    134.283  222.18992  221.76788 2.3819e-01 2.0250e+01    101.373          1     117730    217.290    20.2641    20.2584    213.781   4905.375     2.1270     2.0147     4.9292     4.5495     0.3004     0.2027     2.1270         10  0.000e+00
      98.61     0.1018         10   5.009042      2.368     3.2672   27.99190  -89.25124    155.539    134.288  222.20814  221.78625 2.3752e-01 2.0245e+01    101.472          1     117731    217.093    20.2591    20.2574    213.581   4905.417     2.1282     2.0147     4.9304     4.5507     0.2991     0.2027     2.1282         10  0.000e+00
      98.61     0.1018         10   5.008677      0.001     3.2672   27.99190  -89.25124    155.550    134.399  222.22502  221.80328 2.3618e-01 2.0240e+01    101.472          1     117732    216.903    20.2545    20.2567    213.391   4905.458     2.1282     2.0159     4.9304     4.5507     0.2967     0.2027     2.1282         10  0.000e+00
      98.61     0.1018         10   5.008357     -2.367     3.2672   27.99190  -89.25124    155.556    134.294  222.23564  221.81399 2.3551e-01 2.0238e+01    101.373          1     117733    216.865    20.2520    20.2545    213.357   4905.500     2.1282     2.0147     4.9304     4.5507     0.2955     0.2027     2.1282         10  0.000e+00
      98.61     0.1018         10   5.008066      5.242     3.2672   27.99190  -89.25124    155.568    134.306  222.24721  221.82564 2.3551e-01 2.0235e+01    101.592          1     117734    216.792    20.2490    20.2503    213.276   4905.542     2.1282     2.0147     4.9304     4.5507     0.2955     0.2027     2.1282         10  0.000e+00
      98.61     0.1018         10   5.007955     -4.057     3.2672   27.99190  -89.25124    155.687    134.420  222.25373  221.83223 2.4572e-01 2.0233e+01    101.423          1     117735    216.676    20.2471    20.2466    213.167   4905.583     2.1294     2.0159     4.9304     4.5507     0.3138     0.2027     2.1294         10  0.000e+00
      98.61     0.1018         10   5.007888      2.537     3.2672   27.99190  -89.25124    155.691    134.429  222.25738  221.83591 2.5134e-01 2.0232e+01    101.528          1     117736    216.631    20.2461    20.2429    213.119   4905.625     2.1294     2.0159     4.9304     4.5507     0.3236     0.2027     2.1294         10  0.000e+00
      98.61     0.1007         10   5.007843      0.001     3.2672   27.99190  -89.25124    155.576    134.540  222.25946  221.83801 2.5134e-01 2.0231e+01    101.528          1     117737    216.608    20.2455    20.2417    213.095   4905.667     2.1282     2.0171     4.9304     4.5519     0.3236     0.2027     2.1282         10  0.000e+00
      98.61     0.0996         10   5.007821     -1.352     3.2672   27.99190  -89.25124    155.575    134.424  222.26053  221.83909 2.4503e-01 2.0231e+01    101.472          1     117738    216.590    20.2452    20.2443    213.080   4905.708     2.1282     2.0159     4.9304     4.5531     0.3126     0.2027     2.1282         10  0.000e+00
      98.61     0.0996         10   5.007731     -1.183     3.2672   27.99190  -89.25124    155.693    134.524  222.26303  221.84160 2.4090e-01 2.0230e+01    101.423          1     117739    216.593    20.2446    20.2480    213.084   4905.750     2.1294     2.0171     4.9304     4.5531     0.3053     0.2027     2.1294         10  0.000e+00
      98.61     0.0986         10   5.007634      2.537     3.2672   27.99190  -89.25124    155.697    134.523  222.26622  221.84481 2.4022e-01 2.0230e+01    101.529          1     117740    216.593    20.2439    20.2494    213.081   4905.792     2.1294     2.0171     4.9304     4.5543     0.3040     0.2027     2.1294         10  0.000e+00
      98.61     0.0986         10   5.007649      0.000     3.2672   27.99190  -89.25124    155.697    134.520  222.26562  221.84421 2.4159e-01 2.0230e+01    101.529          1     117741    216.598    20.2441    20.2508    213.085   4905.833     2.1294     2.0171     4.9304     4.5543     0.3065     0.2027     2.1294         10  0.000e+00
      98.61     0.0986         10   5.007627     -1.014     3.2672   27.99190  -89.25124    155.696    134.512  222.26577  221.84436 2.4296e-01 2.0230e+01    101.486          1     117742    216.612    20.2441    20.2538    213.101   4905.875     2.1294     2.0171     4.9304     4.5543     0.3089     0.2027     2.1294         10  0.000e+00
      98.58     0.0996         10   5.007545     -0.338     3.2672   27.99190  -89.25124    155.698    134.508  222.26820  221.84680 2.4364e-01 2.0229e+01    101.472          1     117743    216.613    20.2436    20.2561    213.102   4905.917     2.1294     2.0171     4.9292     4.5531     0.3101     0.2027     2.1294         10  0.000e+00
      98.58     0.0996         10   5.007500      1.353     3.2977   27.99190  -89.25124    155.700    134.507  222.26929  221.84789 2.4433e-01 2.0229e+01    101.529          1     117744    216.626    20.2434    20.2569    213.113   4905.958     2.1294     2.0171     4.9292     4.5531     0.3114     0.2039     2.1294         10  0.000e+00
      98.61     0.0996         10   5.007038     -1.352     3.2977   27.99190  -89.25124    155.703    134.506  222.27538  221.85397 2.4503e-01 2.0229e+01    101.472          1     117745    216.880    20.2432    20.2571    213.370   4906.000     2.1294     2.0171     4.9304     4.5531     0.3126     0.2039     2.1294         10  0.000e+00
      98.58     0.0986         10   5.005057      1.353     3.2977   27.99190  -89.25124    155.720    134.512  222.29894  221.87742 2.4503e-01 2.0229e+01    101.529          1     117746    218.077    20.2434    20.2555    214.567   4906.042     2.1294     2.0171     4.9292     4.5543     0.3126     0.2039     2.1294         10  0.000e+00
      98.61     0.0986         10   5.006807     -1.352     3.2977   27.99190  -89.25124    155.704    134.518  222.27766  221.85624 2.4572e-01 2.0229e+01    101.472          1     117747    217.034    20.2434    20.2517    213.524   4906.083     2.1294     2.0171     4.9304     4.5543     0.3138     0.2039     2.1294         10  0.000e+00
      98.61     0.0986         10   5.007627      1.353     3.2977   27.99190  -89.25124    155.697    134.631  222.26528  221.84386 2.4781e-01 2.0230e+01    101.529          1     117748    216.632    20.2443    20.2503    213.119   4906.125     2.1294     2.0183     4.9304     4.5543     0.3175     0.2039     2.1294         10  0.000e+00
      98.61     0.0986         10   5.007754      0.001     3.2977   27.99190  -89.25124    155.575    134.634  222.25870  221.83722 2.4852e-01 2.0232e+01    101.529          1     117749    216.721    20.2462    20.2490    213.208   4906.167     2.1282     2.0183     4.9304     4.5543     0.3187     0.2039     2.1282         10  0.000e+00
      98.61     0.0986         10   5.007873      0.001     3.2977   27.99190  -89.25124    155.572    134.524  222.25478  221.83327 2.4852e-01 2.0233e+01    101.529          1     117750    216.731    20.2471    20.2499    213.218   4906.208     2.1282     2.0171     4.9304     4.5543     0.3187     0.2039     2.1282         10  0.000e+00
      98.61     0.0996         10   5.007880     -1.014     3.2977   27.99190  -89.25124    155.689    134.525  222.25600  221.83452 2.5063e-01 2.0232e+01    101.487          1     117751    216.680    20.2466    20.2487    213.169   4906.250     2.1294     2.0171     4.9304     4.5531     0.3223     0.2039     2.1294         10  0.000e+00
      98.61     0.0986         10   5.007873      2.199     3.2977   27.99190  -89.25124    155.575    134.637  222.25758  221.83611 2.5134e-01 2.0232e+01    101.578          1     117752    216.643    20.2461    20.2483    213.129   4906.292     2.1282     2.0183     4.9304     4.5543     0.3236     0.2039     2.1282         10  0.000e+00
      98.61     0.0996         10   5.007895     -2.536     3.3282   27.99190  -89.25124    155.690    134.635  222.25695  221.83548 2.5063e-01 2.0232e+01    101.473          1     117753    216.634    20.2462    20.2480    213.123   4906.333     2.1294     2.0183     4.9304     4.5531     0.3223     0.2051     2.1294         10  0.000e+00
      98.61     0.0986         10   5.007850      1.353     3.2977   27.99190  -89.25124    155.573    134.637  222.25598  221.83448 2.4992e-01 2.0233e+01    101.529          1     117754    216.714    20.2467    20.2478    213.201   4906.375     2.1282     2.0183     4.9304     4.5543     0.3211     0.2039     2.1282         10  0.000e+00
      98.61     0.0986         10   5.007858      0.001     3.2977   27.99190  -89.25124    155.691    134.637  222.25733  221.83585 2.4922e-01 2.0232e+01    101.529          1     117755    216.663    20.2462    20.2478    213.150   4906.417     2.1294     2.0183     4.9304     4.5543     0.3199     0.2039     2.1294         10  0.000e+00
