tests/data/CTD/g01l06s01.ros
* Sea-Bird SBE 9 Data File:
* FileName = D:\CTD DATA\2013\PE13-01 DiMarco\G01L06S01.hex
* Software Version Seasave V 7.21g
* Temperature SN = 4515
* Conductivity SN = 3079
* Number of Bytes Per Scan = 40
* Number of Voltage Words = 5
* Number of Scans Averaged by the Deck Unit = 1
* NMEA Latitude = 28 45.00 N
* NMEA Longitude = 087 59.82 W
* NMEA UTC (Time) = Jul 06 2012  12:00:26
* NMEA baud rate = 4800
# nquan = 31
# nvalues = 588                                   
# units = specified
# name 0 = altM: Altimeter [m]
# name 1 = bat: Beam Attenuation, Chelsea/Seatech [1/m]
# name 2 = bpos: Bottle Position in Carousel
# name 3 = c0S/m: Conductivity [S/m]
# name 4 = dz/dtM: Descent Rate [m/s]
# name 5 = wetCDOM: Fluorescence, WET Labs CDOM [mg/m^3]
# name 6 = latitude: Latitude [deg]
# name 7 = longitude: Longitude [deg]
# name 8 = sbeox0Mm/Kg: Oxygen, SBE 43 [umol/kg]
# name 9 = sbeox1Mm/Kg: Oxygen, SBE 43, 2 [umol/kg]
# name 10 = oxsolMm/Kg: Oxygen Saturation, Garcia & Gordon [umol/kg]
# name 11 = oxsatMm/Kg: Oxygen Saturation, Weiss [umol/kg]
# name 12 = par: PAR/Irradiance, Biospherical/Licor
# name 13 = pla: Plume Anomaly
# name 14 = prDM: Pressure, Digiquartz [db]
# name 15 = pumps: Pump Status
# name 16 = scan: Scan Count
# name 17 = sva: Specific Volume Anomaly [10^-8 * m^3/kg]
# name 18 = t090C: Temperature [ITS-90, deg C]
# name 19 = t190C: Temperature, 2 [ITS-90, deg C]
# name 20 = tsa: Thermosteric Anomaly [10^-8 * m^3/kg]
# name 21 = timeS: Time, Elapsed [seconds]
# name 22 = v0: Voltage 0
# name 23 = v1: Voltage 1
# name 24 = v2: Voltage 2
# name 25 = v3: Voltage 3
# name 26 = v4: Voltage 4
# name 27 = v5: Voltage 5
# name 28 = sbeox0V: Oxygen raw, SBE 43 [V]
# name 29 = nbf: Bottles Fired
# name 30 = flag:  0.000e+00
# interval = seconds: 0.0416667
# start_time = Jul 06 2012 12:00:26 [NMEA time, header]
# bad_flag = -9.990e-29
*END*
[from data line 188]
      98.66     0.0347          4   3.354711      0.001     3.5724   28.75512  -87.98578    202.612    171.595  310.79377  311.54004 1.2875e-01 4.4497e+00   1212.198          1     187172     52.117     4.5482     4.5474     39.419   7798.792     1.8022     1.7009     4.9328     4.6276     0.0354     0.2149     1.8022          4  0.000e+00
      98.66     0.0347          4   3.354724      0.001     3.5114   28.75512  -87.98578    202.612    171.596  310.79415  311.54044 1.2839e-01 4.4495e+00   1212.198          1     187173     52.093     4.5480     4.5474     39.395   7798.833     1.8022     1.7009     4.9328     4.6276     0.0342     0.2125     1.8022          4  0.000e+00
      98.66     0.0347          4   3.354711     -1.381     3.4503   28.75512  -87.98578    202.611    171.593  310.79395  311.54022 1.2875e-01 4.4496e+00   1212.140          1     187174     52.110     4.5481     4.5476     39.413   7798.875     1.8022     1.7009     4.9328     4.6276     0.0354     0.2100     1.8022          4  0.000e+00
      98.66     0.0347          4   3.354680      1.900     3.4503   28.75512  -87.98578    202.613    171.596  310.79466  311.54091 1.2875e-01 4.4497e+00   1212.220          1     187175     52.145     4.5482     4.5474     39.448   7798.917     1.8022     1.7009     4.9328     4.6276     0.0354     0.2100     1.8022          4  0.000e+00
      98.66     0.0347          4   3.354692     -1.899     3.4503   28.75512  -87.98578    202.611    171.593  310.79422  311.54048 1.2839e-01 4.4497e+00   1212.140          1     187176     52.130     4.5482     4.5476     39.434   7798.958     1.8022     1.7009     4.9328     4.6276     0.0342     0.2100     1.8022          4  0.000e+00
      98.66     0.0347          4   3.354705      1.382     3.4503   28.75512  -87.98578    202.612    171.772  310.79323  311.53946 1.2839e-01 4.4498e+00   1212.198          1     187177     52.135     4.5483     4.5474     39.438   7799.000     1.8022     1.7021     4.9328     4.6276     0.0342     0.2100     1.8022          4  0.000e+00
      98.66     0.0347          4   3.354724      0.001     3.4198   28.75512  -87.98578    202.612    171.595  310.79367  311.53994 1.2875e-01 4.4496e+00   1212.198          1     187178     52.101     4.5481     4.5476     39.404   7799.042     1.8022     1.7009     4.9328     4.6276     0.0354     0.2088     1.8022          4  0.000e+00
      98.66     0.0347          4   3.354711     -0.690     3.4503   28.75512  -87.98578    202.611    171.770  310.79302  311.53926 1.2875e-01 4.4498e+00   1212.169          1     187179     52.128     4.5483     4.5477     39.431   7799.083     1.8022     1.7021     4.9328     4.6276     0.0354     0.2100     1.8022          4  0.000e+00
      98.68     0.0368          5   3.391250     -1.204     3.3282   28.75536  -87.98534    182.176    154.273  307.02864  307.70441 1.2912e-01 4.9846e+00   1012.177          1     194006     58.405     5.0691     5.0687     46.693   8083.542     1.7179     1.6239     4.9341     4.6252     0.0366     0.2051     1.7179          5  0.000e+00
      98.68     0.0379          5   3.391231      1.033     3.3282   28.75536  -87.98534    182.177    154.275  307.02919  307.70496 1.2912e-01 4.9846e+00   1012.220          1     194007     58.424     5.0691     5.0685     46.711   8083.583     1.7179     1.6239     4.9341     4.6239     0.0366     0.2051     1.7179          5  0.000e+00
      98.68     0.0379          5   3.391263     -1.032     3.3282   28.75536  -87.98534    182.175    154.273  307.02830  307.70408 1.2912e-01 4.9846e+00   1012.177          1     194008     58.395     5.0691     5.0687     46.682   8083.625     1.7179     1.6239     4.9341     4.6239     0.0366     0.2051     1.7179          5  0.000e+00
      98.68     0.0379          5   3.391282      2.582     3.3282   28.75536  -87.98534    182.361    154.276  307.02792  307.70371 1.2912e-01 4.9846e+00   1012.285          1     194009     58.384     5.0691     5.0685     46.669   8083.667     1.7192     1.6239     4.9341     4.6239     0.0366     0.2051     1.7192          5  0.000e+00
      98.68     0.0379          5   3.391263     -3.957     3.3282   28.75536  -87.98534    182.174    154.272  307.02824  307.70402 1.2875e-01 4.9846e+00   1012.120          1     194010     58.392     5.0691     5.0687     46.680   8083.708     1.7179     1.6239     4.9341     4.6239     0.0354     0.2051     1.7179          5  0.000e+00
      98.68     0.0379          5   3.391276      2.410     3.3282   28.75536  -87.98534    182.176    154.105  307.02801  307.70380 1.2875e-01 4.9846e+00   1012.221          1     194011     58.386     5.0691     5.0685     46.672   8083.750     1.7179     1.6227     4.9341     4.6239     0.0354     0.2051     1.7179          5  0.000e+00
      98.68     0.0379          5   3.391238     -1.032     3.3282   28.75536  -87.98534    182.176    154.104  307.02967  307.70546 1.2912e-01 4.9845e+00   1012.178          1     194012     58.403     5.0689     5.0685     46.691   8083.792     1.7179     1.6227     4.9341     4.6239     0.0366     0.2051     1.7179          5  0.000e+00
      98.68     0.0379          5   3.391244     -1.376     3.3282   28.75536  -87.98534    182.175    154.273  307.02943  307.70523 1.2912e-01 4.9845e+00   1012.120          1     194013     58.395     5.0689     5.0685     46.683   8083.833     1.7179     1.6239     4.9341     4.6239     0.0366     0.2051     1.7179          5  0.000e+00
      98.68     0.0379          5   3.391276      2.409     3.3282   28.75536  -87.98534    182.176    154.275  307.02709  307.70284 1.2875e-01 4.9848e+00   1012.221          1     194014     58.403     5.0693     5.0687     46.689   8083.875     1.7179     1.6239     4.9341     4.6239     0.0354     0.2051     1.7179          5  0.000e+00
      98.68     0.0379          5   3.391282     -2.408     3.3282   28.75536  -87.98534    182.357    154.272  307.02773  307.70352 1.2912e-01 4.9846e+00   1012.120          1     194015     58.376     5.0691     5.0687     46.663   8083.917     1.7192     1.6239     4.9341     4.6239     0.0366     0.2051     1.7192          5  0.000e+00
      98.68     0.0379          5   3.391263      2.582     3.3282   28.75536  -87.98534    182.177    154.274  307.02836  307.70414 1.2912e-01 4.9846e+00   1012.228          1     194016     58.397     5.0691     5.0685     46.684   8083.958     1.7179     1.6239     4.9341     4.6239     0.0366     0.2051     1.7179          5  0.000e+00
      98.68     0.0379          5   3.391276     -2.752     3.3282   28.75536  -87.98534    182.173    154.273  307.02697  307.70272 1.2912e-01 4.9848e+00   1012.113          1     194017     58.398     5.0693     5.0685     46.685   8084.000     1.7179     1.6239     4.9341     4.6239     0.0366     0.2051     1.7179          5  0.000e+00
      98.68     0.0379          5   3.391282      1.549     3.3282   28.75536  -87.98534    182.175    154.105  307.02780  307.70359 1.2912e-01 4.9846e+00   1012.178          1     194018     58.379     5.0691     5.0683     46.665   8084.042     1.7179     1.6227     4.9341     4.6239     0.0366     0.2051     1.7179          5  0.000e+00
      98.68     0.0379          5   3.391257      0.001     3.3282   28.75536  -87.98534    182.358    154.105  307.02754  307.70329 1.2912e-01 4.9848e+00   1012.178          1     194019     58.417     5.0693     5.0683     46.704   8084.083     1.7192     1.6227     4.9341     4.6239     0.0366     0.2051     1.7192          5  0.000e+00
      98.66     0.0379          5   3.391250     -0.343     3.3282   28.75536  -87.98534    182.358    154.104  307.02769  307.70344 1.2875e-01 4.9848e+00   1012.163          1     194020     58.422     5.0693     5.0687     46.709   8084.125     1.7192     1.6227     4.9328     4.6239     0.0354     0.2051     1.7192          5  0.000e+00
      98.68     0.0379          5   3.391250      0.345     3.3282   28.75536  -87.98534    182.359    154.274  307.02864  307.70441 1.2875e-01 4.9846e+00   1012.178          1     194021     58.406     5.0691     5.0685     46.693   8084.167     1.7192     1.6239     4.9341     4.6239     0.0354     0.2051     1.7192          5  0.000e+00
      98.68     0.0379          5   3.391231      0.001     3.3282   28.75536  -87.98534    182.359    154.274  307.02821  307.70395 1.2912e-01 4.9848e+00   1012.178          1     194022     58.439     5.0693     5.0685     46.726   8084.208     1.7192     1.6239     4.9341     4.6239     0.0366     0.2051     1.7192          5  0.000e+00
      98.68     0.0368          5   3.391263      1.033     3.3282   28.75536  -87.98534    182.359    154.275  307.02742  307.70317 1.2912e-01 4.9848e+00   1012.221          1     194023     58.414     5.0693     5.0683     46.700   8084.250     1.7192     1.6239     4.9341     4.6252     0.0366     0.2051     1.7192          5  0.000e+00
      98.68     0.0379          5   3.391301     -2.408     3.3282   28.75536  -87.98534    182.173    154.273  307.02630  307.70207 1.2875e-01 4.9848e+00   1012.120          1     194024     58.377     5.0693     5.0685     46.664   8084.292     1.7179     1.6239     4.9341     4.6239     0.0354     0.2051     1.7179          5  0.000e+00
      98.68     0.0368          5   3.391295      1.377     3.3282   28.75536  -87.98534    182.358    154.275  307.02746  307.70326 1.2912e-01 4.9846e+00   1012.178          1     194025     58.368     5.0691     5.0683     46.654   8084.333     1.7192     1.6239     4.9341     4.6252     0.0366     0.2051     1.7192          5  0.000e+00
      98.68     0.0368          5   3.391257      0.001     3.3282   28.75536  -87.98534    182.358    154.105  307.02754  307.70329 1.2912e-01 4.9848e+00   1012.178          1     194026     58.417     5.0693     5.0683     46.704   8084.375     1.7192     1.6227     4.9341     4.6252     0.0366     0.2051     1.7192          5  0.000e+00
      98.68     0.0379          5   3.391250      1.033     3.3282   28.75536  -87.98534    182.360    154.275  307.02868  307.70446 1.2912e-01 4.9846e+00   1012.221          1     194027     58.408     5.0691     5.0687     46.694   8084.417     1.7192     1.6239     4.9341     4.6239     0.0366     0.2051     1.7192          5  0.000e+00
      98.68     0.0379          5   3.391276     -1.032     3.3282   28.75536  -87.98534    182.175    154.273  307.02704  307.70279 1.2875e-01 4.9848e+00   1012.178          1     194028     58.401     5.0693     5.0687     46.688   8084.458     1.7179     1.6239     4.9341     4.6239     0.0354     0.2051     1.7179          5  0.000e+00
      98.68     0.0368          5   3.391282      1.205     3.3282   28.75536  -87.98534    182.359    154.275  307.02693  307.70268 1.2912e-01 4.9848e+00   1012.228          1     194029     58.398     5.0693     5.0685     46.684   8084.500     1.7192     1.6239     4.9341     4.6252     0.0366     0.2051     1.7192          5  0.000e+00
      98.68     0.0379          5   3.391257     -0.171     3.3282   28.75536  -87.98534    182.177    154.105  307.02852  307.70430 1.2912e-01 4.9846e+00   1012.221          1     194030     58.402     5.0691     5.0685     46.689   8084.542     1.7179     1.6227     4.9341     4.6239     0.0366     0.2051     1.7179          5  0.000e+00
      98.68     0.0368          5   3.391250      0.173     3.3282   28.75536  -87.98534    182.360    154.106  307.02869  307.70447 1.2875e-01 4.9846e+00   1012.228          1     194031     58.408     5.0691     5.0683     46.695   8084.583     1.7192     1.6227     4.9341     4.6252     0.0354     0.2051     1.7192          5  0.000e+00
      98.68     0.0368          5   3.391250      0.001     3.3282   28.75536  -87.98534    182.177    154.275  307.02869  307.70447 1.2875e-01 4.9846e+00   1012.228          1     194032     58.408     5.0691     5.0685     46.695   8084.625     1.7179     1.6239     4.9341     4.6252     0.0354     0.2051     1.7179          5  0.000e+00
      98.68     0.0379          5   3.391250     -0.171     3.3282   28.75536  -87.98534    182.176    154.275  307.02706  307.70278 1.2875e-01 4.9849e+00   1012.221          1     194033     58.437     5.0694     5.0685     46.724   8084.667     1.7179     1.6239     4.9341     4.6239     0.0354     0.2051     1.7179          5  0.000e+00
      98.68     0.0368          5   3.391276      0.173     3.3282   28.75536  -87.98534    182.176    154.276  307.02709  307.70285 1.2912e-01 4.9848e+00   1012.228          1     194034     58.403     5.0693     5.0683     46.690   8084.708     1.7179     1.6239     4.9341     4.6252     0.0366     0.2051     1.7179          5  0.000e+00
      98.68     0.0379          5   3.391263      1.377     3.3282   28.75536  -87.98534    182.177    154.276  307.02749  307.70324 1.2912e-01 4.9848e+00   1012.286          1     194035     58.417     5.0693     5.0685     46.703   8084.750     1.7179     1.6239     4.9341     4.6239     0.0366     0.2051     1.7179          5  0.000e+00
      98.68     0.0368          5   3.391276     -1.548     3.3282   28.75536  -87.98534    182.359    154.275  307.02709  307.70284 1.2912e-01 4.9848e+00   1012.221          1     194036     58.403     5.0693     5.0685     46.689   8084.792     1.7192     1.6239     4.9341     4.6252     0.0366     0.2051     1.7192          5  0.000e+00
      98.68     0.0379          5   3.391263      1.549     3.3282   28.75536  -87.98534    182.361    154.277  307.02680  307.70253 1.2912e-01 4.9849e+00   1012.286          1     194037     58.430     5.0694     5.0683     46.715   8084.833     1.7192     1.6239     4.9341     4.6239     0.0366     0.2051     1.7192          5  0.000e+00
      98.68     0.0379          5   3.391250      0.001     3.3282   28.75536  -87.98534    182.178    154.277  307.02783  307.70358 1.2912e-01 4.9848e+00   1012.286          1     194038     58.428     5.0693     5.0683     46.714   8084.875     1.7179     1.6239     4.9341     4.6239     0.0366     0.2051     1.7179          5  0.000e+00
      98.68     0.0379          5   3.391295     -0.344     3.3282   28.75536  -87.98534    182.178    154.277  307.02826  307.70408 1.2912e-01 4.9845e+00   1012.271          1     194039     58.359     5.0689     5.0683     46.645   8084.917     1.7179     1.6239     4.9341     4.6239     0.0366     0.2051     1.7179          5  0.000e+00
      98.68     0.0379          5   3.391295      0.345     3.3282   28.75536  -87.98534    182.361    154.276  307.02758  307.70338 1.2912e-01 4.9846e+00   1012.286          1     194040     58.373     5.0691     5.0685     46.658   8084.958     1.7192     1.6239     4.9341     4.6239     0.0366     0.2051     1.7192          5  0.000e+00
      98.68     0.0379          5   3.391282      0.001     3.3282   28.75536  -87.98534    182.361    154.107  307.02699  307.70275 1.2875e-01 4.9848e+00   1012.286          1     194041     58.401     5.0693     5.0685     46.686   8085.000     1.7192     1.6227     4.9341     4.6239     0.0354     0.2051     1.7192          5  0.000e+00
      98.68     0.0379          5   3.391282      0.001     3.3282   28.75536  -87.98534    182.361    154.276  307.02699  307.70275 1.2875e-01 4.9848e+00   1012.286          1     194042     58.401     5.0693     5.0685     46.686   8085.042     1.7192     1.6239     4.9341     4.6239     0.0354     0.2051     1.7192          5  0.000e+00
