tests/data/CTD/g01l06s03.ros
* Sea-Bird SBE 9 Data File:
* FileName = D:\CTD DATA\2013\PE13-01 DiMarco\G01L06s03.hex
* Software Version Seasave V 7.21g
* Temperature SN = 4515
* Conductivity SN = 3079
* Number of Bytes Per Scan = 40
* Number of Voltage Words = 5
* Number of Scans Averaged by the Deck Unit = 1
* NMEA Latitude = 28 14.96 N
* NMEA Longitude = 087 59.94 W
* NMEA UTC (Time) = Jul 07 2012  12:07:36
* NMEA baud rate = 4800
# nquan = 31
# nvalues = 588                                   
# units = specified
# name 0 = altM: Altimeter [m]
# name 1 = bat: Beam Attenuation, Chelsea/Seatech [1/m]
# name 2 = bpos: Bottle Position in Carousel
# name 3 = c0S/m: Conductivity [S/m]
# name 4 = dz/dtM: Descent Rate [m/s]
# name 5 = wetCDOM: Fluorescence, WET Labs CDOM [mg/m^3]
# name 6 = latitude: Latitude [deg]
# name 7 = longitude: Longitude [deg]
# name 8 = sbeox0Mm/Kg: Oxygen, SBE 43 [umol/kg]
# name 9 = sbeox1Mm/Kg: Oxygen, SBE 43, 2 [umol/kg]
# name 10 = oxsolMm/Kg: Oxygen Saturation, Garcia & Gordon [umol/kg]
# name 11 = oxsatMm/Kg: Oxygen Saturation, Weiss [umol/kg]
# name 12 = par: PAR/Irradiance, Biospherical/Licor
# name 13 = pla: Plume Anomaly
# name 14 = prDM: Pressure, Digiquartz [db]
# name 15 = pumps: Pump Status
# name 16 = scan: Scan Count
# name 17 = sva: Specific Volume Anomaly [10^-8 * m^3/kg]
# name 18 = t090C: Temperature [ITS-90, deg C]
# name 19 = t190C: Temperature, 2 [ITS-90, deg C]
# name 20 = tsa: Thermosteric Anomaly [10^-8 * m^3/kg]
# name 21 = timeS: Time, Elapsed [seconds]
# name 22 = v0: Voltage 0
# name 23 = v1: Voltage 1
# name 24 = v2: Voltage 2
# name 25 = v3: Voltage 3
# name 26 = v4: Voltage 4
# name 27 = v5: Voltage 5
# name 28 = sbeox0V: Oxygen raw, SBE 43 [V]
# name 29 = nbf: Bottles Fired
# name 30 = flag:  0.000e+00
# interval = seconds: 0.0416667
# start_time = Jul 07 2012 12:07:36 [NMEA time, header]
# bad_flag = -9.990e-29
*END*
[from data line 468]
      98.71     0.0400         10   3.902815      0.681    -1.8000   28.23346  -87.97604    125.506    106.895  271.02340  271.13096 1.1856e-01 1.0482e+01    403.935          1     191235    108.107    10.5289    10.5282     99.196   7968.083     1.5360     1.4628     4.9353     4.6215     0.0000     0.0000     1.5360         10  0.000e+00
      98.71     0.0400         10   3.902829     -1.870    -1.8000   28.23346  -87.97604    125.653    106.894  271.02204  271.12958 1.1856e-01 1.0483e+01    403.857          1     191236    108.116    10.5291    10.5281     99.207   7968.125     1.5372     1.4628     4.9353     4.6215     0.0000     0.0000     1.5372         10  0.000e+00
      98.71     0.0400         10   3.902842      2.552    -1.8000   28.23346  -87.97604    125.654    106.895  271.02101  271.12853 1.1856e-01 1.0483e+01    403.963          1     191237    108.132    10.5293    10.5281     99.220   7968.167     1.5372     1.4628     4.9353     4.6215     0.0000     0.0000     1.5372         10  0.000e+00
      98.71     0.0400         10   3.902835     -1.360    -1.8000   28.23346  -87.97604    125.504    106.895  271.02075  271.12826 1.1856e-01 1.0483e+01    403.907          1     191238    108.141    10.5294    10.5281     99.231   7968.208     1.5360     1.4628     4.9353     4.6215     0.0000     0.0000     1.5360         10  0.000e+00
      98.71     0.0400         10   3.902835      0.000    -1.8000   28.23346  -87.97604    125.504    106.895  271.02041  271.12791 1.1856e-01 1.0483e+01    403.907          1     191239    108.149    10.5295    10.5281     99.238   7968.250     1.5360     1.4628     4.9353     4.6215     0.0000     0.0000     1.5360         10  0.000e+00
      98.71     0.0389         10   3.902842     -0.510    -1.8000   28.23346  -87.97604    125.504    106.894  271.02060  271.12812 1.1856e-01 1.0483e+01    403.885          1     191240    108.135    10.5294    10.5281     99.225   7968.292     1.5360     1.4628     4.9353     4.6227     0.0000     0.0000     1.5360         10  0.000e+00
      98.71     0.0400         10   3.902842      0.511    -1.8000   28.23346  -87.97604    125.504    106.895  271.02028  271.12778 1.1856e-01 1.0483e+01    403.907          1     191241    108.144    10.5295    10.5281     99.233   7968.333     1.5360     1.4628     4.9353     4.6215     0.0000     0.0000     1.5360         10  0.000e+00
      98.71     0.0389         10   3.902862      0.000    -1.8000   28.23346  -87.97604    125.504    106.895  271.01886  271.12634 1.1856e-01 1.0483e+01    403.907          1     191242    108.152    10.5298    10.5279     99.242   7968.375     1.5360     1.4628     4.9353     4.6227     0.0000     0.0000     1.5360         10  0.000e+00
      98.71     0.0400         10   3.902896      0.000    -1.8000   28.23346  -87.97604    125.503    106.895  271.01786  271.12534 1.1856e-01 1.0483e+01    403.907          1     191243    108.135    10.5299    10.5281     99.224   7968.417     1.5360     1.4628     4.9353     4.6215     0.0000     0.0000     1.5360         10  0.000e+00
      98.71     0.0400         10   3.902883      0.001    -1.8000   28.23346  -87.97604    125.504    106.895  271.01983  271.12735 1.1856e-01 1.0483e+01    403.907          1     191244    108.106    10.5294    10.5279     99.196   7968.458     1.5360     1.4628     4.9353     4.6215     0.0000     0.0000     1.5360         10  0.000e+00
      98.71     0.0400         10   3.902849      0.681    -1.8000   28.23346  -87.97604    125.505    106.896  271.02052  271.12803 1.1856e-01 1.0483e+01    403.935          1     191245    108.133    10.5294    10.5281     99.222   7968.500     1.5360     1.4628     4.9353     4.6215     0.0000     0.0000     1.5360         10  0.000e+00
      98.71     0.0389         10   3.902842     -0.680    -1.8000   28.23346  -87.97604    125.504    106.895  271.02028  271.12778 1.1856e-01 1.0483e+01    403.907          1     191246    108.144    10.5295    10.5281     99.233   7968.542     1.5360     1.4628     4.9353     4.6227     0.0000     0.0000     1.5360         10  0.000e+00
      98.71     0.0400         10   3.902862      1.361    -1.8000   28.23346  -87.97604    125.505    106.896  271.01959  271.12709 1.1856e-01 1.0483e+01    403.964          1     191247    108.140    10.5296    10.5281     99.228   7968.583     1.5360     1.4628     4.9353     4.6215     0.0000     0.0000     1.5360         10  0.000e+00
      98.71     0.0400         10   3.902869     -1.360    -1.8000   28.23346  -87.97604    125.504    106.758  271.02044  271.12796 1.1856e-01 1.0483e+01    403.907          1     191248    108.108    10.5293    10.5279     99.198   7968.625     1.5360     1.4615     4.9353     4.6215     0.0000     0.0000     1.5360         10  0.000e+00
      98.71     0.0400         10   3.902849      0.000    -1.8000   28.23346  -87.97604    125.505    106.758  271.02118  271.12870 1.1856e-01 1.0483e+01    403.907          1     191249    108.116    10.5292    10.5277     99.205   7968.667     1.5360     1.4615     4.9353     4.6215     0.0000     0.0000     1.5360         10  0.000e+00
      98.71     0.0400         10   3.902815      0.681    -1.8000   28.23346  -87.97604    125.506    106.896  271.02271  271.13026 1.1856e-01 1.0482e+01    403.935          1     191250    108.123    10.5290    10.5279     99.212   7968.708     1.5360     1.4628     4.9353     4.6215     0.0000     0.0000     1.5360         10  0.000e+00
      98.71     0.0400         10   3.902802      0.681    -1.8000   28.23346  -87.97604    125.506    106.896  271.02266  271.13019 1.1856e-01 1.0483e+01    403.964          1     191251    108.142    10.5291    10.5279     99.231   7968.750     1.5360     1.4628     4.9353     4.6215     0.0000     0.0000     1.5360         10  0.000e+00
      98.71     0.0400         10   3.902755     -1.360    -1.8000   28.23346  -87.97604    125.655    106.895  271.02524  271.13281 1.1856e-01 1.0482e+01    403.907          1     191252    108.135    10.5287    10.5281     99.225   7968.792     1.5372     1.4628     4.9353     4.6215     0.0000     0.0000     1.5372         10  0.000e+00
      98.71     0.0389         10   3.902681      1.361    -1.8000   28.23346  -87.97604    125.509    106.896  271.02896  271.13657 1.1856e-01 1.0482e+01    403.964          1     191253    108.143    10.5281    10.5279     99.232   7968.833     1.5360     1.4628     4.9353     4.6227     0.0000     0.0000     1.5360         10  0.000e+00
      98.71     0.0410         10   3.902667     -0.680    -1.8000   28.23346  -87.97604    125.361    106.896  271.03074  271.13839 1.1856e-01 1.0481e+01    403.935          1     191254    108.116    10.5277    10.5279     99.206   7968.875     1.5348     1.4628     4.9353     4.6203     0.0000     0.0000     1.5348         10  0.000e+00
      98.71     0.0389         10   3.902633      0.681    -1.8000   28.23346  -87.97604    125.511    106.896  271.03176  271.13941 1.1856e-01 1.0481e+01    403.964          1     191255    108.135    10.5276    10.5281     99.225   7968.917     1.5360     1.4628     4.9353     4.6227     0.0000     0.0000     1.5360         10  0.000e+00
      98.71     0.0389         10   3.902654     -1.360    -1.8000   28.23346  -87.97604    125.509    106.895  271.03046  271.13810 1.1856e-01 1.0481e+01    403.907          1     191256    108.136    10.5278    10.5279     99.227   7968.958     1.5360     1.4628     4.9353     4.6227     0.0000     0.0000     1.5360         10  0.000e+00
      98.63     0.0453         11   4.582761     -1.186    -1.8000   28.23270  -87.97522    141.772    122.051  238.79726  238.52421 1.1856e-01 1.6455e+01    202.103          1     198130    153.383    16.4837    16.4843    147.088   8255.375     1.8645     1.7729     4.9316     4.6154     0.0000     0.0000     1.8645         11  0.000e+00
      98.63     0.0453         11   4.582775      2.542    -1.8000   28.23270  -87.97522    141.901    122.052  238.79637  238.52331 1.1856e-01 1.6455e+01    202.208          1     198131    153.402    16.4840    16.4844    147.103   8255.417     1.8657     1.7729     4.9316     4.6154     0.0000     0.0000     1.8657         11  0.000e+00
      98.63     0.0453         11   4.582811     -1.355    -1.8000   28.23270  -87.97522    141.899    122.051  238.79545  238.52238 1.1856e-01 1.6455e+01    202.152          1     198132    153.386    16.4841    16.4848    147.089   8255.458     1.8657     1.7729     4.9316     4.6154     0.0000     0.0000     1.8657         11  0.000e+00
      98.63     0.0453         11   4.582796      0.000    -1.8000   28.23270  -87.97522    141.900    122.051  238.79627  238.52322 1.1856e-01 1.6455e+01    202.152          1     198133    153.377    16.4839    16.4843    147.080   8255.500     1.8657     1.7729     4.9316     4.6154     0.0000     0.0000     1.8657         11  0.000e+00
      98.63     0.0453         11   4.582725      0.001    -1.8000   28.23270  -87.97522    141.901    122.052  238.79868  238.52564 1.1856e-01 1.6454e+01    202.152          1     198134    153.385    16.4835    16.4841    147.087   8255.542     1.8657     1.7729     4.9316     4.6154     0.0000     0.0000     1.8657         11  0.000e+00
      98.66     0.0442         11   4.582646      1.695    -1.8000   28.23270  -87.97522    141.905    121.934  238.80222  238.52922 1.1856e-01 1.6454e+01    202.223          1     198135    153.372    16.4827    16.4841    147.073   8255.583     1.8657     1.7717     4.9328     4.6166     0.0000     0.0000     1.8657         11  0.000e+00
      98.66     0.0431         11   4.582552     -1.694    -1.8000   28.23270  -87.97522    141.906    122.052  238.80699  238.53405 1.1856e-01 1.6453e+01    202.152          1     198136    153.329    16.4816    16.4839    147.032   8255.625     1.8657     1.7729     4.9328     4.6178     0.0000     0.0000     1.8657         11  0.000e+00
      98.63     0.0431         11   4.582459      0.000    -1.8000   28.23270  -87.97522    141.908    122.052  238.80958  238.53665 1.1856e-01 1.6452e+01    202.152          1     198137    153.353    16.4812    16.4839    147.057   8255.667     1.8657     1.7729     4.9316     4.6178     0.0000     0.0000     1.8657         11  0.000e+00
      98.66     0.0431         11   4.582459      1.356    -1.8000   28.23270  -87.97522    141.909    121.934  238.81011  238.53719 1.1856e-01 1.6452e+01    202.209          1     198138    153.342    16.4810    16.4841    147.044   8255.708     1.8657     1.7717     4.9328     4.6178     0.0000     0.0000     1.8657         11  0.000e+00
      98.63     0.0421         11   4.582531     -1.355    -1.8000   28.23270  -87.97522    141.905    122.052  238.80569  238.53272 1.1856e-01 1.6453e+01    202.152          1     198139    153.389    16.4821    16.4841    147.092   8255.750     1.8657     1.7729     4.9316     4.6190     0.0000     0.0000     1.8657         11  0.000e+00
      98.63     0.0421         11   4.582610      1.356    -1.8000   28.23270  -87.97522    141.905    122.053  238.80273  238.52973 1.1856e-01 1.6454e+01    202.209          1     198140    153.395    16.4827    16.4841    147.096   8255.792     1.8657     1.7729     4.9316     4.6190     0.0000     0.0000     1.8657         11  0.000e+00
      98.63     0.0431         11   4.582689      0.000    -1.8000   28.23270  -87.97522    141.903    122.052  238.80022  238.52720 1.1856e-01 1.6454e+01    202.209          1     198141    153.383    16.4831    16.4843    147.084   8255.833     1.8657     1.7729     4.9316     4.6178     0.0000     0.0000     1.8657         11  0.000e+00
      98.63     0.0431         11   4.582739     -0.847    -1.8000   28.23270  -87.97522    141.902    122.052  238.79922  238.52620 1.1856e-01 1.6454e+01    202.173          1     198142    153.355    16.4832    16.4841    147.057   8255.875     1.8657     1.7729     4.9316     4.6178     0.0000     0.0000     1.8657         11  0.000e+00
      98.63     0.0431         11   4.582753      0.848    -1.8000   28.23270  -87.97522    141.902    122.053  238.79904  238.52602 1.1856e-01 1.6454e+01    202.209          1     198143    153.348    16.4832    16.4841    147.049   8255.917     1.8657     1.7729     4.9316     4.6178     0.0000     0.0000     1.8657         11  0.000e+00
      98.63     0.0421         11   4.582696     -1.355    -1.8000   28.23270  -87.97522    141.902    121.934  238.80070  238.52769 1.1856e-01 1.6454e+01    202.152          1     198144    153.357    16.4829    16.4841    147.060   8255.958     1.8657     1.7717     4.9316     4.6190     0.0000     0.0000     1.8657         11  0.000e+00
      98.66     0.0421         11   4.582638      1.356    -1.8000   28.23270  -87.97522    141.904    121.935  238.80231  238.52931 1.1856e-01 1.6454e+01    202.209          1     198145    153.376    16.4827    16.4839    147.077   8256.000     1.8657     1.7717     4.9328     4.6190     0.0000     0.0000     1.8657         11  0.000e+00
      98.63     0.0431         11   4.582631      0.000    -1.8000   28.23270  -87.97522    141.905    122.054  238.80378  238.53080 1.1856e-01 1.6453e+01    202.209          1     198146    153.342    16.4823    16.4839    147.043   8256.042     1.8657     1.7729     4.9316     4.6178     0.0000     0.0000     1.8657         11  0.000e+00
      98.63     0.0431         11   4.582603      0.000    -1.8000   28.23270  -87.97522    141.906    122.054  238.80432  238.53134 1.1856e-01 1.6453e+01    202.209          1     198147    153.356    16.4822    16.4836    147.058   8256.083     1.8657     1.7729     4.9316     4.6178     0.0000     0.0000     1.8657         11  0.000e+00
      98.66     0.0431         11   4.582595     -0.847    -1.8000   28.23270  -87.97522    141.905    122.053  238.80502  238.53205 1.1856e-01 1.6453e+01    202.173          1     198148    153.341    16.4820    16.4836    147.044   8256.125     1.8657     1.7729     4.9328     4.6178     0.0000     0.0000     1.8657         11  0.000e+00
      98.66     0.0421         11   4.582617      0.848    -1.8000   28.23270  -87.97522    141.906    122.054  238.80448  238.53151 1.1856e-01 1.6453e+01    202.209          1     198149    153.337    16.4821    16.4836    147.038   8256.167     1.8657     1.7729     4.9328     4.6190     0.0000     0.0000     1.8657         11  0.000e+00
      98.63     0.0421         11   4.582581      0.000    -1.8000   28.23270  -87.97522    141.906    122.054  238.80525  238.53228 1.1856e-01 1.6453e+01    202.209          1     198150    153.353    16.4820    16.4838    147.054   8256.208     1.8657     1.7729     4.9316     4.6190     0.0000     0.0000     1.8657         11  0.000e+00
      98.63     0.0431         11   4.582610      0.000    -1.8000   28.23270  -87.97522    141.906    121.936  238.80458  238.53162 1.1856e-01 1.6453e+01    202.209          1     198151    153.341    16.4821    16.4834    147.042   8256.250     1.8657     1.7717     4.9316     4.6178     0.0000     0.0000     1.8657         11  0.000e+00
      98.63     0.0431         11   4.582631     -1.355    -1.8000   28.23270  -87.97522    141.904    122.053  238.80337  238.53039 1.1856e-01 1.6453e+01    202.152          1     198152    153.349    16.4824    16.4836    147.052   8256.292     1.8657     1.7729     4.9316     4.6178     0.0000     0.0000     1.8657         11  0.000e+00
      98.63     0.0431         11   4.582631      2.542    -1.8000   28.23270  -87.97522    141.906    122.055  238.80294  238.52995 1.1856e-01 1.6454e+01    202.258          1     198153    153.369    16.4825    16.4836    147.069   8256.333     1.8657     1.7729     4.9316     4.6178     0.0000     0.0000     1.8657         11  0.000e+00
