tests/data/CTD/g01l03s04.ros
* Sea-Bird SBE 9 Data File:
* FileName = D:\CTD DATA\2013\PE13-01 DiMarco\G01L03S04.hex
* Software Version Seasave V 7.21g
* Temperature SN = 4515
* Conductivity SN = 3079
* Number of Bytes Per Scan = 40
* Number of Voltage Words = 5
* Number of Scans Averaged by the Deck Unit = 1
* NMEA Latitude = 27 58.92 N
* NMEA Longitude = 088 45.18 W
* NMEA UTC (Time) = Jul 08 2012  05:48:18
* NMEA baud rate = 4800
# nquan = 31
# nvalues = 588                                   
# units = specified
# name 0 = altM: Altimeter [m]
# name 1 = bat: Beam Attenuation, Chelsea/Seatech [1/m]
# name 2 = bpos: Bottle Position in Carousel
# name 3 = c0S/m: Conductivity [S/m]
# name 4 = dz/dtM: Descent Rate [m/s]
# name 5 = wetCDOM: Fluorescence, WET Labs CDOM [mg/m^3]
# name 6 = latitude: Latitude [deg]
# name 7 = longitude: Longitude [deg]
# name 8 = sbeox0Mm/Kg: Oxygen, SBE 43 [umol/kg]
# name 9 = sbeox1Mm/Kg: Oxygen, SBE 43, 2 [umol/kg]
# name 10 = oxsolMm/Kg: Oxygen Saturation, Garcia & Gordon [umol/kg]
# name 11 = oxsatMm/Kg: Oxygen Saturation, Weiss [umol/kg]
# name 12 = par: PAR/Irradiance, Biospherical/Licor
# name 13 = pla: Plume Anomaly
# name 14 = prDM: Pressure, Digiquartz [db]
# name 15 = pumps: Pump Status
# name 16 = scan: Scan Count
# name 17 = sva: Specific Volume Anomaly [10^-8 * m^3/kg]
# name 18 = t090C: Temperature [ITS-90, deg C]
# name 19 = t190C: Temperature, 2 [ITS-90, deg C]
# name 20 = tsa: Thermosteric Anomaly [10^-8 * m^3/kg]
# name 21 = timeS: Time, Elapsed [seconds]
# name 22 = v0: Voltage 0
# name 23 = v1: Voltage 1
# name 24 = v2: Voltage 2
# name 25 = v3: Voltage 3
# name 26 = v4: Voltage 4
# name 27 = v5: Voltage 5
# name 28 = sbeox0V: Oxygen raw, SBE 43 [V]
# name 29 = nbf: Bottles Fired
# name 30 = flag:  0.000e+00
# interval = seconds: 0.0416667
# start_time = Jul 08 2012 05:48:18 [NMEA time, header]
# bad_flag = -9.990e-29
*END*
[from data line 515]
      98.56     0.0772         11   5.614067     -0.506    -1.8000   27.98762  -88.76928    198.677    174.224  201.14994  200.63609 1.1856e-01 2.6137e+01     50.615          1     177631    391.546    26.1423    26.1458    389.674   7401.250     2.8083     2.6606     4.9280     4.5788     0.0000     0.0000     2.8083         11  0.000e+00
      98.58     0.0772         11   5.614098      0.507    -1.8000   27.98762  -88.76928    198.677    174.123  201.15005  200.63621 1.1856e-01 2.6137e+01     50.636          1     177632    391.515    26.1421    26.1463    389.643   7401.292     2.8083     2.6593     4.9292     4.5788     0.0000     0.0000     2.8083         11  0.000e+00
      98.58     0.0761         11   5.614075      0.000    -1.8000   27.98762  -88.76928    198.678    174.219  201.15027  200.63643 1.1856e-01 2.6137e+01     50.636          1     177633    391.528    26.1421    26.1478    389.655   7401.333     2.8083     2.6606     4.9292     4.5800     0.0000     0.0000     2.8083         11  0.000e+00
      98.58     0.0772         11   5.614067     -0.507    -1.8000   27.98762  -88.76928    198.678    174.312  201.15074  200.63690 1.1856e-01 2.6137e+01     50.615          1     177634    391.515    26.1420    26.1494    389.644   7401.375     2.8083     2.6618     4.9292     4.5788     0.0000     0.0000     2.8083         11  0.000e+00
      98.56     0.0782         11   5.614067      0.507    -1.8000   27.98762  -88.76928    198.573    174.112  201.15075  200.63690 1.1856e-01 2.6137e+01     50.637          1     177635    391.516    26.1420    26.1505    389.644   7401.417     2.8071     2.6593     4.9280     4.5775     0.0000     0.0000     2.8071         11  0.000e+00
      98.56     0.0782         11   5.614067     -1.182    -1.8000   27.98762  -88.76928    198.676    174.304  201.15033  200.63648 1.1856e-01 2.6137e+01     50.587          1     177636    391.529    26.1421    26.1525    389.658   7401.458     2.8083     2.6618     4.9280     4.5775     0.0000     0.0000     2.8083         11  0.000e+00
      98.58     0.0772         11   5.614098      0.676    -1.8000   27.98762  -88.76928    198.677    174.302  201.15005  200.63620 1.1856e-01 2.6137e+01     50.615          1     177637    391.514    26.1421    26.1536    389.643   7401.500     2.8083     2.6618     4.9292     4.5788     0.0000     0.0000     2.8083         11  0.000e+00
      98.58     0.0782         11   5.614114      0.507    -1.8000   27.98762  -88.76928    198.676    174.302  201.14911  200.63526 1.1856e-01 2.6137e+01     50.637          1     177638    391.538    26.1425    26.1541    389.666   7401.542     2.8083     2.6618     4.9292     4.5775     0.0000     0.0000     2.8083         11  0.000e+00
      98.56     0.0782         11   5.614114     -1.182    -1.8000   27.98762  -88.76928    198.676    174.103  201.14989  200.63605 1.1856e-01 2.6137e+01     50.587          1     177639    391.504    26.1421    26.1545    389.634   7401.583     2.8083     2.6593     4.9280     4.5775     0.0000     0.0000     2.8083         11  0.000e+00
      98.56     0.0782         11   5.614114      1.858    -1.8000   27.98762  -88.76928    198.572    174.303  201.14912  200.63527 1.1856e-01 2.6137e+01     50.665          1     177640    391.539    26.1425    26.1547    389.666   7401.625     2.8071     2.6618     4.9280     4.5775     0.0000     0.0000     2.8071         11  0.000e+00
      98.58     0.0782         11   5.614114     -1.858    -1.8000   27.98762  -88.76928    198.676    174.301  201.14941  200.63556 1.1856e-01 2.6137e+01     50.587          1     177641    391.522    26.1424    26.1547    389.652   7401.667     2.8083     2.6618     4.9292     4.5775     0.0000     0.0000     2.8083         11  0.000e+00
      98.58     0.0772         11   5.614184      1.183    -1.8000   27.98762  -88.76928    198.676    174.303  201.14884  200.63500 1.1856e-01 2.6137e+01     50.637          1     177642    391.485    26.1423    26.1543    389.613   7401.708     2.8083     2.6618     4.9292     4.5788     0.0000     0.0000     2.8083         11  0.000e+00
      98.58     0.0782         11   5.614137      0.676    -1.8000   27.98762  -88.76928    198.678    174.305  201.14970  200.63586 1.1856e-01 2.6137e+01     50.665          1     177643    391.497    26.1421    26.1538    389.623   7401.750     2.8083     2.6618     4.9292     4.5775     0.0000     0.0000     2.8083         11  0.000e+00
      98.58     0.0782         11   5.614145     -1.858    -1.8000   27.98762  -88.76928    198.570    174.305  201.14919  200.63535 1.1856e-01 2.6137e+01     50.587          1     177644    391.503    26.1423    26.1534    389.633   7401.792     2.8071     2.6618     4.9292     4.5775     0.0000     0.0000     2.8071         11  0.000e+00
      98.56     0.0782         11   5.614161      0.000    -1.8000   27.98762  -88.76928    198.675    174.305  201.14897  200.63512 1.1856e-01 2.6137e+01     50.587          1     177645    391.498    26.1424    26.1533    389.628   7401.833     2.8083     2.6618     4.9280     4.5775     0.0000     0.0000     2.8083         11  0.000e+00
      98.56     0.0772         11   5.614122      1.183    -1.8000   27.98762  -88.76928    198.677    174.306  201.14943  200.63559 1.1856e-01 2.6137e+01     50.637          1     177646    391.518    26.1423    26.1535    389.646   7401.875     2.8083     2.6618     4.9280     4.5788     0.0000     0.0000     2.8083         11  0.000e+00
      98.56     0.0782         11   5.614145      0.676    -1.8000   27.98762  -88.76928    198.572    174.309  201.14914  200.63530 1.1856e-01 2.6137e+01     50.665          1     177647    391.511    26.1424    26.1525    389.638   7401.917     2.8071     2.6618     4.9280     4.5775     0.0000     0.0000     2.8071         11  0.000e+00
      98.56     0.0782         11   5.614122     -0.676    -1.8000   27.98762  -88.76928    198.466    174.312  201.14935  200.63551 1.1856e-01 2.6137e+01     50.637          1     177648    391.521    26.1424    26.1516    389.649   7401.958     2.8059     2.6618     4.9280     4.5775     0.0000     0.0000     2.8059         11  0.000e+00
      98.56     0.0782         11   5.614145     -1.182    -1.8000   27.98762  -88.76928    198.570    174.316  201.14919  200.63535 1.1856e-01 2.6137e+01     50.587          1     177649    391.503    26.1423    26.1496    389.633   7402.000     2.8071     2.6618     4.9280     4.5775     0.0000     0.0000     2.8071         11  0.000e+00
      98.58     0.0772         11   5.614090      1.858    -1.8000   27.98762  -88.76928    198.572    174.322  201.14926  200.63541 1.1856e-01 2.6137e+01     50.665          1     177650    391.555    26.1425    26.1473    389.682   7402.042     2.8071     2.6618     4.9292     4.5788     0.0000     0.0000     2.8071         11  0.000e+00
      98.58     0.0782         11   5.614098     -0.675    -1.8000   27.98762  -88.76928    198.466    174.325  201.14965  200.63581 1.1856e-01 2.6137e+01     50.637          1     177651    391.531    26.1423    26.1452    389.658   7402.083     2.8059     2.6618     4.9292     4.5775     0.0000     0.0000     2.8059         11  0.000e+00
      98.58     0.0782         11   5.614114      0.000    -1.8000   27.98762  -88.76928    198.466    174.527  201.14943  200.63558 1.1856e-01 2.6137e+01     50.637          1     177652    391.525    26.1424    26.1436    389.653   7402.125     2.8059     2.6642     4.9292     4.5775     0.0000     0.0000     2.8059         11  0.000e+00
      98.56     0.0782         11   5.614075      0.676    -1.8000   27.98762  -88.76928    198.467    174.529  201.14988  200.63604 1.1856e-01 2.6137e+01     50.665          1     177653    391.545    26.1423    26.1427    389.671   7402.167     2.8059     2.6642     4.9280     4.5775     0.0000     0.0000     2.8059         11  0.000e+00
      98.56     0.0793         11   5.614098     -0.676    -1.8000   27.98762  -88.76928    198.361    174.431  201.15005  200.63621 1.1856e-01 2.6137e+01     50.637          1     177654    391.515    26.1421    26.1425    389.643   7402.208     2.8046     2.6630     4.9280     4.5763     0.0000     0.0000     2.8046         11  0.000e+00
      98.58     0.0782         12   5.969481     -1.519    -1.8000   27.98778  -88.76944    198.775    176.784  190.21315  189.74020 1.1856e-01 2.9736e+01      1.271          1     180902    518.988    29.7288    29.7279    519.138   7537.542     2.9560     2.8205     4.9292     4.5775     0.0000     0.0000     2.9560         12  0.000e+00
      98.58     0.0782         12   5.969546      1.519    -1.8000   27.98778  -88.76944    198.876    176.786  190.21307  189.74012 1.1856e-01 2.9735e+01      1.335          1     180903    518.944    29.7286    29.7279    519.091   7537.583     2.9573     2.8205     4.9292     4.5775     0.0000     0.0000     2.9573         12  0.000e+00
      98.56     0.0793         12   5.969530     -1.519    -1.8000   27.98778  -88.76944    198.775    176.690  190.21276  189.73982 1.1856e-01 2.9736e+01      1.271          1     180904    518.965    29.7288    29.7282    519.115   7537.625     2.9560     2.8193     4.9280     4.5763     0.0000     0.0000     2.9560         12  0.000e+00
      98.58     0.0782         12   5.969562      1.519    -1.8000   27.98778  -88.76944    198.679    176.786  190.21378  189.74083 1.1856e-01 2.9735e+01      1.335          1     180905    518.901    29.7282    29.7279    519.048   7537.667     2.9548     2.8205     4.9292     4.5775     0.0000     0.0000     2.9548         12  0.000e+00
      98.58     0.0782         12   5.969530     -1.519    -1.8000   27.98778  -88.76944    198.677    176.691  190.21402  189.74107 1.1856e-01 2.9735e+01      1.271          1     180906    518.913    29.7282    29.7281    519.062   7537.708     2.9548     2.8193     4.9292     4.5775     0.0000     0.0000     2.9548         12  0.000e+00
      98.58     0.0761         12   5.969425      1.519    -1.8000   27.98778  -88.76944    198.779    176.692  190.21482  189.74186 1.1856e-01 2.9735e+01      1.335          1     180907    518.971    29.7283    29.7281    519.118   7537.750     2.9560     2.8193     4.9292     4.5800     0.0000     0.0000     2.9560         12  0.000e+00
      98.58     0.0761         12   5.969449     -0.338    -1.8000   27.98778  -88.76944    198.679    176.692  190.21469  189.74173 1.1856e-01 2.9735e+01      1.321          1     180908    518.955    29.7282    29.7281    519.103   7537.792     2.9548     2.8193     4.9292     4.5800     0.0000     0.0000     2.9548         12  0.000e+00
      98.56     0.0750         12   5.969506      1.519    -1.8000   27.98778  -88.76944    198.681    176.693  190.21453  189.74157 1.1856e-01 2.9735e+01      1.384          1     180909    518.920    29.7281    29.7279    519.065   7537.833     2.9548     2.8193     4.9280     4.5812     0.0000     0.0000     2.9548         12  0.000e+00
      98.58     0.0750         12   5.969449     -2.531    -1.8000   27.98778  -88.76944    198.679    176.691  190.21545  189.74248 1.1856e-01 2.9735e+01      1.278          1     180910    518.920    29.7279    29.7281    519.070   7537.875     2.9548     2.8193     4.9292     4.5812     0.0000     0.0000     2.9548         12  0.000e+00
      98.56     0.0750         12   5.969498      1.013    -1.8000   27.98778  -88.76944    198.580    176.692  190.21458  189.74162 1.1856e-01 2.9735e+01      1.321          1     180911    518.920    29.7281    29.7279    519.067   7537.917     2.9536     2.8193     4.9280     4.5812     0.0000     0.0000     2.9536         12  0.000e+00
      98.56     0.0750         12   5.969481     -1.013    -1.8000   27.98778  -88.76944    198.579    176.597  190.21476  189.74180 1.1856e-01 2.9735e+01      1.278          1     180912    518.922    29.7281    29.7279    519.072   7537.958     2.9536     2.8181     4.9280     4.5812     0.0000     0.0000     2.9536         12  0.000e+00
      98.58     0.0750         12   5.969490      1.013    -1.8000   27.98778  -88.76944    198.580    176.598  190.21471  189.74175 1.1856e-01 2.9735e+01      1.321          1     180913    518.921    29.7281    29.7279    519.068   7538.000     2.9536     2.8181     4.9292     4.5812     0.0000     0.0000     2.9536         12  0.000e+00
      98.58     0.0750         12   5.969473      0.338    -1.8000   27.98778  -88.76944    198.581    176.599  190.21478  189.74182 1.1856e-01 2.9735e+01      1.335          1     180914    518.932    29.7281    29.7279    519.080   7538.042     2.9536     2.8181     4.9292     4.5812     0.0000     0.0000     2.9536         12  0.000e+00
      98.58     0.0750         12   5.969473     -0.338    -1.8000   27.98778  -88.76944    198.481    176.505  190.21484  189.74188 1.1856e-01 2.9735e+01      1.321          1     180915    518.929    29.7281    29.7279    519.076   7538.083     2.9524     2.8168     4.9292     4.5812     0.0000     0.0000     2.9524         12  0.000e+00
      98.58     0.0750         12   5.969506     -1.012    -1.8000   27.98778  -88.76944    198.479    176.410  190.21373  189.74078 1.1856e-01 2.9735e+01      1.278          1     180916    518.945    29.7285    29.7279    519.095   7538.125     2.9524     2.8156     4.9292     4.5812     0.0000     0.0000     2.9524         12  0.000e+00
      98.58     0.0750         12   5.969481      1.013    -1.8000   27.98778  -88.76944    198.481    176.317  190.21443  189.74147 1.1856e-01 2.9735e+01      1.321          1     180917    518.939    29.7282    29.7277    519.087   7538.167     2.9524     2.8144     4.9292     4.5812     0.0000     0.0000     2.9524         12  0.000e+00
      98.58     0.0750         12   5.969473      0.338    -1.8000   27.98778  -88.76944    198.482    176.317  190.21478  189.74182 1.1856e-01 2.9735e+01      1.335          1     180918    518.932    29.7281    29.7279    519.080   7538.208     2.9524     2.8144     4.9292     4.5812     0.0000     0.0000     2.9524         12  0.000e+00
      98.56     0.0750         12   5.969506     -1.519    -1.8000   27.98778  -88.76944    198.479    176.316  190.21422  189.74126 1.1856e-01 2.9735e+01      1.271          1     180919    518.924    29.7282    29.7281    519.074   7538.250     2.9524     2.8144     4.9280     4.5812     0.0000     0.0000     2.9524         12  0.000e+00
      98.56     0.0761         12   5.969465      1.519    -1.8000   27.98778  -88.76944    198.481    176.224  190.21414  189.74119 1.1856e-01 2.9735e+01      1.335          1     180920    518.965    29.7284    29.7281    519.112   7538.292     2.9524     2.8132     4.9280     4.5800     0.0000     0.0000     2.9524         12  0.000e+00
      98.56     0.0761         12   5.969498     -0.338    -1.8000   27.98778  -88.76944    198.480    176.223  190.21381  189.74086 1.1856e-01 2.9735e+01      1.321          1     180921    518.952    29.7285    29.7281    519.099   7538.333     2.9524     2.8132     4.9280     4.5800     0.0000     0.0000     2.9524         12  0.000e+00
      98.56     0.0750         12   5.969481     -1.013    -1.8000   27.98778  -88.76944    198.479    176.223  190.21399  189.74104 1.1856e-01 2.9735e+01      1.278          1     180922    518.954    29.7284    29.7281    519.103   7538.375     2.9524     2.8132     4.9280     4.5812     0.0000     0.0000     2.9524         12  0.000e+00
      98.56     0.0750         12   5.969473     -1.181    -1.8000   27.98778  -88.76944    198.578    176.222  190.21439  189.74144 1.1856e-01 2.9735e+01      1.229          1     180923    518.940    29.7283    29.7281    519.092   7538.417     2.9536     2.8132     4.9280     4.5812     0.0000     0.0000     2.9536         12  0.000e+00
