tests/data/CTD/g01l02s05.ros
* Sea-Bird SBE 9 Data File:
* FileName = D:\CTD DATA\2013\PE13-01 DiMarco\G01L02S05.hex
* Software Version Seasave V 7.21g
* Temperature SN = 4515
* Conductivity SN = 3079
* Number of Bytes Per Scan = 40
* Number of Voltage Words = 5
* Number of Scans Averaged by the Deck Unit = 1
* NMEA Latitude = 27 45.03 N
* NMEA Longitude = 089 00.05 W
* NMEA UTC (Time) = Jul 10 2012  19:40:57
* NMEA baud rate = 4800
# nquan = 31
# nvalues = 588                                   
# units = specified
# name 0 = altM: Altimeter [m]
# name 1 = bat: Beam Attenuation, Chelsea/Seatech [1/m]
# name 2 = bpos: Bottle Position in Carousel
# name 3 = c0S/m: Conductivity [S/m]
# name 4 = dz/dtM: Descent Rate [m/s]
# name 5 = wetCDOM: Fluorescence, WET Labs CDOM [mg/m^3]
# name 6 = latitude: Latitude [deg]
# name 7 = longitude: Longitude [deg]
# name 8 = sbeox0Mm/Kg: Oxygen, SBE 43 [umol/kg]
# name 9 = sbeox1Mm/Kg: Oxygen, SBE 43, 2 [umol/kg]
# name 10 = oxsolMm/Kg: Oxygen Saturation, Garcia & Gordon [umol/kg]
# name 11 = oxsatMm/Kg: Oxygen Saturation, Weiss [umol/kg]
# name 12 = par: PAR/Irradiance, Biospherical/Licor
# name 13 = pla: Plume Anomaly
# name 14 = prDM: Pressure, Digiquartz [db]
# name 15 = pumps: Pump Status
# name 16 = scan: Scan Count
# name 17 = sva: Specific Volume Anomaly [10^-8 * m^3/kg]
# name 18 = t090C: Temperature [ITS-90, deg C]
# name 19 = t190C: Temperature, 2 [ITS-90, deg C]
# name 20 = tsa: Thermosteric Anomaly [10^-8 * m^3/kg]
# name 21 = timeS: Time, Elapsed [seconds]
# name 22 = v0: Voltage 0
# name 23 = v1: Voltage 1
# name 24 = v2: Voltage 2
# name 25 = v3: Voltage 3
# name 26 = v4: Voltage 4
# name 27 = v5: Voltage 5
# name 28 = sbeox0V: Oxygen raw, SBE 43 [V]
# name 29 = nbf: Bottles Fired
# name 30 = flag:  0.000e+00
# interval = seconds: 0.0416667
# start_time = Jul 10 2012 19:40:57 [NMEA time, header]
# bad_flag = -9.990e-29
*END*
      98.66     0.0729          1   3.342983     -2.257    -1.8000   27.76004  -89.00316    219.538    185.755  312.94936  313.73702 1.1856e-01 4.1290e+00   1529.551          1      63215     50.168     4.2539     4.2535     35.167   2633.917     1.8437     1.7375     4.9328     4.5836     0.0000     0.0000     1.8437          1  0.000e+00
      98.66     0.0718          1   3.342976     -0.347    -1.8000   27.76004  -89.00316    219.539    185.939  312.95122  313.73893 1.1856e-01 4.1287e+00   1529.537          1      63216     50.142     4.2535     4.2535     35.142   2633.958     1.8437     1.7387     4.9328     4.5849     0.0000     0.0000     1.8437          1  0.000e+00
      98.66     0.0729          1   3.342976      0.348    -1.8000   27.76004  -89.00316    219.339    185.941  312.95075  313.73845 1.1856e-01 4.1288e+00   1529.551          1      63217     50.152     4.2536     4.2534     35.151   2634.000     1.8425     1.7387     4.9328     4.5836     0.0000     0.0000     1.8425          1  0.000e+00
      98.63     0.0729          1   3.342983     -0.347    -1.8000   27.76004  -89.00316    219.339    185.940  312.95105  313.73876 1.1856e-01 4.1287e+00   1529.537          1      63218     50.137     4.2535     4.2535     35.136   2634.042     1.8425     1.7387     4.9316     4.5836     0.0000     0.0000     1.8425          1  0.000e+00
      98.66     0.0729          1   3.342926      1.390    -1.8000   27.76004  -89.00316    219.342    185.941  312.95341  313.74112 1.1856e-01 4.1285e+00   1529.595          1      63219     50.175     4.2534     4.2535     35.176   2634.083     1.8425     1.7387     4.9328     4.5836     0.0000     0.0000     1.8425          1  0.000e+00
      98.63     0.0729          1   3.342919     -1.041    -1.8000   27.76004  -89.00316    219.541    185.940  312.95280  313.74049 1.1856e-01 4.1287e+00   1529.552          1      63220     50.192     4.2535     4.2535     35.192   2634.125     1.8437     1.7387     4.9316     4.5836     0.0000     0.0000     1.8437          1  0.000e+00
      98.66     0.0729          1   3.342945     -0.347    -1.8000   27.76004  -89.00316    219.540    185.940  312.95160  313.73929 1.1856e-01 4.1288e+00   1529.537          1      63221     50.178     4.2536     4.2535     35.178   2634.167     1.8437     1.7387     4.9328     4.5836     0.0000     0.0000     1.8437          1  0.000e+00
      98.66     0.0718          1   3.342951      0.348    -1.8000   27.76004  -89.00316    219.339    185.940  312.95120  313.73888 1.1856e-01 4.1288e+00   1529.552          1      63222     50.178     4.2537     4.2537     35.177   2634.208     1.8425     1.7387     4.9328     4.5849     0.0000     0.0000     1.8425          1  0.000e+00
      98.66     0.0729          1   3.342945      1.043    -1.8000   27.76004  -89.00316    219.540    185.757  312.94972  313.73734 1.1856e-01 4.1292e+00   1529.595          1      63223     50.216     4.2540     4.2534     35.215   2634.250     1.8437     1.7375     4.9328     4.5836     0.0000     0.0000     1.8437          1  0.000e+00
      98.66     0.0740          1   3.342945     -1.042    -1.8000   27.76004  -89.00316    219.339    185.940  312.95065  313.73830 1.1856e-01 4.1290e+00   1529.552          1      63224     50.196     4.2538     4.2535     35.196   2634.292     1.8425     1.7387     4.9328     4.5824     0.0000     0.0000     1.8425          1  0.000e+00
      98.66     0.0729          1   3.342951      1.043    -1.8000   27.76004  -89.00316    219.341    185.756  312.95125  313.73893 1.1856e-01 4.1288e+00   1529.595          1      63225     50.180     4.2537     4.2535     35.179   2634.333     1.8425     1.7375     4.9328     4.5836     0.0000     0.0000     1.8425          1  0.000e+00
      98.66     0.0729          1   3.342970     -1.042    -1.8000   27.76004  -89.00316    219.338    185.940  312.94971  313.73736 1.1856e-01 4.1290e+00   1529.552          1      63226     50.179     4.2539     4.2535     35.178   2634.375     1.8425     1.7387     4.9328     4.5836     0.0000     0.0000     1.8425          1  0.000e+00
      98.66     0.0729          1   3.342976     -0.347    -1.8000   27.76004  -89.00316    219.538    185.940  312.94952  313.73717 1.1856e-01 4.1290e+00   1529.537          1      63227     50.173     4.2539     4.2535     35.172   2634.417     1.8437     1.7387     4.9328     4.5836     0.0000     0.0000     1.8437          1  0.000e+00
      98.66     0.0740          1   3.342983      1.738    -1.8000   27.76004  -89.00316    219.341    185.942  312.95064  313.73834 1.1856e-01 4.1288e+00   1529.610          1      63228     50.149     4.2536     4.2535     35.147   2634.458     1.8425     1.7387     4.9328     4.5824     0.0000     0.0000     1.8425          1  0.000e+00
      98.66     0.0729          1   3.342983     -0.347    -1.8000   27.76004  -89.00316    219.540    185.942  312.94941  313.73707 1.1856e-01 4.1290e+00   1529.595          1      63229     50.170     4.2539     4.2534     35.168   2634.500     1.8437     1.7387     4.9328     4.5836     0.0000     0.0000     1.8437          1  0.000e+00
      98.66     0.0729          1   3.342976      0.348    -1.8000   27.76004  -89.00316    219.540    185.942  312.94960  313.73725 1.1856e-01 4.1290e+00   1529.610          1      63230     50.176     4.2539     4.2532     35.175   2634.542     1.8437     1.7387     4.9328     4.5836     0.0000     0.0000     1.8437          1  0.000e+00
      98.66     0.0729          1   3.342976     -1.736    -1.8000   27.76004  -89.00316    219.338    185.941  312.94976  313.73742 1.1856e-01 4.1290e+00   1529.537          1      63231     50.169     4.2538     4.2534     35.168   2634.583     1.8425     1.7387     4.9328     4.5836     0.0000     0.0000     1.8425          1  0.000e+00
      98.66     0.0740          1   3.342957      1.738    -1.8000   27.76004  -89.00316    219.541    185.941  312.95012  313.73777 1.1856e-01 4.1290e+00   1529.610          1      63232     50.192     4.2539     4.2535     35.191   2634.625     1.8437     1.7387     4.9328     4.5824     0.0000     0.0000     1.8437          1  0.000e+00
      98.63     0.0729          1   3.342945     -0.347    -1.8000   27.76004  -89.00316    219.541    185.756  312.95143  313.73910 1.1856e-01 4.1288e+00   1529.595          1      63233     50.185     4.2537     4.2535     35.185   2634.667     1.8437     1.7375     4.9316     4.5836     0.0000     0.0000     1.8437          1  0.000e+00
      98.66     0.0718          1   3.342970     -1.042    -1.8000   27.76004  -89.00316    219.539    185.940  312.95068  313.73837 1.1856e-01 4.1288e+00   1529.552          1      63234     50.162     4.2537     4.2534     35.161   2634.708     1.8437     1.7387     4.9328     4.5849     0.0000     0.0000     1.8437          1  0.000e+00
      98.66     0.0740          1   3.342957      2.259    -1.8000   27.76004  -89.00316    219.342    185.942  312.95138  313.73907 1.1856e-01 4.1288e+00   1529.646          1      63235     50.172     4.2536     4.2535     35.171   2634.750     1.8425     1.7387     4.9328     4.5824     0.0000     0.0000     1.8425          1  0.000e+00
      98.66     0.0729          1   3.342970     -2.257    -1.8000   27.76004  -89.00316    219.539    185.940  312.95068  313.73837 1.1856e-01 4.1288e+00   1529.552          1      63236     50.162     4.2537     4.2535     35.161   2634.792     1.8437     1.7387     4.9328     4.5836     0.0000     0.0000     1.8437          1  0.000e+00
      98.66     0.0729          1   3.342976      1.043    -1.8000   27.76004  -89.00316    219.340    185.942  312.95056  313.73824 1.1856e-01 4.1288e+00   1529.595          1      63237     50.158     4.2537     4.2532     35.157   2634.833     1.8425     1.7387     4.9328     4.5836     0.0000     0.0000     1.8425          1  0.000e+00
      98.66     0.0729          1   3.342976      0.348    -1.8000   27.76004  -89.00316    219.341    185.943  312.95082  313.73851 1.1856e-01 4.1288e+00   1529.610          1      63238     50.154     4.2536     4.2532     35.153   2634.875     1.8425     1.7387     4.9328     4.5836     0.0000     0.0000     1.8425          1  0.000e+00
      98.66     0.0729          1   3.342957     -0.347    -1.8000   27.76004  -89.00316    219.340    185.943  312.95108  313.73876 1.1856e-01 4.1288e+00   1529.595          1      63239     50.174     4.2537     4.2532     35.174   2634.917     1.8425     1.7387     4.9328     4.5836     0.0000     0.0000     1.8425          1  0.000e+00
      98.63     0.0729          1   3.342945      0.001    -1.8000   27.76004  -89.00316    219.343    185.943  312.95386  313.74162 1.1856e-01 4.1284e+00   1529.596          1      63240     50.142     4.2532     4.2532     35.142   2634.958     1.8425     1.7387     4.9316     4.5836     0.0000     0.0000     1.8425          1  0.000e+00
      98.66     0.0740          1   3.342881      0.348    -1.8000   27.76004  -89.00316    219.346    185.944  312.95804  313.74586 1.1856e-01 4.1279e+00   1529.610          1      63241     50.153     4.2527     4.2530     35.155   2635.000     1.8425     1.7387     4.9328     4.5824     0.0000     0.0000     1.8425          1  0.000e+00
      98.63     0.0729          1   3.342926     -0.347    -1.8000   27.76004  -89.00316    219.342    185.942  312.95365  313.74138 1.1856e-01 4.1285e+00   1529.596          1      63242     50.171     4.2533     4.2534     35.171   2635.042     1.8425     1.7387     4.9316     4.5836     0.0000     0.0000     1.8425          1  0.000e+00
      98.66     0.0729          1   3.342894      0.348    -1.8000   27.76004  -89.00316    219.544    185.943  312.95429  313.74200 1.1856e-01 4.1285e+00   1529.610          1      63243     50.203     4.2534     4.2532     35.204   2635.083     1.8437     1.7387     4.9328     4.5836     0.0000     0.0000     1.8437          1  0.000e+00
      98.66     0.0729          1   3.342932     -1.736    -1.8000   27.76004  -89.00316    219.542    185.941  312.95414  313.74190 1.1856e-01 4.1284e+00   1529.538          1      63244     50.150     4.2532     4.2532     35.151   2635.125     1.8437     1.7387     4.9328     4.5836     0.0000     0.0000     1.8437          1  0.000e+00
      98.66     0.0729          1   3.342932      2.954    -1.8000   27.76004  -89.00316    219.545    185.943  312.95428  313.74203 1.1856e-01 4.1284e+00   1529.661          1      63245     50.155     4.2532     4.2534     35.155   2635.167     1.8437     1.7387     4.9328     4.5836     0.0000     0.0000     1.8437          1  0.000e+00
      98.66     0.0718          1   3.342900     -1.563    -1.8000   27.76004  -89.00316    219.545    185.942  312.95678  313.74458 1.1856e-01 4.1280e+00   1529.596          1      63246     50.149     4.2528     4.2534     35.151   2635.208     1.8437     1.7387     4.9328     4.5849     0.0000     0.0000     1.8437          1  0.000e+00
      86.18     0.0729          1   3.342881     -1.041    -1.8000   27.76004  -89.00316    219.345    185.942  312.95871  313.74655 1.1856e-01 4.1277e+00   1529.552          1      63247     50.137     4.2526     4.2532     35.140   2635.250     1.8425     1.7387     4.3089     4.5836     0.0000     0.0000     1.8425          1  0.000e+00
      28.25     0.0718          1   3.342888      1.043    -1.8000   27.76004  -89.00316    219.546    185.943  312.95785  313.74568 1.1856e-01 4.1279e+00   1529.596          1      63248     50.147     4.2527     4.2532     35.149   2635.292     1.8437     1.7387     1.4127     4.5849     0.0000     0.0000     1.8437          1  0.000e+00
       3.08     0.0718          1   3.342894     -1.041    -1.8000   27.76004  -89.00316    219.544    185.942  312.95690  313.74470 1.1856e-01 4.1280e+00   1529.552          1      63249     50.153     4.2528     4.2532     35.155   2635.333     1.8437     1.7387     0.1538     4.5849     0.0000     0.0000     1.8437          1  0.000e+00
       1.86     0.0718          1   3.342856      1.043    -1.8000   27.76004  -89.00316    219.346    185.943  312.95872  313.74653 1.1856e-01 4.1279e+00   1529.596          1      63250     50.174     4.2527     4.2532     35.177   2635.375     1.8425     1.7387     0.0928     4.5849     0.0000     0.0000     1.8425          1  0.000e+00
       4.59     0.0718          1   3.342881     -1.041    -1.8000   27.76004  -89.00316    219.546    185.941  312.95871  313.74655 1.1856e-01 4.1277e+00   1529.552          1      63251     50.137     4.2526     4.2534     35.140   2635.417     1.8437     1.7387     0.2295     4.5849     0.0000     0.0000     1.8437          1  0.000e+00
       5.69     0.0708          1   3.342869     -0.347    -1.8000   27.76004  -89.00316    219.547    185.940  312.96147  313.74940 1.1856e-01 4.1273e+00   1529.538          1      63252     50.104     4.2521     4.2534     35.108   2635.458     1.8437     1.7387     0.2845     4.5861     0.0000     0.0000     1.8437          1  0.000e+00
       5.69     0.0718          1   3.342837      1.738    -1.8000   27.76004  -89.00316    219.550    185.757  312.96267  313.75059 1.1856e-01 4.1272e+00   1529.610          1      63253     50.130     4.2520     4.2534     35.134   2635.500     1.8437     1.7375     0.2845     4.5849     0.0000     0.0000     1.8437          1  0.000e+00
       5.57     0.0718          1   3.342824     -1.736    -1.8000   27.76004  -89.00316    219.549    185.758  312.96415  313.75211 1.1856e-01 4.1270e+00   1529.538          1      63254     50.116     4.2518     4.2527     35.121   2635.542     1.8437     1.7375     0.2784     4.5849     0.0000     0.0000     1.8437          1  0.000e+00
       5.52     0.0718          1   3.342805      0.348    -1.8000   27.76004  -89.00316    219.550    185.944  312.96396  313.75188 1.1856e-01 4.1271e+00   1529.553          1      63255     50.146     4.2519     4.2527     35.151   2635.583     1.8437     1.7387     0.2759     4.5849     0.0000     0.0000     1.8437          1  0.000e+00
       5.52     0.0718          1   3.342818     -0.347    -1.8000   27.76004  -89.00316    219.548    185.944  312.96311  313.75102 1.1856e-01 4.1272e+00   1529.538          1      63256     50.143     4.2520     4.2527     35.148   2635.625     1.8437     1.7387     0.2759     4.5849     0.0000     0.0000     1.8437          1  0.000e+00
       5.52     0.0718          1   3.342799      0.348    -1.8000   27.76004  -89.00316    219.550    185.945  312.96413  313.75205 1.1856e-01 4.1271e+00   1529.553          1      63257     50.151     4.2519     4.2527     35.157   2635.667     1.8437     1.7387     0.2759     4.5849     0.0000     0.0000     1.8437          1  0.000e+00
       5.52     0.0718          1   3.342793     -0.347    -1.8000   27.76004  -89.00316    219.350    185.944  312.96502  313.75296 1.1856e-01 4.1270e+00   1529.538          1      63258     50.143     4.2518     4.2527     35.149   2635.708     1.8425     1.7387     0.2759     4.5849     0.0000     0.0000     1.8425          1  0.000e+00
       5.52     0.0708          1   3.342818      0.348    -1.8000   27.76004  -89.00316    219.549    185.943  312.96361  313.75154 1.1856e-01 4.1271e+00   1529.553          1      63259     50.135     4.2519     4.2529     35.140   2635.750     1.8437     1.7387     0.2759     4.5861     0.0000     0.0000     1.8437          1  0.000e+00
       5.52     0.0718          1   3.342805     -0.347    -1.8000   27.76004  -89.00316    219.549    185.944  312.96418  313.75212 1.1856e-01 4.1271e+00   1529.538          1      63260     50.141     4.2519     4.2526     35.146   2635.792     1.8437     1.7387     0.2759     4.5849     0.0000     0.0000     1.8437          1  0.000e+00
