tests/data/CTD/g01l05s02m.ros
* Sea-Bird SBE 9 Data File:
* FileName = D:\CTD DATA\2013\PE13-01 DiMarco\G01L05S02M.hex
* Software Version Seasave V 7.21g
* Temperature SN = 4515
* Conductivity SN = 3079
* Number of Bytes Per Scan = 40
* Number of Voltage Words = 5
* Number of Scans Averaged by the Deck Unit = 1
* NMEA Latitude = 28 44.42 N
* NMEA Longitude = 088 15.09 W
* NMEA UTC (Time) = Jul 06 2012  17:35:33
* NMEA baud rate = 4800
# nquan = 31
# nvalues = 588                                   
# units = specified
# name 0 = altM: Altimeter [m]
# name 1 = bat: Beam Attenuation, Chelsea/Seatech [1/m]
# name 2 = bpos: Bottle Position in Carousel
# name 3 = c0S/m: Conductivity [S/m]
# name 4 = dz/dtM: Descent Rate [m/s]
# name 5 = wetCDOM: Fluorescence, WET Labs CDOM [mg/m^3]
# name 6 = latitude: Latitude [deg]
# name 7 = longitude: Longitude [deg]
# name 8 = sbeox0Mm/Kg: Oxygen, SBE 43 [umol/kg]
# name 9 = sbeox1Mm/Kg: Oxygen, SBE 43, 2 [umol/kg]
# name 10 = oxsolMm/Kg: Oxygen Saturation, Garcia & Gordon [umol/kg]
# name 11 = oxsatMm/Kg: Oxygen Saturation, Weiss [umol/kg]
# name 12 = par: PAR/Irradiance, Biospherical/Licor
# name 13 = pla: Plume Anomaly
# name 14 = prDM: Pressure, Digiquartz [db]
# name 15 = pumps: Pump Status
# name 16 = scan: Scan Count
# name 17 = sva: Specific Volume Anomaly [10^-8 * m^3/kg]
# name 18 = t090C: Temperature [ITS-90, deg C]
# name 19 = t190C: Temperature, 2 [ITS-90, deg C]
# name 20 = tsa: Thermosteric Anomaly [10^-8 * m^3/kg]
# name 21 = timeS: Time, Elapsed [seconds]
# name 22 = v0: Voltage 0
# name 23 = v1: Voltage 1
# name 24 = v2: Voltage 2
# name 25 = v3: Voltage 3
# name 26 = v4: Voltage 4
# name 27 = v5: Voltage 5
# name 28 = sbeox0V: Oxygen raw, SBE 43 [V]
# name 29 = nbf: Bottles Fired
# name 30 = flag:  0.000e+00
# interval = seconds: 0.0416667
# start_time = Jul 06 2012 17:35:33 [NMEA time, header]
# bad_flag = -9.990e-29
*END*
[from data line 281]
      98.71     0.0410          6   3.581402     -0.341     3.0840   28.72694  -88.25580    132.658    112.313  291.29690  291.70110 1.2766e-01 7.2901e+00    607.089          1      90097     85.045     7.3484     7.3484     75.260   3754.000     1.4896     1.4151     4.9353     4.6203     0.0317     0.1954     1.4896          6  0.000e+00
      98.73     0.0400          6   3.581435     -0.853     3.0840   28.72694  -88.25580    132.657    112.313  291.29447  291.69864 1.2802e-01 7.2905e+00    607.054          1      90098     85.050     7.3488     7.3484     75.265   3754.042     1.4896     1.4151     4.9365     4.6215     0.0330     0.1954     1.4896          6  0.000e+00
      98.71     0.0410          6   3.581454      0.854     3.0840   28.72694  -88.25580    132.658    112.312  291.29548  291.69970 1.2766e-01 7.2901e+00    607.089          1      90099     85.007     7.3485     7.3488     75.222   3754.083     1.4896     1.4151     4.9353     4.6203     0.0317     0.1954     1.4896          6  0.000e+00
      98.73     0.0400          6   3.581461     -0.853     3.0840   28.72694  -88.25580    132.657    112.312  291.29530  291.69951 1.2766e-01 7.2901e+00    607.054          1      90100     85.000     7.3485     7.3487     75.216   3754.125     1.4896     1.4151     4.9365     4.6215     0.0317     0.1954     1.4896          6  0.000e+00
      98.73     0.0410          6   3.581474      0.854     3.0840   28.72694  -88.25580    132.657    112.312  291.29442  291.69862 1.2802e-01 7.2903e+00    607.089          1      90101     85.004     7.3486     7.3487     75.218   3754.167     1.4896     1.4151     4.9365     4.6203     0.0330     0.1954     1.4896          6  0.000e+00
      98.71     0.0410          6   3.581441     -0.853     3.0840   28.72694  -88.25580    132.657    112.312  291.29432  291.69849 1.2802e-01 7.2905e+00    607.054          1      90102     85.044     7.3488     7.3488     75.260   3754.208     1.4896     1.4151     4.9353     4.6203     0.0330     0.1954     1.4896          6  0.000e+00
      98.71     0.0410          6   3.581428      0.854     3.0840   28.72694  -88.25580    132.493    112.312  291.29547  291.69966 1.2802e-01 7.2903e+00    607.089          1      90103     85.040     7.3486     7.3488     75.255   3754.250     1.4884     1.4151     4.9353     4.6203     0.0330     0.1954     1.4884          6  0.000e+00
      98.71     0.0410          6   3.581467     -0.853     3.0840   28.72694  -88.25580    132.656    112.463  291.29372  291.69789 1.2802e-01 7.2905e+00    607.054          1      90104     85.024     7.3488     7.3490     75.239   3754.292     1.4896     1.4164     4.9353     4.6203     0.0330     0.1954     1.4896          6  0.000e+00
      98.73     0.0400          6   3.581461      0.854     3.0840   28.72694  -88.25580    132.657    112.463  291.29472  291.69892 1.2802e-01 7.2903e+00    607.089          1      90105     85.014     7.3486     7.3491     75.229   3754.333     1.4896     1.4164     4.9365     4.6215     0.0330     0.1954     1.4896          6  0.000e+00
      98.71     0.0410          6   3.581461     -0.853     3.0840   28.72694  -88.25580    132.656    112.463  291.29325  291.69741 1.2802e-01 7.2906e+00    607.054          1      90106     85.041     7.3489     7.3490     75.256   3754.375     1.4896     1.4164     4.9353     4.6203     0.0330     0.1954     1.4896          6  0.000e+00
      98.71     0.0410          6   3.581474      0.854     3.0840   28.72694  -88.25580    132.492    112.464  291.29299  291.69715 1.2802e-01 7.2906e+00    607.089          1      90107     85.032     7.3489     7.3490     75.247   3754.417     1.4884     1.4164     4.9353     4.6203     0.0330     0.1954     1.4884          6  0.000e+00
      98.73     0.0410          6   3.581461     -0.853     3.0840   28.72694  -88.25580    132.656    112.311  291.29325  291.69741 1.2802e-01 7.2906e+00    607.054          1      90108     85.041     7.3489     7.3492     75.256   3754.458     1.4896     1.4151     4.9365     4.6203     0.0330     0.1954     1.4896          6  0.000e+00
      98.73     0.0410          6   3.581461     -0.511     3.0840   28.72694  -88.25580    132.656    112.462  291.29385  291.69802 1.2802e-01 7.2905e+00    607.033          1      90109     85.028     7.3488     7.3491     75.243   3754.500     1.4896     1.4164     4.9365     4.6203     0.0330     0.1954     1.4896          6  0.000e+00
      98.71     0.0410          7   3.697030     -1.192     3.1145   28.72658  -88.25602    126.418    107.268  283.38784  283.67020 1.2839e-01 8.4990e+00    506.040          1      93802     95.034     8.5513     8.5497     85.709   3908.375     1.4835     1.4115     4.9353     4.6203     0.0342     0.1966     1.4835          7  0.000e+00
      98.73     0.0410          7   3.697024      2.557     3.1145   28.72658  -88.25602    126.420    107.269  283.38694  283.66926 1.2839e-01 8.4993e+00    506.147          1      93803     95.069     8.5516     8.5497     85.742   3908.417     1.4835     1.4115     4.9365     4.6203     0.0342     0.1966     1.4835          7  0.000e+00
      98.73     0.0400          7   3.697037     -3.748     3.1145   28.72658  -88.25602    126.417    107.120  283.38727  283.66962 1.2839e-01 8.4991e+00    505.990          1      93804     95.035     8.5514     8.5499     85.710   3908.458     1.4835     1.4103     4.9365     4.6215     0.0342     0.1966     1.4835          7  0.000e+00
      98.71     0.0410          7   3.697043      4.942     3.1145   28.72658  -88.25602    126.421    107.268  283.38732  283.66967 1.2802e-01 8.4991e+00    506.196          1      93805     95.040     8.5514     8.5505     85.712   3908.500     1.4835     1.4115     4.9353     4.6203     0.0330     0.1966     1.4835          7  0.000e+00
      98.73     0.0400          7   3.697063     -3.748     3.1145   28.72658  -88.25602    126.260    107.119  283.38655  283.66890 1.2839e-01 8.4991e+00    506.040          1      93806     95.021     8.5514     8.5507     85.695   3908.542     1.4823     1.4103     4.9365     4.6215     0.0342     0.1966     1.4823          7  0.000e+00
      98.73     0.0410          7   3.697037      2.557     3.1145   28.72658  -88.25602    126.420    107.266  283.38665  283.66898 1.2802e-01 8.4993e+00    506.147          1      93807     95.059     8.5516     8.5511     85.732   3908.583     1.4835     1.4115     4.9365     4.6203     0.0330     0.1966     1.4835          7  0.000e+00
      98.73     0.0410          7   3.697063     -1.362     3.1145   28.72658  -88.25602    126.576    107.119  283.38545  283.66777 1.2839e-01 8.4994e+00    506.090          1      93808     95.047     8.5517     8.5511     85.721   3908.625     1.4847     1.4103     4.9365     4.6203     0.0342     0.1966     1.4847          7  0.000e+00
      98.73     0.0410          7   3.697050      1.364     3.1145   28.72658  -88.25602    126.420    107.265  283.38694  283.66928 1.2730e-01 8.4991e+00    506.147          1      93809     95.037     8.5514     8.5515     85.709   3908.667     1.4835     1.4115     4.9365     4.6203     0.0305     0.1966     1.4835          7  0.000e+00
      98.71     0.0410          7   3.697017     -1.362     3.1145   28.72658  -88.25602    126.262    107.265  283.38913  283.67151 1.2839e-01 8.4988e+00    506.090          1      93810     95.027     8.5511     8.5511     85.701   3908.708     1.4823     1.4115     4.9353     4.6203     0.0342     0.1966     1.4823          7  0.000e+00
      98.73     0.0400          7   3.696958      2.557     3.1145   28.72658  -88.25602    126.423    107.266  283.39262  283.67505 1.2839e-01 8.4983e+00    506.197          1      93811     95.035     8.5506     8.5511     85.708   3908.750     1.4835     1.4115     4.9365     4.6215     0.0342     0.1966     1.4835          7  0.000e+00
      98.73     0.0410          7   3.696925     -1.192     3.0840   28.72658  -88.25602    126.422    107.266  283.39271  283.67512 1.2802e-01 8.4984e+00    506.147          1      93812     95.070     8.5507     8.5510     85.744   3908.792     1.4835     1.4115     4.9365     4.6203     0.0330     0.1954     1.4835          7  0.000e+00
      98.73     0.0400          7   3.696938      0.001     3.0840   28.72658  -88.25602    126.423    107.120  283.39415  283.67660 1.2839e-01 8.4980e+00    506.147          1      93813     95.024     8.5503     8.5511     85.698   3908.833     1.4835     1.4103     4.9365     4.6215     0.0342     0.1954     1.4835          7  0.000e+00
      98.71     0.0410          7   3.696819      1.194     3.0840   28.72658  -88.25602    126.428    107.121  283.40193  283.68450 1.2839e-01 8.4968e+00    506.197          1      93814     95.011     8.5491     8.5510     85.685   3908.875     1.4835     1.4103     4.9353     4.6203     0.0342     0.1954     1.4835          7  0.000e+00
      98.71     0.0410          7   3.696701     -1.192     3.0535   28.72658  -88.25602    126.429    107.267  283.40733  283.68995 1.2839e-01 8.4961e+00    506.147          1      93815     95.041     8.5484     8.5508     85.717   3908.917     1.4835     1.4115     4.9353     4.6203     0.0342     0.1941     1.4835          7  0.000e+00
      98.71     0.0410          7   3.696628      1.194     3.0535   28.72658  -88.25602    126.433    107.269  283.41449  283.69725 1.2839e-01 8.4948e+00    506.197          1      93816     94.984     8.5471     8.5502     85.660   3908.958     1.4835     1.4115     4.9353     4.6203     0.0342     0.1941     1.4835          7  0.000e+00
      98.73     0.0410          7   3.696523     -1.192     3.0230   28.72658  -88.25602    126.435    107.268  283.41979  283.70262 1.2802e-01 8.4941e+00    506.147          1      93817     94.999     8.5464     8.5502     85.677   3909.000     1.4835     1.4115     4.9365     4.6203     0.0330     0.1929     1.4835          7  0.000e+00
      98.73     0.0410          7   3.696457      2.386     3.0535   28.72658  -88.25602    126.439    107.270  283.42380  283.70668 1.2839e-01 8.4935e+00    506.246          1      93818     95.004     8.5458     8.5500     85.680   3909.042     1.4835     1.4115     4.9365     4.6203     0.0342     0.1941     1.4835          7  0.000e+00
      98.73     0.0400          7   3.696424     -1.192     3.0535   28.72658  -88.25602    126.439    107.269  283.42657  283.70950 1.2802e-01 8.4930e+00    506.197          1      93819     94.983     8.5453     8.5500     85.661   3909.083     1.4835     1.4115     4.9365     4.6215     0.0330     0.1941     1.4835          7  0.000e+00
      98.73     0.0400          7   3.696391      0.001     3.0230   28.72658  -88.25602    126.440    107.269  283.42862  283.71159 1.2839e-01 8.4927e+00    506.197          1      93820     94.981     8.5450     8.5499     85.659   3909.125     1.4835     1.4115     4.9365     4.6215     0.0342     0.1929     1.4835          7  0.000e+00
      98.73     0.0400          7   3.696404      1.194     3.0840   28.72658  -88.25602    126.441    107.124  283.42934  283.71233 1.2839e-01 8.4925e+00    506.247          1      93821     94.953     8.5447     8.5500     85.630   3909.167     1.4835     1.4103     4.9365     4.6215     0.0342     0.1954     1.4835          7  0.000e+00
      98.73     0.0410          7   3.696378     -1.192     3.0535   28.72658  -88.25602    126.441    107.124  283.43025  283.71325 1.2802e-01 8.4924e+00    506.197          1      93822     94.963     8.5446     8.5495     85.641   3909.208     1.4835     1.4103     4.9365     4.6203     0.0330     0.1941     1.4835          7  0.000e+00
      98.71     0.0410          7   3.696404      1.194     3.0535   28.72658  -88.25602    126.441    107.270  283.42838  283.71135 1.2802e-01 8.4927e+00    506.247          1      93823     94.973     8.5450     8.5497     85.650   3909.250     1.4835     1.4115     4.9353     4.6203     0.0330     0.1941     1.4835          7  0.000e+00
      98.71     0.0410          7   3.696463      0.001     3.0535   28.72658  -88.25602    126.439    107.270  283.42538  283.70831 1.2839e-01 8.4931e+00    506.247          1      93824     94.963     8.5454     8.5497     85.639   3909.292     1.4835     1.4115     4.9353     4.6203     0.0342     0.1941     1.4835          7  0.000e+00
      98.73     0.0410          7   3.696556      0.171     3.0840   28.72658  -88.25602    126.438    107.271  283.42166  283.70456 1.2839e-01 8.4935e+00    506.254          1      93825     94.927     8.5458     8.5497     85.603   3909.333     1.4835     1.4115     4.9365     4.6203     0.0342     0.1954     1.4835          7  0.000e+00
      98.71     0.0410          7   3.696556     -0.170     3.0535   28.72658  -88.25602    126.437    107.273  283.42089  283.70377 1.2839e-01 8.4937e+00    506.247          1      93826     94.943     8.5460     8.5490     85.619   3909.375     1.4835     1.4115     4.9353     4.6203     0.0342     0.1941     1.4835          7  0.000e+00
      98.71     0.0410          7   3.696510      0.001     3.0840   28.72658  -88.25602    126.438    107.274  283.42189  283.70476 1.2839e-01 8.4937e+00    506.247          1      93827     94.979     8.5460     8.5485     85.655   3909.417     1.4835     1.4115     4.9353     4.6203     0.0342     0.1954     1.4835          7  0.000e+00
      98.73     0.0400          7   3.696483      1.364     3.0535   28.72658  -88.25602    126.439    107.276  283.42347  283.70636 1.2839e-01 8.4934e+00    506.304          1      93828     94.982     8.5457     8.5480     85.658   3909.458     1.4835     1.4115     4.9365     4.6215     0.0342     0.1941     1.4835          7  0.000e+00
      98.73     0.0400          7   3.696483     -1.192     3.0535   28.72658  -88.25602    126.439    107.275  283.42457  283.70750 1.2839e-01 8.4932e+00    506.254          1      93829     94.956     8.5455     8.5479     85.632   3909.500     1.4835     1.4115     4.9365     4.6215     0.0342     0.1941     1.4835          7  0.000e+00
      98.73     0.0400          7   3.696431     -0.170     3.0535   28.72658  -88.25602    126.441    107.276  283.42781  283.71078 1.2839e-01 8.4927e+00    506.247          1      93830     94.952     8.5450     8.5476     85.629   3909.542     1.4835     1.4115     4.9365     4.6215     0.0342     0.1941     1.4835          7  0.000e+00
      98.73     0.0410          7   3.696365      1.364     3.0230   28.72658  -88.25602    126.443    107.132  283.43063  283.71363 1.2839e-01 8.4924e+00    506.304          1      93831     94.979     8.5446     8.5472     85.655   3909.583     1.4835     1.4103     4.9365     4.6203     0.0342     0.1929     1.4835          7  0.000e+00
      98.73     0.0410          7   3.696358      0.001     3.0535   28.72658  -88.25602    126.443    107.277  283.43116  283.71417 1.2839e-01 8.4923e+00    506.304          1      93832     94.976     8.5446     8.5474     85.652   3909.625     1.4835     1.4115     4.9365     4.6203     0.0342     0.1941     1.4835          7  0.000e+00
      98.73     0.0410          7   3.696351      0.001     3.0535   28.72658  -88.25602    126.444    107.276  283.43226  283.71529 1.2839e-01 8.4920e+00    506.304          1      93833     94.961     8.5443     8.5476     85.638   3909.667     1.4835     1.4115     4.9365     4.6203     0.0342     0.1941     1.4835          7  0.000e+00
      98.73     0.0410          7   3.696299     -1.192     3.0535   28.72658  -88.25602    126.444    107.274  283.43546  283.71854 1.2802e-01 8.4916e+00    506.254          1      93834     94.956     8.5438     8.5480     85.634   3909.708     1.4835     1.4115     4.9365     4.6203     0.0330     0.1941     1.4835          7  0.000e+00
