tests/data/CTD/g01l03s04.ros
* Sea-Bird SBE 9 Data File:
* FileName = D:\CTD DATA\2013\PE13-01 DiMarco\G01L03S04.hex
* Software Version Seasave V 7.21g
* Temperature SN = 4515
* Conductivity SN = 3079
* Number of Bytes Per Scan = 40
* Number of Voltage Words = 5
* Number of Scans Averaged by the Deck Unit = 1
* NMEA Latitude = 27 58.92 N
* NMEA Longitude = 088 45.18 W
* NMEA UTC (Time) = Jul 08 2012  05:48:18
* NMEA baud rate = 4800
# nquan = 31
# nvalues = 588                                   
# units = specified
# name 0 = altM: Altimeter [m]
# name 1 = bat: Beam Attenuation, Chelsea/Seatech [1/m]
# name 2 = bpos: Bottle Position in Carousel
# name 3 = c0S/m: Conductivity [S/m]
# name 4 = dz/dtM: Descent Rate [m/s]
# name 5 = wetCDOM: Fluorescence, WET Labs CDOM [mg/m^3]
# name 6 = latitude: Latitude [deg]
# name 7 = longitude: Longitude [deg]
# name 8 = sbeox0Mm/Kg: Oxygen, SBE 43 [umol/kg]
# name 9 = sbeox1Mm/Kg: Oxygen, SBE 43, 2 [umol/kg]
# name 10 = oxsolMm/Kg: Oxygen Saturation, Garcia & Gordon [umol/kg]
# name 11 = oxsatMm/Kg: Oxygen Saturation, Weiss [umol/kg]
# name 12 = par: PAR/Irradiance, Biospherical/Licor
# name 13 = pla: Plume Anomaly
# name 14 = prDM: Pressure, Digiquartz [db]
# name 15 = pumps: Pump Status
# name 16 = scan: Scan Count
# name 17 = sva: Specific Volume Anomaly [10^-8 * m^3/kg]
# name 18 = t090C: Temperature [ITS-90, deg C]
# name 19 = t190C: Temperature, 2 [ITS-90, deg C]
# name 20 = tsa: Thermosteric Anomaly [10^-8 * m^3/kg]
# name 21 = timeS: Time, Elapsed [seconds]
# name 22 = v0: Voltage 0
# name 23 = v1: Voltage 1
# name 24 = v2: Voltage 2
# name 25 = v3: Voltage 3
# name 26 = v4: Voltage 4
# name 27 = v5: Voltage 5
# name 28 = sbeox0V: Oxygen raw, SBE 43 [V]
# name 29 = nbf: Bottles Fired
# name 30 = flag:  0.000e+00
# interval = seconds: 0.0416667
# start_time = Jul 08 2012 05:48:18 [NMEA time, header]
# bad_flag = -9.990e-29
*END*
[from data line 375]
      98.71     0.0442          8   3.934605      0.001    -1.8000   27.98748  -88.76712    118.490    100.629  269.34453  269.43031 1.1856e-01 1.0755e+01    403.775          1     155745    108.824    10.8028    10.7980     99.710   6489.333     1.4847     1.4127     4.9353     4.6166     0.0000     0.0000     1.4847          8  0.000e+00
      98.71     0.0431          8   3.934572      0.001    -1.8000   27.98748  -88.76712    118.492    100.631  269.34704  269.43286 1.1856e-01 1.0755e+01    403.775          1     155746    108.806    10.8023    10.7972     99.693   6489.375     1.4847     1.4127     4.9353     4.6178     0.0000     0.0000     1.4847          8  0.000e+00
      98.73     0.0421          8   3.934511      0.000    -1.8000   27.98748  -88.76712    118.493    100.633  269.34955  269.43540 1.1856e-01 1.0755e+01    403.775          1     155747    108.820    10.8019    10.7965     99.707   6489.417     1.4847     1.4127     4.9365     4.6190     0.0000     0.0000     1.4847          8  0.000e+00
      98.71     0.0410          8   3.934497      0.511    -1.8000   27.98748  -88.76712    118.494    100.633  269.35168  269.43757 1.1856e-01 1.0754e+01    403.796          1     155748    108.789    10.8015    10.7962     99.675   6489.458     1.4847     1.4127     4.9353     4.6203     0.0000     0.0000     1.4847          8  0.000e+00
      98.73     0.0421          8   3.934443     -0.510    -1.8000   27.98748  -88.76712    118.495    100.634  269.35405  269.43997 1.1856e-01 1.0754e+01    403.775          1     155749    108.797    10.8011    10.7958     99.684   6489.500     1.4847     1.4127     4.9365     4.6190     0.0000     0.0000     1.4847          8  0.000e+00
      98.73     0.0410          8   3.934396      0.001    -1.8000   27.98748  -88.76712    118.495    100.634  269.35480  269.44070 1.1856e-01 1.0754e+01    403.775          1     155750    108.835    10.8012    10.7960     99.723   6489.542     1.4847     1.4127     4.9365     4.6203     0.0000     0.0000     1.4847          8  0.000e+00
      98.73     0.0410          8   3.934335      0.001    -1.8000   27.98748  -88.76712    118.497    100.634  269.35933  269.44531 1.1856e-01 1.0753e+01    403.775          1     155751    108.803    10.8003    10.7958     99.691   6489.583     1.4847     1.4127     4.9365     4.6203     0.0000     0.0000     1.4847          8  0.000e+00
      98.71     0.0421          8   3.934295      1.191    -1.8000   27.98748  -88.76712    118.499    100.634  269.36201  269.44802 1.1856e-01 1.0753e+01    403.825          1     155752    108.793    10.7998    10.7960     99.680   6489.625     1.4847     1.4127     4.9353     4.6190     0.0000     0.0000     1.4847          8  0.000e+00
      98.73     0.0421          8   3.934180     -0.680    -1.8000   27.98748  -88.76712    118.500    100.634  269.36554  269.45157 1.1856e-01 1.0752e+01    403.796          1     155753    108.845    10.7994    10.7958     99.733   6489.667     1.4847     1.4127     4.9365     4.6190     0.0000     0.0000     1.4847          8  0.000e+00
      98.71     0.0431          8   3.934119      0.681    -1.8000   27.98748  -88.76712    118.502    100.634  269.36909  269.45518 1.1856e-01 1.0752e+01    403.825          1     155754    108.837    10.7988    10.7962     99.726   6489.708     1.4847     1.4127     4.9353     4.6178     0.0000     0.0000     1.4847          8  0.000e+00
      98.73     0.0410          8   3.934085      0.001    -1.8000   27.98748  -88.76712    118.504    100.635  269.37193  269.45806 1.1856e-01 1.0751e+01    403.825          1     155755    108.812    10.7983    10.7957     99.700   6489.750     1.4847     1.4127     4.9365     4.6203     0.0000     0.0000     1.4847          8  0.000e+00
      98.71     0.0421          8   3.933998      0.001    -1.8000   27.98748  -88.76712    118.506    100.635  269.37665  269.46285 1.1856e-01 1.0750e+01    403.825          1     155756    108.807    10.7975    10.7957     99.696   6489.792     1.4847     1.4127     4.9353     4.6190     0.0000     0.0000     1.4847          8  0.000e+00
      98.71     0.0421          8   3.933977     -1.190    -1.8000   27.98748  -88.76712    118.506    100.633  269.37970  269.46595 1.1856e-01 1.0750e+01    403.775          1     155757    108.758    10.7968    10.7960     99.648   6489.833     1.4847     1.4127     4.9353     4.6190     0.0000     0.0000     1.4847          8  0.000e+00
      98.73     0.0421          8   3.933950      1.191    -1.8000   27.98748  -88.76712    118.508    100.634  269.38194  269.46824 1.1856e-01 1.0749e+01    403.825          1     155758    108.742    10.7963    10.7958     99.631   6489.875     1.4847     1.4127     4.9365     4.6190     0.0000     0.0000     1.4847          8  0.000e+00
      98.71     0.0421          8   3.933883     -0.680    -1.8000   27.98748  -88.76712    118.508    100.634  269.38356  269.46985 1.1856e-01 1.0749e+01    403.797          1     155759    108.782    10.7963    10.7957     99.673   6489.917     1.4847     1.4127     4.9353     4.6190     0.0000     0.0000     1.4847          8  0.000e+00
      98.71     0.0421          8   3.933788      1.872    -1.8000   27.98748  -88.76712    118.511    100.634  269.38713  269.47345 1.1856e-01 1.0749e+01    403.875          1     155760    108.817    10.7958    10.7960     99.707   6489.958     1.4847     1.4127     4.9353     4.6190     0.0000     0.0000     1.4847          8  0.000e+00
      98.71     0.0421          8   3.933714     -2.380    -1.8000   27.98748  -88.76712    118.512    100.631  269.39184  269.47824 1.1856e-01 1.0748e+01    403.775          1     155761    108.789    10.7950    10.7967     99.681   6490.000     1.4847     1.4127     4.9353     4.6190     0.0000     0.0000     1.4847          8  0.000e+00
      98.63     0.0431          9   4.511492      6.269    -1.8000   27.98754  -88.76818    142.075    121.658  241.70363  241.46031 1.1856e-01 1.5858e+01    200.765          1     166461    146.693    15.8862    15.8864    140.605   6935.833     1.8510     1.7546     4.9316     4.6178     0.0000     0.0000     1.8510          9  0.000e+00
      98.66     0.0431          9   4.511470     -2.541    -1.8000   27.98754  -88.76818    142.202    121.656  241.70388  241.46055 1.1856e-01 1.5858e+01    200.659          1     166462    146.700    15.8862    15.8867    140.616   6935.875     1.8523     1.7546     4.9328     4.6178     0.0000     0.0000     1.8523          9  0.000e+00
      98.63     0.0442          9   4.511513      1.695    -1.8000   27.98754  -88.76818    142.074    121.656  241.70380  241.46049 1.1856e-01 1.5858e+01    200.730          1     166463    146.662    15.8860    15.8870    140.576   6935.917     1.8510     1.7546     4.9316     4.6166     0.0000     0.0000     1.8510          9  0.000e+00
      98.63     0.0442          9   4.511456     -1.694    -1.8000   27.98754  -88.76818    142.073    121.656  241.70460  241.46129 1.1856e-01 1.5858e+01    200.659          1     166464    146.695    15.8860    15.8869    140.611   6935.958     1.8510     1.7546     4.9316     4.6166     0.0000     0.0000     1.8510          9  0.000e+00
      98.63     0.0431          9   4.511477      0.000    -1.8000   27.98754  -88.76818    142.073    121.655  241.70377  241.46045 1.1856e-01 1.5858e+01    200.659          1     166465    146.696    15.8862    15.8870    140.612   6936.000     1.8510     1.7546     4.9316     4.6178     0.0000     0.0000     1.8510          9  0.000e+00
      98.63     0.0421          9   4.511470      1.356    -1.8000   27.98754  -88.76818    142.203    121.656  241.70392  241.46059 1.1856e-01 1.5858e+01    200.716          1     166466    146.704    15.8862    15.8870    140.618   6936.042     1.8523     1.7546     4.9316     4.6190     0.0000     0.0000     1.8523          9  0.000e+00
      98.66     0.0431          9   4.511456     -2.541    -1.8000   27.98754  -88.76818    142.072    121.655  241.70406  241.46073 1.1856e-01 1.5858e+01    200.610          1     166467    146.707    15.8862    15.8870    140.624   6936.083     1.8510     1.7546     4.9328     4.6178     0.0000     0.0000     1.8510          9  0.000e+00
      98.66     0.0431          9   4.511406      2.542    -1.8000   27.98754  -88.76818    142.205    121.537  241.70705  241.46375 1.1856e-01 1.5857e+01    200.716          1     166468    146.685    15.8855    15.8869    140.599   6936.125     1.8523     1.7534     4.9328     4.6178     0.0000     0.0000     1.8523          9  0.000e+00
      98.63     0.0442          9   4.511278      0.001    -1.8000   27.98754  -88.76818    142.208    121.657  241.71215  241.46891 1.1856e-01 1.5856e+01    200.716          1     166469    146.679    15.8845    15.8867    140.594   6936.167     1.8523     1.7546     4.9316     4.6166     0.0000     0.0000     1.8523          9  0.000e+00
      98.63     0.0442          9   4.511163     -2.032    -1.8000   27.98754  -88.76818    142.209    121.655  241.71648  241.47328 1.1856e-01 1.5856e+01    200.631          1     166470    146.673    15.8837    15.8868    140.591   6936.208     1.8523     1.7546     4.9316     4.6166     0.0000     0.0000     1.8523          9  0.000e+00
      98.66     0.0453          9   4.511071      2.034    -1.8000   27.98754  -88.76818    142.083    121.536  241.71945  241.47627 1.1856e-01 1.5855e+01    200.716          1     166471    146.696    15.8832    15.8874    140.611   6936.250     1.8510     1.7534     4.9328     4.6154     0.0000     0.0000     1.8510          9  0.000e+00
      98.63     0.0453          9   4.511056     -2.541    -1.8000   27.98754  -88.76818    142.082    121.534  241.72074  241.47759 1.1856e-01 1.5855e+01    200.610          1     166472    146.667    15.8828    15.8874    140.585   6936.292     1.8510     1.7534     4.9316     4.6154     0.0000     0.0000     1.8510          9  0.000e+00
      98.63     0.0442          9   4.511021      2.542    -1.8000   27.98754  -88.76818    142.085    121.535  241.72300  241.47988 1.1856e-01 1.5854e+01    200.716          1     166473    146.650    15.8823    15.8875    140.565   6936.333     1.8510     1.7534     4.9316     4.6166     0.0000     0.0000     1.8510          9  0.000e+00
      98.66     0.0442          9   4.510985     -1.355    -1.8000   27.98754  -88.76818    142.084    121.534  241.72350  241.48037 1.1856e-01 1.5854e+01    200.659          1     166474    146.670    15.8823    15.8877    140.587   6936.375     1.8510     1.7534     4.9328     4.6166     0.0000     0.0000     1.8510          9  0.000e+00
      98.63     0.0442          9   4.510971      0.001    -1.8000   27.98754  -88.76818    142.215    121.534  241.72537  241.48228 1.1856e-01 1.5854e+01    200.660          1     166475    146.632    15.8817    15.8876    140.550   6936.417     1.8523     1.7534     4.9316     4.6166     0.0000     0.0000     1.8523          9  0.000e+00
      98.66     0.0442          9   4.511014      0.000    -1.8000   27.98754  -88.76818    142.085    121.534  241.72461  241.48151 1.1856e-01 1.5854e+01    200.660          1     166476    146.608    15.8818    15.8875    140.525   6936.458     1.8510     1.7534     4.9328     4.6166     0.0000     0.0000     1.8510          9  0.000e+00
      98.66     0.0442          9   4.511071      1.695    -1.8000   27.98754  -88.76818    142.085    121.536  241.72278  241.47967 1.1856e-01 1.5854e+01    200.730          1     166477    146.604    15.8821    15.8874    140.518   6936.500     1.8510     1.7534     4.9328     4.6166     0.0000     0.0000     1.8510          9  0.000e+00
      98.63     0.0453          9   4.511064     -0.338    -1.8000   27.98754  -88.76818    142.085    121.655  241.72186  241.47872 1.1856e-01 1.5854e+01    200.716          1     166478    146.636    15.8824    15.8872    140.551   6936.542     1.8510     1.7546     4.9316     4.6154     0.0000     0.0000     1.8510          9  0.000e+00
      98.63     0.0453          9   4.511135     -1.355    -1.8000   27.98754  -88.76818    142.081    121.535  241.71807  241.47490 1.1856e-01 1.5855e+01    200.660          1     166479    146.661    15.8833    15.8870    140.578   6936.583     1.8510     1.7534     4.9316     4.6154     0.0000     0.0000     1.8510          9  0.000e+00
      98.63     0.0453          9   4.511228      1.356    -1.8000   27.98754  -88.76818    142.080    121.535  241.71507  241.47187 1.1856e-01 1.5856e+01    200.716          1     166480    146.651    15.8838    15.8874    140.566   6936.625     1.8510     1.7534     4.9316     4.6154     0.0000     0.0000     1.8510          9  0.000e+00
      98.66     0.0442          9   4.511271     -1.355    -1.8000   27.98754  -88.76818    142.208    121.654  241.71375  241.47054 1.1856e-01 1.5856e+01    200.660          1     166481    146.637    15.8840    15.8872    140.554   6936.667     1.8523     1.7546     4.9328     4.6166     0.0000     0.0000     1.8523          9  0.000e+00
      98.63     0.0442          9   4.511235      1.356    -1.8000   27.98754  -88.76818    142.208    121.655  241.71330  241.47007 1.1856e-01 1.5856e+01    200.716          1     166482    146.693    15.8843    15.8874    140.608   6936.708     1.8523     1.7546     4.9316     4.6166     0.0000     0.0000     1.8523          9  0.000e+00
      98.63     0.0442          9   4.511292      0.001    -1.8000   27.98754  -88.76818    142.208    121.655  241.71194  241.46870 1.1856e-01 1.5856e+01    200.716          1     166483    146.670    15.8845    15.8872    140.584   6936.750     1.8523     1.7546     4.9316     4.6166     0.0000     0.0000     1.8523          9  0.000e+00
      98.63     0.0453          9   4.511328     -0.847    -1.8000   27.98754  -88.76818    142.206    121.535  241.71087  241.46763 1.1856e-01 1.5857e+01    200.681          1     166484    146.659    15.8847    15.8872    140.574   6936.792     1.8523     1.7534     4.9316     4.6154     0.0000     0.0000     1.8523          9  0.000e+00
      98.63     0.0442          9   4.511292      2.033    -1.8000   27.98754  -88.76818    142.208    121.537  241.71095  241.46769 1.1856e-01 1.5857e+01    200.766          1     166485    146.701    15.8848    15.8872    140.615   6936.833     1.8523     1.7534     4.9316     4.6166     0.0000     0.0000     1.8523          9  0.000e+00
      98.63     0.0453          9   4.511171     -1.185    -1.8000   27.98754  -88.76818    142.080    121.536  241.71426  241.47102 1.1856e-01 1.5856e+01    200.716          1     166486    146.735    15.8843    15.8869    140.650   6936.875     1.8510     1.7534     4.9316     4.6154     0.0000     0.0000     1.8510          9  0.000e+00
      98.66     0.0442          9   4.511099      0.001    -1.8000   27.98754  -88.76818    142.211    121.537  241.71749  241.47429 1.1856e-01 1.5856e+01    200.716          1     166487    146.720    15.8837    15.8868    140.636   6936.917     1.8523     1.7534     4.9328     4.6166     0.0000     0.0000     1.8523          9  0.000e+00
      98.66     0.0442          9   4.511064      0.000    -1.8000   27.98754  -88.76818    142.212    121.537  241.71968  241.47651 1.1856e-01 1.5855e+01    200.716          1     166488    146.697    15.8831    15.8870    140.612   6936.958     1.8523     1.7534     4.9328     4.6166     0.0000     0.0000     1.8523          9  0.000e+00
      98.66     0.0431          9   4.510957      0.000    -1.8000   27.98754  -88.76818    142.215    121.538  241.72396  241.48083 1.1856e-01 1.5854e+01    200.716          1     166489    146.692    15.8823    15.8863    140.607   6937.000     1.8523     1.7534     4.9328     4.6178     0.0000     0.0000     1.8523          9  0.000e+00
