tests/data/CTD/g01l02s05.ros
* Sea-Bird SBE 9 Data File:
* FileName = D:\CTD DATA\2013\PE13-01 DiMarco\G01L02S05.hex
* Software Version Seasave V 7.21g
* Temperature SN = 4515
* Conductivity SN = 3079
* Number of Bytes Per Scan = 40
* Number of Voltage Words = 5
* Number of Scans Averaged by the Deck Unit = 1
* NMEA Latitude = 27 45.03 N
* NMEA Longitude = 089 00.05 W
* NMEA UTC (Time) = Jul 10 2012  19:40:57
* NMEA baud rate = 4800
# nquan = 31
# nvalues = 588                                   
# units = specified
# name 0 = altM: Altimeter [m]
# name 1 = bat: Beam Attenuation, Chelsea/Seatech [1/m]
# name 2 = bpos: Bottle Position in Carousel
# name 3 = c0S/m: Conductivity [S/m]
# name 4 = dz/dtM: Descent Rate [m/s]
# name 5 = wetCDOM: Fluorescence, WET Labs CDOM [mg/m^3]
# name 6 = latitude: Latitude [deg]
# name 7 = longitude: Longitude [deg]
# name 8 = sbeox0Mm/Kg: Oxygen, SBE 43 [umol/kg]
# name 9 = sbeox1Mm/Kg: Oxygen, SBE 43, 2 [umol/kg]
# name 10 = oxsolMm/Kg: Oxygen Saturation, Garcia & Gordon [umol/kg]
# name 11 = oxsatMm/Kg: Oxygen Saturation, Weiss [umol/kg]
# name 12 = par: PAR/Irradiance, Biospherical/Licor
# name 13 = pla: Plume Anomaly
# name 14 = prDM: Pressure, Digiquartz [db]
# name 15 = pumps: Pump Status
# name 16 = scan: Scan Count
# name 17 = sva: Specific Volume Anomaly [10^-8 * m^3/kg]
# name 18 = t090C: Temperature [ITS-90, deg C]
# name 19 = t190C: Temperature, 2 [ITS-90, deg C]
# name 20 = tsa: Thermosteric Anomaly [10^-8 * m^3/kg]
# name 21 = timeS: Time, Elapsed [seconds]
# name 22 = v0: Voltage 0
# name 23 = v1: Voltage 1
# name 24 = v2: Voltage 2
# name 25 = v3: Voltage 3
# name 26 = v4: Voltage 4
# name 27 = v5: Voltage 5
# name 28 = sbeox0V: Oxygen raw, SBE 43 [V]
# name 29 = nbf: Bottles Fired
# name 30 = flag:  0.000e+00
# interval = seconds: 0.0416667
# start_time = Jul 10 2012 19:40:57 [NMEA time, header]
# bad_flag = -9.990e-29
*END*
[from data line 468]
      98.56     0.0996         10   5.179110     -0.338    -1.8000   27.76474  -89.00420    174.670    151.885  216.19125  215.72876 1.1856e-01 2.1772e+01    100.736          1     110714    252.406    21.7869    21.7869    248.777   4613.042     2.3785     2.2552     4.9280     4.5531     0.0000     0.0000     2.3785         10  0.000e+00
      98.58     0.0996         10   5.179049      0.001    -1.8000   27.76474  -89.00420    174.672    151.778  216.19376  215.73128 1.1856e-01 2.1771e+01    100.736          1     110715    252.378    21.7861    21.7871    248.749   4613.083     2.3785     2.2540     4.9292     4.5531     0.0000     0.0000     2.3785         10  0.000e+00
      98.58     0.0996         10   5.179004      0.001    -1.8000   27.76474  -89.00420    174.675    151.884  216.19744  215.73499 1.1856e-01 2.1770e+01    100.736          1     110716    252.296    21.7849    21.7874    248.667   4613.125     2.3785     2.2552     4.9292     4.5531     0.0000     0.0000     2.3785         10  0.000e+00
      98.58     0.0996         10   5.179034      0.000    -1.8000   27.76474  -89.00420    174.676    151.884  216.19844  215.73601 1.1856e-01 2.1770e+01    100.736          1     110717    252.233    21.7844    21.7876    248.603   4613.167     2.3785     2.2552     4.9292     4.5531     0.0000     0.0000     2.3785         10  0.000e+00
      98.58     0.0996         10   5.178974      0.001    -1.8000   27.76474  -89.00420    174.790    151.884  216.19912  215.73669 1.1856e-01 2.1770e+01    100.736          1     110718    252.267    21.7844    21.7874    248.638   4613.208     2.3797     2.2552     4.9292     4.5531     0.0000     0.0000     2.3797         10  0.000e+00
      98.58     0.0996         10   5.178853     -1.352    -1.8000   27.76474  -89.00420    174.790    151.882  216.20094  215.73851 1.1856e-01 2.1770e+01    100.680          1     110719    252.317    21.7842    21.7876    248.690   4613.250     2.3797     2.2552     4.9292     4.5531     0.0000     0.0000     2.3797         10  0.000e+00
      98.58     0.0996         10   5.178830      1.353    -1.8000   27.76474  -89.00420    174.678    151.884  216.20123  215.73880 1.1856e-01 2.1770e+01    100.736          1     110720    252.333    21.7842    21.7874    248.704   4613.292     2.3785     2.2552     4.9292     4.5531     0.0000     0.0000     2.3785         10  0.000e+00
      98.58     0.0975         10   5.178823     -1.014    -1.8000   27.76474  -89.00420    174.790    151.776  216.20033  215.73789 1.1856e-01 2.1770e+01    100.694          1     110721    252.368    21.7846    21.7878    248.740   4613.333     2.3797     2.2540     4.9292     4.5556     0.0000     0.0000     2.3797         10  0.000e+00
      98.58     0.0975         10   5.178717     -0.338    -1.8000   27.76474  -89.00420    174.791    151.774  216.20201  215.73956 1.1856e-01 2.1770e+01    100.680          1     110722    252.411    21.7844    21.7885    248.784   4613.375     2.3797     2.2540     4.9292     4.5556     0.0000     0.0000     2.3797         10  0.000e+00
      98.58     0.0986         10   5.178536      1.353    -1.8000   27.76474  -89.00420    174.795    151.775  216.20543  215.74299 1.1856e-01 2.1769e+01    100.736          1     110723    252.473    21.7839    21.7883    248.844   4613.417     2.3797     2.2540     4.9292     4.5543     0.0000     0.0000     2.3797         10  0.000e+00
      98.58     0.0975         10   5.178180     -1.352    -1.8000   27.76474  -89.00420    174.913    151.773  216.21182  215.74939 1.1856e-01 2.1768e+01    100.680          1     110724    252.591    21.7829    21.7888    248.965   4613.458     2.3810     2.2540     4.9292     4.5556     0.0000     0.0000     2.3810         10  0.000e+00
      98.58     0.0986         10   5.177652      0.001    -1.8000   27.76474  -89.00420    174.920    151.771  216.22050  215.75807 1.1856e-01 2.1767e+01    100.680          1     110725    252.803    21.7819    21.7896    249.177   4613.500     2.3810     2.2540     4.9292     4.5543     0.0000     0.0000     2.3810         10  0.000e+00
      98.56     0.0986         10   5.177198      0.001    -1.8000   27.76474  -89.00420    174.933    151.770  216.23610  215.77376 1.1856e-01 2.1763e+01    100.680          1     110726    252.705    21.7778    21.7902    249.079   4613.542     2.3810     2.2540     4.9280     4.5543     0.0000     0.0000     2.3810         10  0.000e+00
      98.58     0.0975         10   5.177078      0.001    -1.8000   27.76474  -89.00420    174.945    151.769  216.25158  215.78940 1.1856e-01 2.1758e+01    100.680          1     110727    252.291    21.7723    21.7906    248.666   4613.583     2.3810     2.2540     4.9292     4.5556     0.0000     0.0000     2.3810         10  0.000e+00
      98.56     0.0986         10   5.177176      0.001    -1.8000   27.76474  -89.00420    174.950    151.663  216.25738  215.79528 1.1856e-01 2.1755e+01    100.680          1     110728    251.998    21.7696    21.7906    248.372   4613.625     2.3810     2.2527     4.9280     4.5543     0.0000     0.0000     2.3810         10  0.000e+00
      98.56     0.0986         10   5.177176      0.339    -1.8000   27.76474  -89.00420    174.958    151.663  216.26689  215.80489 1.1856e-01 2.1751e+01    100.694          1     110729    251.673    21.7659    21.7905    248.047   4613.667     2.3810     2.2527     4.9280     4.5543     0.0000     0.0000     2.3810         10  0.000e+00
      98.58     0.0975         10   5.177085     -1.521    -1.8000   27.76474  -89.00420    174.963    151.662  216.27461  215.81268 1.1856e-01 2.1749e+01    100.631          1     110730    251.491    21.7633    21.7906    247.867   4613.708     2.3810     2.2527     4.9292     4.5556     0.0000     0.0000     2.3810         10  0.000e+00
      98.58     0.0986         10   5.177070      1.184    -1.8000   27.76474  -89.00420    175.079    151.557  216.27634  215.81443 1.1856e-01 2.1748e+01    100.680          1     110731    251.450    21.7627    21.7905    247.824   4613.750     2.3822     2.2515     4.9292     4.5543     0.0000     0.0000     2.3822         10  0.000e+00
      98.58     0.0986         10   5.177108     -1.183    -1.8000   27.76474  -89.00420    175.076    151.662  216.27359  215.81165 1.1856e-01 2.1749e+01    100.631          1     110732    251.504    21.7636    21.7908    247.880   4613.792     2.3822     2.2527     4.9292     4.5543     0.0000     0.0000     2.3822         10  0.000e+00
      98.58     0.0986         10   5.177267      0.001    -1.8000   27.76474  -89.00420    175.068    151.555  216.26401  215.80200 1.1856e-01 2.1752e+01    100.631          1     110733    251.679    21.7667    21.7910    248.055   4613.833     2.3822     2.2515     4.9292     4.5543     0.0000     0.0000     2.3822         10  0.000e+00
      98.56     0.0986         10   5.177365      1.184    -1.8000   27.76474  -89.00420    175.057    151.556  216.24881  215.78664 1.1856e-01 2.1757e+01    100.680          1     110734    252.110    21.7721    21.7911    248.484   4613.875     2.3822     2.2515     4.9280     4.5543     0.0000     0.0000     2.3822         10  0.000e+00
      98.58     0.0986         10   5.177576     -1.183    -1.8000   27.76474  -89.00420    175.044    151.661  216.23448  215.77220 1.1856e-01 2.1762e+01    100.631          1     110735    252.393    21.7768    21.7911    248.769   4613.917     2.3822     2.2527     4.9292     4.5543     0.0000     0.0000     2.3822         10  0.000e+00
      98.56     0.1158         11   5.586846      1.352    -1.8000   27.76504  -89.00436    208.813    183.574  201.98558  201.47176 1.1856e-01 2.5884e+01     50.791          1     112766    383.856    25.8892    25.8804    381.985   4698.542     2.9158     2.7668     4.9280     4.5348     0.0000     0.0000     2.9158         11  0.000e+00
      98.56     0.1158         11   5.586776     -1.858    -1.8000   27.76504  -89.00436    208.812    183.674  201.98662  201.47280 1.1856e-01 2.5884e+01     50.713          1     112767    383.873    25.8890    25.8797    382.005   4698.583     2.9158     2.7680     4.9280     4.5348     0.0000     0.0000     2.9158         11  0.000e+00
      98.56     0.1147         11   5.586784      0.508    -1.8000   27.76504  -89.00436    208.812    183.676  201.98631  201.47249 1.1856e-01 2.5884e+01     50.735          1     112768    383.879    25.8891    25.8784    382.011   4698.625     2.9158     2.7680     4.9280     4.5360     0.0000     0.0000     2.9158         11  0.000e+00
      98.56     0.1147         11   5.586893      0.001    -1.8000   27.76504  -89.00436    208.810    183.675  201.98430  201.47048 1.1856e-01 2.5884e+01     50.735          1     112769    383.858    25.8896    25.8787    381.990   4698.667     2.9158     2.7680     4.9280     4.5360     0.0000     0.0000     2.9158         11  0.000e+00
      98.56     0.1147         11   5.586932      0.001    -1.8000   27.76504  -89.00436    208.809    183.672  201.98312  201.46930 1.1856e-01 2.5885e+01     50.735          1     112770    383.869    25.8899    25.8807    382.000   4698.708     2.9158     2.7680     4.9280     4.5360     0.0000     0.0000     2.9158         11  0.000e+00
      98.56     0.1147         11   5.586893      2.028    -1.8000   27.76504  -89.00436    208.811    183.675  201.98287  201.46906 1.1856e-01 2.5885e+01     50.819          1     112771    383.919    25.8902    25.8802    382.047   4698.750     2.9158     2.7680     4.9280     4.5360     0.0000     0.0000     2.9158         11  0.000e+00
      98.58     0.1147         11   5.586955     -3.209    -1.8000   27.76504  -89.00436    208.702    183.576  201.98288  201.46906 1.1856e-01 2.5885e+01     50.685          1     112772    383.853    25.8899    25.8785    381.987   4698.792     2.9145     2.7668     4.9292     4.5360     0.0000     0.0000     2.9145         11  0.000e+00
      98.56     0.1158         11   5.586940      2.535    -1.8000   27.76504  -89.00436    208.704    183.578  201.98258  201.46876 1.1856e-01 2.5885e+01     50.791          1     112773    383.887    25.8901    25.8791    382.016   4698.833     2.9145     2.7668     4.9280     4.5348     0.0000     0.0000     2.9145         11  0.000e+00
      98.56     0.1158         11   5.586932     -1.857    -1.8000   27.76504  -89.00436    208.702    183.674  201.98287  201.46905 1.1856e-01 2.5885e+01     50.714          1     112774    383.876    25.8900    25.8800    382.009   4698.875     2.9145     2.7680     4.9280     4.5348     0.0000     0.0000     2.9145         11  0.000e+00
      98.56     0.1158         11   5.586932      1.859    -1.8000   27.76504  -89.00436    208.810    183.676  201.98265  201.46884 1.1856e-01 2.5885e+01     50.791          1     112775    383.891    25.8901    25.8804    382.020   4698.917     2.9158     2.7680     4.9280     4.5348     0.0000     0.0000     2.9158         11  0.000e+00
      98.56     0.1147         11   5.586932      0.000    -1.8000   27.76504  -89.00436    208.704    183.678  201.98265  201.46884 1.1856e-01 2.5885e+01     50.791          1     112776    383.891    25.8901    25.8793    382.020   4698.958     2.9145     2.7680     4.9280     4.5360     0.0000     0.0000     2.9145         11  0.000e+00
      98.56     0.1147         11   5.586932     -1.351    -1.8000   27.76504  -89.00436    208.703    183.677  201.98312  201.46930 1.1856e-01 2.5885e+01     50.735          1     112777    383.869    25.8899    25.8795    382.000   4699.000     2.9145     2.7680     4.9280     4.5360     0.0000     0.0000     2.9145         11  0.000e+00
      98.58     0.1147         11   5.586901      0.845    -1.8000   27.76504  -89.00436    208.704    183.678  201.98359  201.46977 1.1856e-01 2.5885e+01     50.770          1     112778    383.881    25.8898    25.8798    382.011   4699.042     2.9145     2.7680     4.9292     4.5360     0.0000     0.0000     2.9145         11  0.000e+00
      98.56     0.1147         11   5.586893      0.508    -1.8000   27.76504  -89.00436    208.706    183.581  201.98432  201.47051 1.1856e-01 2.5884e+01     50.791          1     112779    383.862    25.8896    25.8785    381.991   4699.083     2.9145     2.7668     4.9280     4.5360     0.0000     0.0000     2.9145         11  0.000e+00
      98.56     0.1179         11   5.586955     -1.351    -1.8000   27.76504  -89.00436    208.704    183.576  201.98371  201.46989 1.1856e-01 2.5884e+01     50.735          1     112780    383.825    25.8896    25.8797    381.957   4699.125     2.9145     2.7668     4.9280     4.5324     0.0000     0.0000     2.9145         11  0.000e+00
      98.56     0.1212         11   5.586908      0.845    -1.8000   27.76504  -89.00436    208.707    183.570  201.98603  201.47222 1.1856e-01 2.5884e+01     50.770          1     112781    383.782    25.8887    25.8824    381.912   4699.167     2.9145     2.7668     4.9280     4.5287     0.0000     0.0000     2.9145         11  0.000e+00
      98.56     0.1222         11   5.586331      0.507    -1.8000   27.76504  -89.00436    208.715    183.568  201.99298  201.47915 1.1856e-01 2.5883e+01     50.791          1     112782    384.032    25.8881    25.8835    382.162   4699.208     2.9145     2.7668     4.9280     4.5275     0.0000     0.0000     2.9145         11  0.000e+00
      98.58     0.1222         11   5.585863      0.001    -1.8000   27.76504  -89.00436    208.720    183.565  201.99823  201.48438 1.1856e-01 2.5883e+01     50.791          1     112783    384.249    25.8878    25.8844    382.378   4699.250     2.9145     2.7668     4.9292     4.5275     0.0000     0.0000     2.9145         11  0.000e+00
      98.56     0.1222         11   5.586612     -1.351    -1.8000   27.76504  -89.00436    208.605    183.561  201.99029  201.47647 1.1856e-01 2.5883e+01     50.735          1     112784    383.881    25.8881    25.8853    382.012   4699.292     2.9133     2.7668     4.9280     4.5275     0.0000     0.0000     2.9133         11  0.000e+00
      98.56     0.1212         11   5.586854      0.845    -1.8000   27.76504  -89.00436    208.708    183.560  201.98695  201.47314 1.1856e-01 2.5883e+01     50.770          1     112785    383.795    25.8886    25.8860    381.925   4699.333     2.9145     2.7668     4.9280     4.5287     0.0000     0.0000     2.9145         11  0.000e+00
      98.56     0.1212         11   5.586846      1.690    -1.8000   27.76504  -89.00436    208.603    183.563  201.98600  201.47219 1.1856e-01 2.5884e+01     50.841          1     112786    383.844    25.8890    25.8857    381.971   4699.375     2.9133     2.7668     4.9280     4.5287     0.0000     0.0000     2.9133         11  0.000e+00
      98.56     0.1222         11   5.586908     -1.182    -1.8000   27.76504  -89.00436    208.601    183.566  201.98539  201.47158 1.1856e-01 2.5884e+01     50.791          1     112787    383.808    25.8890    25.8846    381.937   4699.417     2.9133     2.7668     4.9280     4.5275     0.0000     0.0000     2.9133         11  0.000e+00
      98.56     0.1212         11   5.586901      0.676    -1.8000   27.76504  -89.00436    208.707    183.573  201.98483  201.47101 1.1856e-01 2.5884e+01     50.820          1     112788    383.838    25.8893    25.8820    381.966   4699.458     2.9145     2.7668     4.9280     4.5287     0.0000     0.0000     2.9145         11  0.000e+00
      98.56     0.1212         11   5.586916     -2.026    -1.8000   27.76504  -89.00436    208.599    183.576  201.98489  201.47107 1.1856e-01 2.5884e+01     50.735          1     112789    383.815    25.8892    25.8797    381.947   4699.500     2.9133     2.7668     4.9280     4.5287     0.0000     0.0000     2.9133         11  0.000e+00
