tests/data/CTD/g01l01s02.ros
* Sea-Bird SBE 9 Data File:
* FileName = D:\CTD DATA\2013\PE13-01 DiMarco\G01L01S02.hex
* Software Version Seasave V 7.21g
* Temperature SN = 4515
* Conductivity SN = 3079
* Number of Bytes Per Scan = 40
* Number of Voltage Words = 5
* Number of Scans Averaged by the Deck Unit = 1
* NMEA Latitude = 28 00.00 N
* NMEA Longitude = 089 15.03 W
* NMEA UTC (Time) = Jul 10 2012  23:05:44
* NMEA baud rate = 4800
# nquan = 31
# nvalues = 588                                   
# units = specified
# name 0 = altM: Altimeter [m]
# name 1 = bat: Beam Attenuation, Chelsea/Seatech [1/m]
# name 2 = bpos: Bottle Position in Carousel
# name 3 = c0S/m: Conductivity [S/m]
# name 4 = dz/dtM: Descent Rate [m/s]
# name 5 = wetCDOM: Fluorescence, WET Labs CDOM [mg/m^3]
# name 6 = latitude: Latitude [deg]
# name 7 = longitude: Longitude [deg]
# name 8 = sbeox0Mm/Kg: Oxygen, SBE 43 [umol/kg]
# name 9 = sbeox1Mm/Kg: Oxygen, SBE 43, 2 [umol/kg]
# name 10 = oxsolMm/Kg: Oxygen Saturation, Garcia & Gordon [umol/kg]
# name 11 = oxsatMm/Kg: Oxygen Saturation, Weiss [umol/kg]
# name 12 = par: PAR/Irradiance, Biospherical/Licor
# name 13 = pla: Plume Anomaly
# name 14 = prDM: Pressure, Digiquartz [db]
# name 15 = pumps: Pump Status
# name 16 = scan: Scan Count
# name 17 = sva: Specific Volume Anomaly [10^-8 * m^3/kg]
# name 18 = t090C: Temperature [ITS-90, deg C]
# name 19 = t190C: Temperature, 2 [ITS-90, deg C]
# name 20 = tsa: Thermosteric Anomaly [10^-8 * m^3/kg]
# name 21 = timeS: Time, Elapsed [seconds]
# name 22 = v0: Voltage 0
# name 23 = v1: Voltage 1
# name 24 = v2: Voltage 2
# name 25 = v3: Voltage 3
# name 26 = v4: Voltage 4
# name 27 = v5: Voltage 5
# name 28 = sbeox0V: Oxygen raw, SBE 43 [V]
# name 29 = nbf: Bottles Fired
# name 30 = flag:  0.000e+00
# interval = seconds: 0.0416667
# start_time = Jul 10 2012 23:05:44 [NMEA time, header]
# bad_flag = -9.990e-29
*END*
[from data line 328]
      98.71     0.0836          7   3.806410      0.001     3.7556   27.99342  -89.25144    123.388    104.574  276.51969  276.70329 1.3322e-01 9.5863e+00    400.313          1     103819    100.744     9.6300     9.6298     92.566   4325.750     1.4982     1.4237     4.9353     4.5714     0.0501     0.2222     1.4982          7  0.000e+00
      98.71     0.0836          7   3.806350     -1.190     3.7556   27.99342  -89.25142    123.390    104.573  276.52429  276.70797 1.3284e-01 9.5855e+00    400.264          1     103820    100.712     9.6291     9.6296     92.535   4325.792     1.4982     1.4237     4.9353     4.5714     0.0488     0.2222     1.4982          7  0.000e+00
      98.73     0.0846          7   3.806356      0.511     3.7556   27.99342  -89.25142    123.389    104.573  276.52327  276.70693 1.3247e-01 9.5857e+00    400.285          1     103821    100.728     9.6294     9.6298     92.551   4325.833     1.4982     1.4237     4.9365     4.5702     0.0476     0.2222     1.4982          7  0.000e+00
      98.73     0.0846          7   3.806343      0.681     3.7556   27.99342  -89.25142    123.391    104.714  276.52501  276.70871 1.3284e-01 9.5854e+00    400.313          1     103822    100.708     9.6290     9.6296     92.530   4325.875     1.4982     1.4249     4.9365     4.5702     0.0488     0.2222     1.4982          7  0.000e+00
      98.73     0.0846          7   3.806336      0.001     3.7556   27.99342  -89.25142    123.390    104.714  276.52461  276.70829 1.3247e-01 9.5855e+00    400.313          1     103823    100.725     9.6291     9.6299     92.547   4325.917     1.4982     1.4249     4.9365     4.5702     0.0476     0.2222     1.4982          7  0.000e+00
      98.73     0.0836          7   3.806356     -1.190     3.7556   27.99342  -89.25142    123.390    104.573  276.52415  276.70784 1.3247e-01 9.5855e+00    400.264          1     103824    100.707     9.6291     9.6300     92.530   4325.958     1.4982     1.4237     4.9365     4.5714     0.0476     0.2222     1.4982          7  0.000e+00
      98.73     0.0846          7   3.806370      0.511     3.7556   27.99342  -89.25142    123.238    104.573  276.52318  276.70685 1.3247e-01 9.5857e+00    400.285          1     103825    100.714     9.6293     9.6301     92.537   4326.000     1.4969     1.4237     4.9365     4.5702     0.0476     0.2222     1.4969          7  0.000e+00
      98.73     0.0825          7   3.806423      0.681     3.7556   27.99342  -89.25142    123.236    104.574  276.51924  276.70284 1.3247e-01 9.5864e+00    400.313          1     103826    100.738     9.6300     9.6300     92.560   4326.042     1.4969     1.4237     4.9365     4.5726     0.0476     0.2222     1.4969          7  0.000e+00
      98.71     0.0836          7   3.806490      0.001     3.7556   27.99342  -89.25142    123.235    104.573  276.51733  276.70093 1.3247e-01 9.5865e+00    400.313          1     103827    100.699     9.6302     9.6301     92.520   4326.083     1.4969     1.4237     4.9353     4.5714     0.0476     0.2222     1.4969          7  0.000e+00
      98.73     0.0836          7   3.806490      1.361     3.7556   27.99342  -89.25142    123.388    104.574  276.51684  276.70043 1.3284e-01 9.5866e+00    400.370          1     103828    100.714     9.6303     9.6301     92.534   4326.125     1.4982     1.4237     4.9365     4.5714     0.0488     0.2222     1.4982          7  0.000e+00
      98.73     0.0836          7   3.806450     -2.550     3.7556   27.99342  -89.25142    123.387    104.713  276.51811  276.70170 1.3247e-01 9.5865e+00    400.264          1     103829    100.726     9.6302     9.6301     92.549   4326.167     1.4982     1.4249     4.9365     4.5714     0.0476     0.2222     1.4982          7  0.000e+00
      98.71     0.0836          7   3.806416      1.871     3.7556   27.99342  -89.25142    123.390    104.574  276.52227  276.70595 1.3284e-01 9.5857e+00    400.342          1     103830    100.681     9.6293     9.6298     92.503   4326.208     1.4982     1.4237     4.9353     4.5714     0.0488     0.2222     1.4982          7  0.000e+00
      98.73     0.0836          7   3.806330     -0.679     3.6640   27.99342  -89.25142    123.391    104.574  276.52600  276.70971 1.3247e-01 9.5852e+00    400.314          1     103831    100.702     9.6288     9.6298     92.525   4326.250     1.4982     1.4237     4.9365     4.5714     0.0476     0.2186     1.4982          7  0.000e+00
      98.71     0.0836          7   3.806303     -1.190     3.6335   27.99342  -89.25142    123.391    104.573  276.52704  276.71077 1.3247e-01 9.5851e+00    400.264          1     103832    100.708     9.6287     9.6297     92.532   4326.292     1.4982     1.4237     4.9353     4.5714     0.0476     0.2173     1.4982          7  0.000e+00
      98.73     0.0836          7   3.806323      1.191     3.6335   27.99342  -89.25142    123.390    104.574  276.52416  276.70782 1.3247e-01 9.5857e+00    400.314          1     103833    100.751     9.6293     9.6298     92.573   4326.333     1.4982     1.4237     4.9365     4.5714     0.0476     0.2173     1.4982          7  0.000e+00
      98.71     0.0814          8   3.995380     -1.187     3.5114   27.99290  -89.25136    127.339    108.266  265.83309  265.87240 1.3172e-01 1.1364e+01    301.733          1     108242    111.414    11.3997    11.3991    104.321   4510.042     1.5861     1.5067     4.9353     4.5739     0.0452     0.2125     1.5861          8  0.000e+00
      98.68     0.0814          8   3.995366      2.377     3.5114   27.99290  -89.25136    127.485    108.135  265.83342  265.87274 1.3209e-01 1.1364e+01    301.832          1     108243    111.430    11.3997    11.3989    104.334   4510.083     1.5873     1.5055     4.9341     4.5739     0.0464     0.2125     1.5873          8  0.000e+00
      98.71     0.0814          8   3.995380     -4.922     3.5114   27.99290  -89.25136    127.338    108.132  265.83349  265.87282 1.3209e-01 1.1364e+01    301.627          1     108244    111.397    11.3996    11.3991    104.306   4510.125     1.5861     1.5055     4.9353     4.5739     0.0464     0.2125     1.5861          8  0.000e+00
      98.71     0.0814          8   3.995387      3.735     3.5114   27.99290  -89.25136    127.484    108.267  265.83300  265.87232 1.3209e-01 1.1364e+01    301.782          1     108245    111.412    11.3997    11.3991    104.317   4510.167     1.5873     1.5067     4.9353     4.5739     0.0464     0.2125     1.5873          8  0.000e+00
      98.71     0.0814          8   3.995387     -2.376     3.5114   27.99290  -89.25136    127.483    108.133  265.83292  265.87224 1.3209e-01 1.1364e+01    301.683          1     108246    111.407    11.3997    11.3989    104.314   4510.208     1.5873     1.5055     4.9353     4.5739     0.0464     0.2125     1.5873          8  0.000e+00
      98.71     0.0814          8   3.995387      2.377     3.5114   27.99290  -89.25136    127.484    108.267  265.83300  265.87232 1.3209e-01 1.1364e+01    301.782          1     108247    111.412    11.3997    11.3991    104.317   4510.250     1.5873     1.5067     4.9353     4.5739     0.0464     0.2125     1.5873          8  0.000e+00
      98.71     0.0814          8   3.995359      0.001     3.5114   27.99290  -89.25136    127.485    108.267  265.83400  265.87332 1.3209e-01 1.1364e+01    301.782          1     108248    111.420    11.3996    11.3990    104.326   4510.292     1.5873     1.5067     4.9353     4.5739     0.0464     0.2125     1.5873          8  0.000e+00
      98.71     0.0825          8   3.995380     -2.545     3.5114   27.99290  -89.25136    127.339    108.266  265.83304  265.87236 1.3209e-01 1.1364e+01    301.676          1     108249    111.411    11.3997    11.3990    104.319   4510.333     1.5861     1.5067     4.9353     4.5726     0.0464     0.2125     1.5861          8  0.000e+00
      98.71     0.0825          8   3.995387      1.359     3.5114   27.99290  -89.25136    127.339    108.134  265.83231  265.87161 1.3172e-01 1.1364e+01    301.733          1     108250    111.425    11.3999    11.3990    104.331   4510.375     1.5861     1.5055     4.9353     4.5726     0.0452     0.2125     1.5861          8  0.000e+00
      98.68     0.0825          8   3.995414     -0.169     3.5114   27.99290  -89.25136    127.483    108.134  265.83196  265.87127 1.3172e-01 1.1364e+01    301.726          1     108251    111.401    11.3998    11.3989    104.307   4510.417     1.5873     1.5055     4.9341     4.5726     0.0452     0.2125     1.5873          8  0.000e+00
      98.71     0.0825          8   3.995393      1.359     3.5114   27.99290  -89.25136    127.483    108.267  265.83157  265.87086 1.3172e-01 1.1364e+01    301.783          1     108252    111.438    11.4001    11.3990    104.343   4510.458     1.5873     1.5067     4.9353     4.5726     0.0452     0.2125     1.5873          8  0.000e+00
      98.71     0.0814          8   3.995366     -2.545     3.5419   27.99290  -89.25136    127.482    108.266  265.83199  265.87127 1.3172e-01 1.1364e+01    301.676          1     108253    111.452    11.4001    11.3990    104.359   4510.500     1.5873     1.5067     4.9353     4.5739     0.0452     0.2137     1.5873          8  0.000e+00
      98.68     0.0814          8   3.995427      1.359     3.5724   27.99290  -89.25136    127.482    108.400  265.83024  265.86952 1.3209e-01 1.1365e+01    301.733          1     108254    111.426    11.4002    11.3990    104.332   4510.542     1.5873     1.5079     4.9341     4.5739     0.0464     0.2149     1.5873          8  0.000e+00
      98.71     0.0814          8   3.995407     -0.169     3.5724   27.99290  -89.25136    127.482    108.267  265.83127  265.87056 1.3172e-01 1.1364e+01    301.726          1     108255    111.425    11.4001    11.3990    104.331   4510.583     1.5873     1.5067     4.9353     4.5739     0.0452     0.2149     1.5873          8  0.000e+00
      98.71     0.0814          8   3.995393      0.170     3.5724   27.99290  -89.25136    127.483    108.267  265.83169  265.87098 1.3172e-01 1.1364e+01    301.733          1     108256    111.431    11.4000    11.3989    104.338   4510.625     1.5873     1.5067     4.9353     4.5739     0.0452     0.2149     1.5873          8  0.000e+00
      98.71     0.0825          8   3.995359     -0.169     3.5724   27.99290  -89.25136    127.340    108.267  265.83346  265.87278 1.3209e-01 1.1364e+01    301.726          1     108257    111.429    11.3997    11.3988    104.335   4510.667     1.5861     1.5067     4.9353     4.5726     0.0464     0.2149     1.5861          8  0.000e+00
      98.71     0.0814          8   3.995380      1.359     3.5724   27.99290  -89.25136    127.484    108.268  265.83313  265.87244 1.3172e-01 1.1364e+01    301.783          1     108258    111.417    11.3997    11.3988    104.322   4510.708     1.5873     1.5067     4.9353     4.5739     0.0452     0.2149     1.5873          8  0.000e+00
      98.68     0.0825          8   3.995387     -1.357     3.5724   27.99290  -89.25136    127.339    108.267  265.83295  265.87227 1.3172e-01 1.1364e+01    301.726          1     108259    111.409    11.3997    11.3990    104.316   4510.750     1.5861     1.5067     4.9341     4.5726     0.0452     0.2149     1.5861          8  0.000e+00
      98.71     0.0825          8   3.995387      0.170     3.5724   27.99290  -89.25136    127.340    108.267  265.83361  265.87294 1.3209e-01 1.1364e+01    301.733          1     108260    111.394    11.3995    11.3990    104.301   4510.792     1.5861     1.5067     4.9353     4.5726     0.0464     0.2149     1.5861          8  0.000e+00
      98.68     0.0825          8   3.995332     -0.169     3.5724   27.99290  -89.25136    127.340    108.267  265.83511  265.87445 1.3172e-01 1.1364e+01    301.726          1     108261    111.422    11.3994    11.3988    104.329   4510.833     1.5861     1.5067     4.9341     4.5726     0.0452     0.2149     1.5861          8  0.000e+00
      98.68     0.0814          8   3.995373      1.359     3.5724   27.99290  -89.25136    127.341    108.268  265.83439  265.87374 1.3172e-01 1.1364e+01    301.783          1     108262    111.395    11.3994    11.3989    104.301   4510.875     1.5861     1.5067     4.9341     4.5739     0.0452     0.2149     1.5861          8  0.000e+00
      98.68     0.0814          8   3.995332     -1.357     3.5724   27.99290  -89.25136    127.485    108.267  265.83641  265.87578 1.3209e-01 1.1363e+01    301.726          1     108263    111.391    11.3991    11.3988    104.298   4510.917     1.5873     1.5067     4.9341     4.5739     0.0464     0.2149     1.5873          8  0.000e+00
      98.71     0.0814          8   3.995346      0.171     3.5724   27.99290  -89.25136    127.341    108.267  265.83567  265.87503 1.3172e-01 1.1364e+01    301.733          1     108264    111.393    11.3992    11.3987    104.300   4510.958     1.5861     1.5067     4.9353     4.5739     0.0452     0.2149     1.5861          8  0.000e+00
      98.71     0.0814          8   3.995380      1.189     3.5724   27.99290  -89.25136    127.485    108.267  265.83492  265.87428 1.3134e-01 1.1364e+01    301.783          1     108265    111.375    11.3992    11.3990    104.280   4511.000     1.5873     1.5067     4.9353     4.5739     0.0440     0.2149     1.5873          8  0.000e+00
      98.71     0.0814          8   3.995366      0.001     3.5724   27.99290  -89.25136    127.485    108.134  265.83452  265.87386 1.3209e-01 1.1364e+01    301.783          1     108266    111.400    11.3994    11.3988    104.306   4511.042     1.5873     1.5055     4.9353     4.5739     0.0464     0.2149     1.5873          8  0.000e+00
      98.71     0.0814          8   3.995325     -1.357     3.5724   27.99290  -89.25136    127.485    108.267  265.83589  265.87524 1.3172e-01 1.1364e+01    301.726          1     108267    111.411    11.3992    11.3987    104.318   4511.083     1.5873     1.5067     4.9353     4.5739     0.0452     0.2149     1.5873          8  0.000e+00
      98.71     0.0814          8   3.995346      1.359     3.5724   27.99290  -89.25136    127.486    108.268  265.83572  265.87507 1.3172e-01 1.1364e+01    301.783          1     108268    111.396    11.3992    11.3988    104.301   4511.125     1.5873     1.5067     4.9353     4.5739     0.0452     0.2149     1.5873          8  0.000e+00
      98.71     0.0814          8   3.995353      0.001     3.5724   27.99290  -89.25136    127.341    108.267  265.83477  265.87411 1.3209e-01 1.1364e+01    301.783          1     108269    111.410    11.3994    11.3989    104.316   4511.167     1.5861     1.5067     4.9353     4.5739     0.0464     0.2149     1.5861          8  0.000e+00
      98.71     0.0814          8   3.995353     -1.187     3.5419   27.99290  -89.25136    127.484    108.400  265.83473  265.87407 1.3172e-01 1.1364e+01    301.734          1     108270    111.407    11.3994    11.3988    104.314   4511.208     1.5873     1.5079     4.9353     4.5739     0.0452     0.2137     1.5873          8  0.000e+00
      98.71     0.0814          8   3.995325      1.189     3.5724   27.99290  -89.25136    127.486    108.268  265.83593  265.87529 1.3172e-01 1.1364e+01    301.783          1     108271    111.414    11.3992    11.3988    104.320   4511.250     1.5873     1.5067     4.9353     4.5739     0.0452     0.2149     1.5873          8  0.000e+00
      98.71     0.0814          8   3.995319      0.001     3.5724   27.99290  -89.25136    127.486    108.268  265.83606  265.87541 1.3172e-01 1.1364e+01    301.783          1     108272    111.419    11.3992    11.3989    104.325   4511.292     1.5873     1.5067     4.9353     4.5739     0.0452     0.2149     1.5873          8  0.000e+00
