tests/data/CTD/g01l03s01m-m2.ros
* Sea-Bird SBE 9 Data File:
* FileName = D:\CTD DATA\2013\PE13-01 DiMarco\G01L03S01M-M2.hex
* Software Version Seasave V 7.21g
* Temperature SN = 4515
* Conductivity SN = 3079
* Number of Bytes Per Scan = 40
* Number of Voltage Words = 5
* Number of Scans Averaged by the Deck Unit = 1
* NMEA Latitude = 28 44.57 N
* NMEA Longitude = 088 44.45 W
* NMEA UTC (Time) = Jul 05 2012  22:15:57
* NMEA baud rate = 4800
# nquan = 31
# nvalues = 588                                   
# units = specified
# name 0 = altM: Altimeter [m]
# name 1 = bat: Beam Attenuation, Chelsea/Seatech [1/m]
# name 2 = bpos: Bottle Position in Carousel
# name 3 = c0S/m: Conductivity [S/m]
# name 4 = dz/dtM: Descent Rate [m/s]
# name 5 = wetCDOM: Fluorescence, WET Labs CDOM [mg/m^3]
# name 6 = latitude: Latitude [deg]
# name 7 = longitude: Longitude [deg]
# name 8 = sbeox0Mm/Kg: Oxygen, SBE 43 [umol/kg]
# name 9 = sbeox1Mm/Kg: Oxygen, SBE 43, 2 [umol/kg]
# name 10 = oxsolMm/Kg: Oxygen Saturation, Garcia & Gordon [umol/kg]
# name 11 = oxsatMm/Kg: Oxygen Saturation, Weiss [umol/kg]
# name 12 = par: PAR/Irradiance, Biospherical/Licor
# name 13 = pla: Plume Anomaly
# name 14 = prDM: Pressure, Digiquartz [db]
# name 15 = pumps: Pump Status
# name 16 = scan: Scan Count
# name 17 = sva: Specific Volume Anomaly [10^-8 * m^3/kg]
# name 18 = t090C: Temperature [ITS-90, deg C]
# name 19 = t190C: Temperature, 2 [ITS-90, deg C]
# name 20 = tsa: Thermosteric Anomaly [10^-8 * m^3/kg]
# name 21 = timeS: Time, Elapsed [seconds]
# name 22 = v0: Voltage 0
# name 23 = v1: Voltage 1
# name 24 = v2: Voltage 2
# name 25 = v3: Voltage 3
# name 26 = v4: Voltage 4
# name 27 = v5: Voltage 5
# name 28 = sbeox0V: Oxygen raw, SBE 43 [V]
# name 29 = nbf: Bottles Fired
# name 30 = flag:  0.000e+00
# interval = seconds: 0.0416667
# start_time = Jul 05 2012 22:15:57 [NMEA time, header]
# bad_flag = -9.990e-29
*END*
       6.40     0.1406          1   3.382295     -1.721     4.1219   28.73452  -88.73302    187.236    159.047  307.86316  308.55438 1.2233e-01 4.8667e+00   1039.427          1      62372     56.859     4.9528     4.9503     45.081   2598.792     1.7436     1.6508     0.3199     4.5067     0.0134     0.2369     1.7436          1  0.000e+00
       6.40     0.1417          1   3.382358      1.722     4.1219   28.73452  -88.73302    187.233    158.877  307.85736  308.54846 1.2233e-01 4.8675e+00   1039.499          1      62373     56.885     4.9536     4.9505     45.105   2598.833     1.7436     1.6496     0.3199     4.5055     0.0134     0.2369     1.7436          1  0.000e+00
       6.40     0.1417          1   3.382263     -1.720     4.1219   28.73452  -88.73302    187.236    159.043  307.86330  308.55449 1.2233e-01 4.8668e+00   1039.427          1      62374     56.899     4.9529     4.9513     45.121   2598.875     1.7436     1.6508     0.3199     4.5055     0.0134     0.2369     1.7436          1  0.000e+00
       6.40     0.1417          1   3.382148      1.722     4.1219   28.73452  -88.73302    187.243    159.046  307.87249  308.56384 1.2233e-01 4.8656e+00   1039.499          1      62375     56.888     4.9517     4.9510     45.112   2598.917     1.7436     1.6508     0.3199     4.5055     0.0134     0.2369     1.7436          1  0.000e+00
       6.40     0.1417          1   3.382129     -2.581     4.1219   28.73452  -88.73302    187.241    159.045  307.87357  308.56494 1.2233e-01 4.8655e+00   1039.392          1      62376     56.886     4.9515     4.9505     45.112   2598.958     1.7436     1.6508     0.3199     4.5055     0.0134     0.2369     1.7436          1  0.000e+00
       6.40     0.1428          1   3.382199      2.238     4.1524   28.73452  -88.73302    187.057    159.043  307.87042  308.56177 1.2233e-01 4.8657e+00   1039.485          1      62377     56.857     4.9518     4.9514     45.080   2599.000     1.7424     1.6508     0.3199     4.5043     0.0134     0.2381     1.7424          1  0.000e+00
       6.40     0.1417          1   3.382225     -1.032     4.1524   28.73452  -88.73302    187.055    159.038  307.86877  308.56009 1.2233e-01 4.8659e+00   1039.442          1      62378     56.850     4.9520     4.9528     45.074   2599.042     1.7424     1.6508     0.3199     4.5055     0.0134     0.2381     1.7424          1  0.000e+00
       6.40     0.1417          1   3.382174     -0.344     4.1524   28.73452  -88.73302    187.241    159.036  307.87103  308.56237 1.2233e-01 4.8657e+00   1039.427          1      62379     56.876     4.9518     4.9531     45.100   2599.083     1.7436     1.6508     0.3199     4.5055     0.0134     0.2381     1.7436          1  0.000e+00
       6.40     0.1417          1   3.382161      1.722     4.1219   28.73452  -88.73302    187.244    159.038  307.87379  308.56519 1.2233e-01 4.8653e+00   1039.499          1      62380     56.847     4.9513     4.9531     45.071   2599.125     1.7436     1.6508     0.3199     4.5055     0.0134     0.2369     1.7436          1  0.000e+00
       6.40     0.1417          1   3.382161     -1.721     4.1524   28.73452  -88.73302    187.243    159.041  307.87370  308.56511 1.2233e-01 4.8653e+00   1039.427          1      62381     56.844     4.9513     4.9519     45.069   2599.167     1.7436     1.6508     0.3199     4.5055     0.0134     0.2381     1.7436          1  0.000e+00
       6.40     0.1406          1   3.382205      0.345     4.1219   28.73452  -88.73302    187.242    159.046  307.87254  308.56397 1.2233e-01 4.8653e+00   1039.442          1      62382     56.807     4.9513     4.9509     45.031   2599.208     1.7436     1.6508     0.3199     4.5067     0.0134     0.2369     1.7436          1  0.000e+00
       6.40     0.1417          1   3.382174      0.001     4.1219   28.73452  -88.73302    187.241    159.044  307.87105  308.56239 1.2268e-01 4.8657e+00   1039.442          1      62383     56.876     4.9518     4.9513     45.101   2599.250     1.7436     1.6508     0.3199     4.5055     0.0147     0.2369     1.7436          1  0.000e+00
       6.40     0.1417          1   3.382205     -0.344     4.1219   28.73452  -88.73302    187.240    159.042  307.86996  308.56130 1.2233e-01 4.8658e+00   1039.428          1      62384     56.853     4.9519     4.9515     45.077   2599.292     1.7436     1.6508     0.3199     4.5055     0.0134     0.2369     1.7436          1  0.000e+00
       6.40     0.1417          1   3.382244      0.345     4.1219   28.73452  -88.73302    187.053    159.039  307.86523  308.55645 1.2233e-01 4.8666e+00   1039.442          1      62385     56.890     4.9526     4.9523     45.112   2599.333     1.7424     1.6508     0.3199     4.5055     0.0134     0.2369     1.7424          1  0.000e+00
       6.40     0.1417          1   3.382295     -0.344     4.1219   28.73452  -88.73302    187.050    159.035  307.86153  308.55270 1.2233e-01 4.8670e+00   1039.428          1      62386     56.889     4.9531     4.9533     45.110   2599.375     1.7424     1.6508     0.3199     4.5055     0.0134     0.2369     1.7424          1  0.000e+00
       6.40     0.1417          1   3.382288      0.345     4.1524   28.73452  -88.73302    187.235    159.034  307.86241  308.55360 1.2268e-01 4.8669e+00   1039.442          1      62387     56.882     4.9530     4.9537     45.104   2599.417     1.7436     1.6508     0.3199     4.5055     0.0147     0.2381     1.7436          1  0.000e+00
       6.40     0.1417          1   3.382282     -1.548     4.1219   28.73452  -88.73302    187.235    159.036  307.86344  308.55466 1.2233e-01 4.8667e+00   1039.377          1      62388     56.867     4.9528     4.9530     45.090   2599.458     1.7436     1.6508     0.3199     4.5055     0.0134     0.2369     1.7436          1  0.000e+00
       6.40     0.1417          1   3.382282      1.549     4.1524   28.73452  -88.73302    187.237    159.040  307.86515  308.55642 1.2233e-01 4.8664e+00   1039.442          1      62389     56.840     4.9524     4.9524     45.062   2599.500     1.7436     1.6508     0.3199     4.5055     0.0134     0.2381     1.7436          1  0.000e+00
       6.40     0.1406          1   3.382263     -1.204     4.1524   28.73452  -88.73302    187.237    159.039  307.86607  308.55735 1.2233e-01 4.8663e+00   1039.392          1      62390     56.846     4.9523     4.9521     45.069   2599.542     1.7436     1.6508     0.3199     4.5067     0.0134     0.2381     1.7436          1  0.000e+00
       6.40     0.1406          1   3.382276      0.861     4.1219   28.73452  -88.73302    187.236    159.041  307.86367  308.55488 1.2233e-01 4.8667e+00   1039.428          1      62391     56.875     4.9528     4.9521     45.097   2599.583     1.7436     1.6508     0.3199     4.5067     0.0134     0.2369     1.7436          1  0.000e+00
       6.40     0.1406          1   3.382301      0.345     3.9998   28.73452  -88.73302    187.235    159.043  307.86138  308.55255 1.2233e-01 4.8670e+00   1039.442          1      62392     56.884     4.9531     4.9514     45.105   2599.625     1.7436     1.6508     0.3199     4.5067     0.0134     0.2320     1.7436          1  0.000e+00
       6.40     0.1417          1   3.382314     -1.548     3.9082   28.73452  -88.73302    187.235    159.044  307.86400  308.55528 1.2233e-01 4.8664e+00   1039.378          1      62393     56.815     4.9525     4.9507     45.037   2599.667     1.7436     1.6508     0.3199     4.5055     0.0134     0.2283     1.7436          1  0.000e+00
       6.40     0.1417          1   3.382288      0.345     3.9082   28.73452  -88.73302    187.235    159.041  307.86399  308.55523 1.2233e-01 4.8666e+00   1039.392          1      62394     56.850     4.9526     4.9515     45.072   2599.708     1.7436     1.6508     0.3199     4.5055     0.0134     0.2283     1.7436          1  0.000e+00
       6.40     0.1417          1   3.382301      0.861     3.9387   28.73452  -88.73302    187.053    159.039  307.86696  308.55832 1.2233e-01 4.8659e+00   1039.428          1      62395     56.781     4.9520     4.9526     45.003   2599.750     1.7424     1.6508     0.3199     4.5055     0.0134     0.2295     1.7424          1  0.000e+00
       6.40     0.1406          1   3.382288      0.345     3.9387   28.73452  -88.73302    187.239    159.041  307.86708  308.55843 1.2233e-01 4.8659e+00   1039.442          1      62396     56.796     4.9520     4.9521     45.019   2599.792     1.7436     1.6508     0.3199     4.5067     0.0134     0.2295     1.7436          1  0.000e+00
       6.40     0.1417          1   3.382301     -1.204     3.9387   28.73452  -88.73302    187.052    159.212  307.86599  308.55731 1.2233e-01 4.8661e+00   1039.392          1      62397     56.796     4.9522     4.9517     45.019   2599.833     1.7424     1.6520     0.3199     4.5055     0.0134     0.2295     1.7424          1  0.000e+00
       6.42     0.1406          1   3.382295      0.861     3.9387   28.73452  -88.73302    187.237    159.042  307.86550  308.55680 1.2233e-01 4.8662e+00   1039.428          1      62398     56.816     4.9523     4.9518     45.038   2599.875     1.7436     1.6508     0.3211     4.5067     0.0134     0.2295     1.7436          1  0.000e+00
       6.42     0.1417          1   3.382307     -0.860     3.9387   28.73452  -88.73302    187.235    159.040  307.86349  308.55474 1.2233e-01 4.8666e+00   1039.392          1      62399     56.833     4.9526     4.9520     45.056   2599.917     1.7436     1.6508     0.3211     4.5055     0.0134     0.2295     1.7436          1  0.000e+00
       6.42     0.1417          1   3.382314     -0.344     3.9387   28.73452  -88.73302    187.049    159.041  307.86190  308.55311 1.2233e-01 4.8668e+00   1039.378          1      62400     56.853     4.9529     4.9517     45.075   2599.958     1.7424     1.6508     0.3211     4.5055     0.0134     0.2295     1.7424          1  0.000e+00
       6.42     0.1406          1   3.382288      1.549     3.9387   28.73452  -88.73302    187.236    159.045  307.86265  308.55384 1.2233e-01 4.8668e+00   1039.442          1      62401     56.878     4.9529     4.9510     45.099   2600.000     1.7436     1.6508     0.3211     4.5067     0.0134     0.2295     1.7436          1  0.000e+00
       6.42     0.1417          1   3.382326     -1.548     3.9387   28.73452  -88.73302    187.049    159.046  307.86203  308.55326 1.2233e-01 4.8667e+00   1039.378          1      62402     56.834     4.9528     4.9503     45.056   2600.042     1.7424     1.6508     0.3211     4.5055     0.0134     0.2295     1.7424          1  0.000e+00
       6.42     0.1406          1   3.382346      1.549     3.9387   28.73452  -88.73302    187.048    158.877  307.85880  308.54993 1.2233e-01 4.8673e+00   1039.442          1      62403     56.872     4.9534     4.9504     45.092   2600.083     1.7424     1.6496     0.3211     4.5067     0.0134     0.2295     1.7424          1  0.000e+00
       6.42     0.1417          1   3.382365     -1.204     3.9387   28.73452  -88.73302    187.229    159.045  307.85497  308.54600 1.2233e-01 4.8680e+00   1039.392          1      62404     56.913     4.9541     4.9507     45.133   2600.125     1.7436     1.6508     0.3211     4.5055     0.0134     0.2295     1.7436          1  0.000e+00
       6.42     0.1417          1   3.382377     -0.344     3.9387   28.73452  -88.73302    187.043    159.044  307.85275  308.54372 1.2233e-01 4.8684e+00   1039.378          1      62405     56.936     4.9544     4.9510     45.156   2600.167     1.7424     1.6508     0.3211     4.5055     0.0134     0.2295     1.7424          1  0.000e+00
       6.42     0.1406          1   3.382397      1.550     3.9387   28.73452  -88.73302    187.044    159.039  307.85255  308.54354 1.2233e-01 4.8683e+00   1039.442          1      62406     56.919     4.9544     4.9526     45.138   2600.208     1.7424     1.6508     0.3211     4.5067     0.0134     0.2295     1.7424          1  0.000e+00
       6.42     0.1406          1   3.382384     -1.548     3.9387   28.73452  -88.73302    187.228    159.204  307.85421  308.54525 1.2233e-01 4.8680e+00   1039.378          1      62407     56.901     4.9541     4.9536     45.121   2600.250     1.7436     1.6520     0.3211     4.5067     0.0134     0.2295     1.7436          1  0.000e+00
       6.42     0.1406          1   3.382377      0.345     3.9387   28.73452  -88.73302    187.044    159.201  307.85463  308.54567 1.2233e-01 4.8680e+00   1039.392          1      62408     56.903     4.9541     4.9544     45.122   2600.292     1.7424     1.6520     0.3211     4.5067     0.0134     0.2295     1.7424          1  0.000e+00
       6.42     0.1406          1   3.382397      0.861     3.9387   28.73452  -88.73302    187.229    159.032  307.85346  308.54449 1.2233e-01 4.8681e+00   1039.428          1      62409     56.901     4.9542     4.9543     45.120   2600.333     1.7436     1.6508     0.3211     4.5067     0.0134     0.2295     1.7436          1  0.000e+00
       6.42     0.1406          1   3.382384     -0.860     3.9387   28.73452  -88.73302    187.229    159.032  307.85516  308.54623 1.2233e-01 4.8678e+00   1039.392          1      62410     56.884     4.9539     4.9540     45.104   2600.375     1.7436     1.6508     0.3211     4.5067     0.0134     0.2295     1.7436          1  0.000e+00
       6.42     0.1406          1   3.382377      0.001     3.9387   28.73452  -88.73302    187.045    159.033  307.85556  308.54663 1.2233e-01 4.8678e+00   1039.392          1      62411     56.885     4.9539     4.9538     45.106   2600.417     1.7424     1.6508     0.3211     4.5067     0.0134     0.2295     1.7424          1  0.000e+00
       6.42     0.1406          1   3.382352      0.861     3.9387   28.73452  -88.73302    187.046    159.032  307.85628  308.54734 1.2233e-01 4.8678e+00   1039.428          1      62412     56.909     4.9539     4.9542     45.129   2600.458     1.7424     1.6508     0.3211     4.5067     0.0134     0.2295     1.7424          1  0.000e+00
       6.42     0.1406          1   3.382295      0.345     3.9387   28.73452  -88.73302    187.048    159.203  307.85828  308.54934 1.2268e-01 4.8677e+00   1039.443          1      62413     56.949     4.9538     4.9542     45.170   2600.500     1.7424     1.6520     0.3211     4.5067     0.0147     0.2295     1.7424          1  0.000e+00
       6.42     0.1406          1   3.382352     -1.548     3.9387   28.73452  -88.73302    187.230    159.030  307.85622  308.54728 1.2338e-01 4.8678e+00   1039.378          1      62414     56.906     4.9539     4.9543     45.127   2600.542     1.7436     1.6508     0.3211     4.5067     0.0171     0.2295     1.7436          1  0.000e+00
       6.42     0.1406          1   3.382352      1.550     3.9387   28.73452  -88.73302    187.048    159.032  307.85770  308.54880 1.2338e-01 4.8675e+00   1039.443          1      62415     56.884     4.9536     4.9542     45.104   2600.583     1.7424     1.6508     0.3211     4.5067     0.0171     0.2295     1.7424          1  0.000e+00
       6.42     0.1406          1   3.382346     -0.344     3.9387   28.73452  -88.73302    187.231    159.202  307.85691  308.54799 1.2268e-01 4.8677e+00   1039.428          1      62416     56.906     4.9538     4.9543     45.126   2600.625     1.7436     1.6520     0.3211     4.5067     0.0147     0.2295     1.7436          1  0.000e+00
       6.45     0.1406          1   3.382346     -0.860     3.9387   28.73452  -88.73302    187.230    159.033  307.85547  308.54650 1.2233e-01 4.8680e+00   1039.392          1      62417     56.930     4.9541     4.9537     45.150   2600.667     1.7436     1.6508     0.3223     4.5067     0.0134     0.2295     1.7436          1  0.000e+00
