tests/data/CTD/g01l04s01.ros
* Sea-Bird SBE 9 Data File:
* FileName = D:\CTD DATA\2013\PE13-01 DiMarco\G01L04S01.hex
* Software Version Seasave V 7.21g
* Temperature SN = 4515
* Conductivity SN = 3079
* Number of Bytes Per Scan = 40
* Number of Voltage Words = 5
* Number of Scans Averaged by the Deck Unit = 1
* NMEA Latitude = 29 00.05 N
* NMEA Longitude = 088 30.00 W
* NMEA UTC (Time) = Jul 06 2012  05:41:26
* NMEA baud rate = 4800
# nquan = 31
# nvalues = 588                                   
# units = specified
# name 0 = altM: Altimeter [m]
# name 1 = bat: Beam Attenuation, Chelsea/Seatech [1/m]
# name 2 = bpos: Bottle Position in Carousel
# name 3 = c0S/m: Conductivity [S/m]
# name 4 = dz/dtM: Descent Rate [m/s]
# name 5 = wetCDOM: Fluorescence, WET Labs CDOM [mg/m^3]
# name 6 = latitude: Latitude [deg]
# name 7 = longitude: Longitude [deg]
# name 8 = sbeox0Mm/Kg: Oxygen, SBE 43 [umol/kg]
# name 9 = sbeox1Mm/Kg: Oxygen, SBE 43, 2 [umol/kg]
# name 10 = oxsolMm/Kg: Oxygen Saturation, Garcia & Gordon [umol/kg]
# name 11 = oxsatMm/Kg: Oxygen Saturation, Weiss [umol/kg]
# name 12 = par: PAR/Irradiance, Biospherical/Licor
# name 13 = pla: Plume Anomaly
# name 14 = prDM: Pressure, Digiquartz [db]
# name 15 = pumps: Pump Status
# name 16 = scan: Scan Count
# name 17 = sva: Specific Volume Anomaly [10^-8 * m^3/kg]
# name 18 = t090C: Temperature [ITS-90, deg C]
# name 19 = t190C: Temperature, 2 [ITS-90, deg C]
# name 20 = tsa: Thermosteric Anomaly [10^-8 * m^3/kg]
# name 21 = timeS: Time, Elapsed [seconds]
# name 22 = v0: Voltage 0
# name 23 = v1: Voltage 1
# name 24 = v2: Voltage 2
# name 25 = v3: Voltage 3
# name 26 = v4: Voltage 4
# name 27 = v5: Voltage 5
# name 28 = sbeox0V: Oxygen raw, SBE 43 [V]
# name 29 = nbf: Bottles Fired
# name 30 = flag:  0.000e+00
# interval = seconds: 0.0416667
# start_time = Jul 06 2012 05:41:26 [NMEA time, header]
# bad_flag = -9.990e-29
*END*
[from data line 141]
      98.73     0.0612          3   3.786428      1.363     3.5724   29.00674  -88.49862    122.154    103.787  277.96069  278.16462 1.2198e-01 9.3450e+00    504.225          1      49171    101.216     9.4001     9.4139     91.111   2048.750     1.4701     1.4005     4.9365     4.5971     0.0122     0.2149     1.4701          3  0.000e+00
      98.73     0.0612          3   3.786461     -1.363     3.5724   29.00674  -88.49862    121.997    103.641  277.95849  278.16238 1.2198e-01 9.3453e+00    504.168          1      49172    101.220     9.4004     9.4144     91.115   2048.792     1.4689     1.3993     4.9365     4.5971     0.0122     0.2149     1.4689          3  0.000e+00
      98.73     0.0612          3   3.786455      1.364     3.5724   29.00674  -88.49862    121.999    103.643  277.95941  278.16332 1.2198e-01 9.3451e+00    504.225          1      49173    101.212     9.4002     9.4142     91.106   2048.833     1.4689     1.3993     4.9365     4.5971     0.0122     0.2149     1.4689          3  0.000e+00
      98.73     0.0612          3   3.786521     -1.192     3.5724   29.00674  -88.49862    121.997    103.646  277.95671  278.16060 1.2198e-01 9.3455e+00    504.176          1      49174    101.186     9.4005     9.4127     91.081   2048.875     1.4689     1.3993     4.9365     4.5971     0.0122     0.2149     1.4689          3  0.000e+00
      98.71     0.0622          3   3.786628     -0.170     3.5724   29.00674  -88.49862    121.994    103.649  277.95159  278.15541 1.2198e-01 9.3462e+00    504.168          1      49175    101.168     9.4013     9.4116     91.062   2048.917     1.4689     1.3993     4.9353     4.5958     0.0122     0.2149     1.4689          3  0.000e+00
      98.71     0.0612          3   3.786854      0.000     3.5419   29.00674  -88.49862    121.988    103.649  277.93834  278.14198 1.2198e-01 9.3483e+00    504.168          1      49176    101.181     9.4034     9.4112     91.073   2048.958     1.4689     1.3993     4.9353     4.5971     0.0122     0.2137     1.4689          3  0.000e+00
      98.71     0.0708          4   3.894530      0.000     3.5114   29.00746  -88.49846    123.639    105.149  271.50015  271.61438 1.2198e-01 1.0402e+01    403.277          1      54318    107.090    10.4482    10.4472     98.250   2263.208     1.5189     1.4457     4.9353     4.5861     0.0122     0.2125     1.5189          4  0.000e+00
      98.71     0.0718          4   3.894503     -2.550     3.5114   29.00746  -88.49846    123.637    105.010  271.50042  271.61464 1.2198e-01 1.0402e+01    403.171          1      54319    107.108    10.4482    10.4472     98.270   2263.250     1.5189     1.4444     4.9353     4.5849     0.0122     0.2125     1.5189          4  0.000e+00
      98.71     0.0708          4   3.894517      2.551     3.5114   29.00746  -88.49846    123.639    105.012  271.50162  271.61588 1.2198e-01 1.0402e+01    403.277          1      54320    107.073    10.4479    10.4472     98.233   2263.292     1.5189     1.4444     4.9353     4.5861     0.0122     0.2125     1.5189          4  0.000e+00
      98.71     0.0708          4   3.894530     -1.360     3.5114   29.00746  -88.49846    123.638    104.873  271.50131  271.61557 1.2198e-01 1.0402e+01    403.221          1      54321    107.060    10.4479    10.4474     98.221   2263.333     1.5189     1.4432     4.9353     4.5861     0.0122     0.2125     1.5189          4  0.000e+00
      98.71     0.0697          4   3.894530     -0.510     3.5114   29.00746  -88.49846    123.638    104.873  271.50077  271.61502 1.2198e-01 1.0402e+01    403.199          1      54322    107.070    10.4480    10.4472     98.232   2263.375     1.5189     1.4432     4.9353     4.5873     0.0122     0.2125     1.5189          4  0.000e+00
      98.71     0.0708          4   3.894530      0.511     3.5114   29.00746  -88.49846    123.638    105.011  271.50079  271.61504 1.2198e-01 1.0402e+01    403.221          1      54323    107.072    10.4480    10.4474     98.232   2263.417     1.5189     1.4444     4.9353     4.5861     0.0122     0.2125     1.5189          4  0.000e+00
      98.73     0.0708          4   3.894503     -1.190     3.5114   29.00746  -88.49846    123.637    105.010  271.50042  271.61464 1.2198e-01 1.0402e+01    403.171          1      54324    107.108    10.4482    10.4472     98.270   2263.458     1.5189     1.4444     4.9365     4.5861     0.0122     0.2125     1.5189          4  0.000e+00
      98.71     0.0708          4   3.894517      2.551     3.5419   29.00746  -88.49846    123.639    105.011  271.50042  271.61464 1.2198e-01 1.0402e+01    403.277          1      54325    107.100    10.4482    10.4474     98.260   2263.500     1.5189     1.4444     4.9353     4.5861     0.0122     0.2137     1.5189          4  0.000e+00
      98.71     0.0708          4   3.894598     -2.550     3.5419   29.00746  -88.49846    123.487    105.010  271.49806  271.61228 1.2198e-01 1.0402e+01    403.171          1      54326    107.050    10.4484    10.4472     98.211   2263.542     1.5177     1.4444     4.9353     4.5861     0.0122     0.2137     1.5177          4  0.000e+00
      98.71     0.0708          4   3.894604      1.191     3.5724   29.00746  -88.49846    123.636    105.011  271.49728  271.61149 1.2198e-01 1.0402e+01    403.221          1      54327    107.063    10.4485    10.4474     98.223   2263.583     1.5189     1.4444     4.9353     4.5861     0.0122     0.2149     1.5189          4  0.000e+00
      98.71     0.0708          4   3.894571      0.000     3.5724   29.00746  -88.49846    123.636    105.011  271.49725  271.61144 1.2198e-01 1.0402e+01    403.221          1      54328    107.104    10.4487    10.4474     98.264   2263.625     1.5189     1.4444     4.9353     4.5861     0.0122     0.2149     1.5189          4  0.000e+00
      98.71     0.0708          4   3.894584      0.000     3.5724   29.00746  -88.49846    123.488    105.149  271.49768  271.61188 1.2198e-01 1.0402e+01    403.221          1      54329    107.078    10.4485    10.4472     98.238   2263.667     1.5177     1.4457     4.9353     4.5861     0.0122     0.2149     1.5177          4  0.000e+00
      98.71     0.0697          4   3.894598     -0.510     3.5724   29.00746  -88.49846    123.636    105.148  271.49619  271.61037 1.2198e-01 1.0403e+01    403.200          1      54330    107.094    10.4488    10.4474     98.255   2263.708     1.5189     1.4457     4.9353     4.5873     0.0122     0.2149     1.5189          4  0.000e+00
      98.73     0.0708          4   3.894598     -0.680     3.5724   29.00746  -88.49846    123.635    105.010  271.49617  271.61034 1.2198e-01 1.0403e+01    403.171          1      54331    107.093    10.4488    10.4472     98.254   2263.750     1.5189     1.4444     4.9365     4.5861     0.0122     0.2149     1.5189          4  0.000e+00
      98.71     0.0708          4   3.894544      1.191     3.5724   29.00746  -88.49846    123.637    104.873  271.49847  271.61266 1.2198e-01 1.0402e+01    403.221          1      54332    107.108    10.4485    10.4474     98.269   2263.792     1.5189     1.4432     4.9353     4.5861     0.0122     0.2149     1.5189          4  0.000e+00
      98.71     0.0697          4   3.894550      0.000     3.5724   29.00746  -88.49846    123.637    104.873  271.49885  271.61306 1.2198e-01 1.0402e+01    403.221          1      54333    107.091    10.4484    10.4472     98.252   2263.833     1.5189     1.4432     4.9353     4.5873     0.0122     0.2149     1.5189          4  0.000e+00
      98.71     0.0708          4   3.894564      0.000     3.5724   29.00746  -88.49846    123.638    105.011  271.49945  271.61368 1.2198e-01 1.0402e+01    403.221          1      54334    107.062    10.4482    10.4472     98.223   2263.875     1.5189     1.4444     4.9353     4.5861     0.0122     0.2149     1.5189          4  0.000e+00
      98.71     0.0708          4   3.894537     -1.190     3.5724   29.00746  -88.49846    123.637    105.009  271.50062  271.61487 1.2198e-01 1.0402e+01    403.171          1      54335    107.064    10.4480    10.4476     98.226   2263.917     1.5189     1.4444     4.9353     4.5861     0.0122     0.2149     1.5189          4  0.000e+00
      98.71     0.0708          4   3.894550      1.191     3.5724   29.00746  -88.49846    123.638    105.009  271.49971  271.61394 1.2198e-01 1.0402e+01    403.221          1      54336    107.072    10.4482    10.4479     98.233   2263.958     1.5189     1.4444     4.9353     4.5861     0.0122     0.2149     1.5189          4  0.000e+00
      98.71     0.0708          4   3.894584     -1.190     3.5724   29.00746  -88.49846    123.636    105.008  271.49832  271.61254 1.2233e-01 1.0402e+01    403.171          1      54337    107.060    10.4484    10.4481     98.221   2264.000     1.5189     1.4444     4.9353     4.5861     0.0134     0.2149     1.5189          4  0.000e+00
      98.71     0.0708          4   3.894544      0.681     3.5724   29.00746  -88.49846    123.637    105.009  271.49896  271.61317 1.2198e-01 1.0402e+01    403.200          1      54338    107.095    10.4484    10.4479     98.256   2264.042     1.5189     1.4444     4.9353     4.5861     0.0122     0.2149     1.5189          4  0.000e+00
      98.71     0.0708          4   3.894550      0.511     3.5724   29.00746  -88.49846    123.637    105.008  271.49902  271.61324 1.2198e-01 1.0402e+01    403.221          1      54339    107.088    10.4484    10.4483     98.248   2264.083     1.5189     1.4444     4.9353     4.5861     0.0122     0.2149     1.5189          4  0.000e+00
      98.71     0.0708          4   3.894564      0.000     3.5724   29.00746  -88.49846    123.786    105.009  271.49807  271.61227 1.2198e-01 1.0402e+01    403.221          1      54340    107.093    10.4485    10.4483     98.254   2264.125     1.5201     1.4444     4.9353     4.5861     0.0122     0.2149     1.5201          4  0.000e+00
      98.71     0.0697          4   3.894564      0.000     3.5724   29.00746  -88.49846    123.637    104.871  271.49807  271.61227 1.2198e-01 1.0402e+01    403.221          1      54341    107.093    10.4485    10.4481     98.254   2264.167     1.5189     1.4432     4.9353     4.5873     0.0122     0.2149     1.5189          4  0.000e+00
      98.71     0.0708          4   3.894584      0.000     3.5724   29.00746  -88.49846    123.637    105.009  271.49768  271.61188 1.2198e-01 1.0402e+01    403.221          1      54342    107.078    10.4485    10.4481     98.238   2264.208     1.5189     1.4444     4.9353     4.5861     0.0122     0.2149     1.5189          4  0.000e+00
      98.71     0.0697          4   3.894544      0.000     3.5724   29.00746  -88.49846    123.637    105.009  271.49898  271.61319 1.2198e-01 1.0402e+01    403.221          1      54343    107.096    10.4484    10.4483     98.257   2264.250     1.5189     1.4444     4.9353     4.5873     0.0122     0.2149     1.5189          4  0.000e+00
      98.71     0.0708          4   3.894577      0.000     3.5724   29.00746  -88.49846    123.637    105.009  271.49781  271.61201 1.2198e-01 1.0402e+01    403.221          1      54344    107.083    10.4485    10.4483     98.243   2264.292     1.5189     1.4444     4.9353     4.5861     0.0122     0.2149     1.5189          4  0.000e+00
      98.71     0.0708          4   3.894598      0.000     3.5724   29.00746  -88.49846    123.487    105.009  271.49673  271.61091 1.2198e-01 1.0402e+01    403.221          1      54345    107.084    10.4487    10.4481     98.244   2264.333     1.5177     1.4444     4.9353     4.5861     0.0122     0.2149     1.5177          4  0.000e+00
      98.71     0.0697          4   3.894598      2.041     3.5724   29.00746  -88.49846    123.638    105.010  271.49680  271.61098 1.2198e-01 1.0402e+01    403.306          1      54346    107.088    10.4487    10.4481     98.247   2264.375     1.5189     1.4444     4.9353     4.5873     0.0122     0.2149     1.5189          4  0.000e+00
      98.71     0.0697          4   3.894618     -3.231     3.5724   29.00746  -88.49846    123.635    105.009  271.49560  271.60977 1.2198e-01 1.0403e+01    403.172          1      54347    107.081    10.4489    10.4479     98.243   2264.417     1.5189     1.4444     4.9353     4.5873     0.0122     0.2149     1.5189          4  0.000e+00
      98.71     0.0697          4   3.894604      1.191     3.5724   29.00746  -88.49846    123.636    105.010  271.49608  271.61025 1.2198e-01 1.0403e+01    403.221          1      54348    107.090    10.4488    10.4479     98.250   2264.458     1.5189     1.4444     4.9353     4.5873     0.0122     0.2149     1.5189          4  0.000e+00
      98.71     0.0708          4   3.894665      1.361     3.6029   29.00746  -88.49846    123.636    105.010  271.49425  271.60842 1.2198e-01 1.0403e+01    403.278          1      54349    107.064    10.4490    10.4479     98.223   2264.500     1.5189     1.4444     4.9353     4.5861     0.0122     0.2161     1.5189          4  0.000e+00
      98.71     0.0697          4   3.894645     -1.360     3.5724   29.00746  -88.49846    123.635    105.010  271.49460  271.60876 1.2198e-01 1.0403e+01    403.221          1      54350    107.076    10.4490    10.4477     98.236   2264.542     1.5189     1.4444     4.9353     4.5873     0.0122     0.2149     1.5189          4  0.000e+00
      98.71     0.0708          4   3.894631      1.361     3.5724   29.00746  -88.49846    123.786    105.010  271.49560  271.60978 1.2198e-01 1.0403e+01    403.278          1      54351    107.073    10.4488    10.4479     98.232   2264.583     1.5201     1.4444     4.9353     4.5861     0.0122     0.2149     1.5201          4  0.000e+00
      98.71     0.0697          4   3.894631      0.000     3.5419   29.00746  -88.49846    123.786    105.148  271.49611  271.61031 1.2198e-01 1.0402e+01    403.278          1      54352    107.062    10.4487    10.4478     98.221   2264.625     1.5201     1.4457     4.9353     4.5873     0.0122     0.2137     1.5201          4  0.000e+00
      98.71     0.0697          4   3.894577      0.000     3.5419   29.00746  -88.49846    123.637    105.148  271.49717  271.61135 1.2198e-01 1.0402e+01    403.278          1      54353    107.102    10.4487    10.4479     98.261   2264.667     1.5189     1.4457     4.9353     4.5873     0.0122     0.2137     1.5189          4  0.000e+00
      98.71     0.0708          4   3.894584     -1.360     3.5419   29.00746  -88.49846    123.786    105.147  271.49768  271.61188 1.2198e-01 1.0402e+01    403.221          1      54354    107.078    10.4485    10.4481     98.238   2264.708     1.5201     1.4457     4.9353     4.5861     0.0122     0.2137     1.5201          4  0.000e+00
      98.71     0.0708          4   3.894618      2.041     3.5419   29.00746  -88.49846    123.787    105.011  271.49709  271.61130 1.2198e-01 1.0402e+01    403.306          1      54355    107.058    10.4485    10.4477     98.216   2264.750     1.5201     1.4444     4.9353     4.5861     0.0122     0.2137     1.5201          4  0.000e+00
      98.71     0.0697          4   3.894604     -0.680     3.5419   29.00746  -88.49846    123.638    105.010  271.49802  271.61224 1.2198e-01 1.0402e+01    403.278          1      54356    107.051    10.4484    10.4481     98.210   2264.792     1.5189     1.4444     4.9353     4.5873     0.0122     0.2137     1.5189          4  0.000e+00
      98.71     0.0708          4   3.894571      1.191     3.5419   29.00746  -88.49846    123.639    105.010  271.49923  271.61346 1.2198e-01 1.0402e+01    403.328          1      54357    107.067    10.4482    10.4483     98.225   2264.833     1.5189     1.4444     4.9353     4.5861     0.0122     0.2137     1.5189          4  0.000e+00
