tests/data/CTD/g01l04s01.ros
* Sea-Bird SBE 9 Data File:
* FileName = D:\CTD DATA\2013\PE13-01 DiMarco\G01L04S01.hex
* Software Version Seasave V 7.21g
* Temperature SN = 4515
* Conductivity SN = 3079
* Number of Bytes Per Scan = 40
* Number of Voltage Words = 5
* Number of Scans Averaged by the Deck Unit = 1
* NMEA Latitude = 29 00.05 N
* NMEA Longitude = 088 30.00 W
* NMEA UTC (Time) = Jul 06 2012  05:41:26
* NMEA baud rate = 4800
# nquan = 31
# nvalues = 588                                   
# units = specified
# name 0 = altM: Altimeter [m]
# name 1 = bat: Beam Attenuation, Chelsea/Seatech [1/m]
# name 2 = bpos: Bottle Position in Carousel
# name 3 = c0S/m: Conductivity [S/m]
# name 4 = dz/dtM: Descent Rate [m/s]
# name 5 = wetCDOM: Fluorescence, WET Labs CDOM [mg/m^3]
# name 6 = latitude: Latitude [deg]
# name 7 = longitude: Longitude [deg]
# name 8 = sbeox0Mm/Kg: Oxygen, SBE 43 [umol/kg]
# name 9 = sbeox1Mm/Kg: Oxygen, SBE 43, 2 [umol/kg]
# name 10 = oxsolMm/Kg: Oxygen Saturation, Garcia & Gordon [umol/kg]
# name 11 = oxsatMm/Kg: Oxygen Saturation, Weiss [umol/kg]
# name 12 = par: PAR/Irradiance, Biospherical/Licor
# name 13 = pla: Plume Anomaly
# name 14 = prDM: Pressure, Digiquartz [db]
# name 15 = pumps: Pump Status
# name 16 = scan: Scan Count
# name 17 = sva: Specific Volume Anomaly [10^-8 * m^3/kg]
# name 18 = t090C: Temperature [ITS-90, deg C]
# name 19 = t190C: Temperature, 2 [ITS-90, deg C]
# name 20 = tsa: Thermosteric Anomaly [10^-8 * m^3/kg]
# name 21 = timeS: Time, Elapsed [seconds]
# name 22 = v0: Voltage 0
# name 23 = v1: Voltage 1
# name 24 = v2: Voltage 2
# name 25 = v3: Voltage 3
# name 26 = v4: Voltage 4
# name 27 = v5: Voltage 5
# name 28 = sbeox0V: Oxygen raw, SBE 43 [V]
# name 29 = nbf: Bottles Fired
# name 30 = flag:  0.000e+00
# interval = seconds: 0.0416667
# start_time = Jul 06 2012 05:41:26 [NMEA time, header]
# bad_flag = -9.990e-29
*END*
[from data line 188]
      98.71     0.0708          4   3.894584      1.191     3.5724   29.00746  -88.49846    123.638    105.010  271.49777  271.61197 1.2198e-01 1.0402e+01    403.328          1      54359    107.084    10.4485    10.4483     98.242   2264.917     1.5189     1.4444     4.9353     4.5861     0.0122     0.2149     1.5189          4  0.000e+00
      98.71     0.0708          4   3.894571      0.000     3.5724   29.00746  -88.49846    123.639    105.148  271.49941  271.61364 1.2198e-01 1.0402e+01    403.328          1      54360    107.063    10.4482    10.4481     98.221   2264.958     1.5189     1.4457     4.9353     4.5861     0.0122     0.2149     1.5189          4  0.000e+00
      98.71     0.0708          4   3.894584      0.000     3.5419   29.00746  -88.49846    123.787    105.148  271.49777  271.61197 1.2164e-01 1.0402e+01    403.328          1      54361    107.084    10.4485    10.4481     98.242   2265.000     1.5201     1.4457     4.9353     4.5861     0.0110     0.2137     1.5201          4  0.000e+00
      98.71     0.0708          4   3.894598      0.000     3.5419   29.00746  -88.49846    123.787    105.148  271.49750  271.61171 1.2198e-01 1.0402e+01    403.328          1      54362    107.074    10.4485    10.4483     98.232   2265.042     1.5201     1.4457     4.9353     4.5861     0.0122     0.2137     1.5201          4  0.000e+00
      98.71     0.0697          4   3.894544      0.681     3.5419   29.00746  -88.49846    123.640    105.010  271.49927  271.61348 1.2198e-01 1.0402e+01    403.356          1      54363    107.100    10.4484    10.4481     98.258   2265.083     1.5189     1.4444     4.9353     4.5873     0.0122     0.2137     1.5189          4  0.000e+00
      98.71     0.0697          4   3.894577     -0.680     3.5419   29.00746  -88.49846    123.638    105.011  271.49790  271.61210 1.2198e-01 1.0402e+01    403.328          1      54364    107.089    10.4485    10.4479     98.247   2265.125     1.5189     1.4444     4.9353     4.5873     0.0122     0.2137     1.5189          4  0.000e+00
      98.71     0.0697          4   3.894598      0.000     3.5724   29.00746  -88.49846    123.788    105.148  271.49888  271.61312 1.2233e-01 1.0402e+01    403.328          1      54365    107.043    10.4482    10.4479     98.201   2265.167     1.5201     1.4457     4.9353     4.5873     0.0134     0.2149     1.5201          4  0.000e+00
      98.71     0.0697          4   3.894598      1.191     3.5419   29.00746  -88.49846    123.788    105.149  271.49806  271.61228 1.2164e-01 1.0402e+01    403.377          1      54366    107.065    10.4484    10.4477     98.222   2265.208     1.5201     1.4457     4.9353     4.5873     0.0110     0.2137     1.5201          4  0.000e+00
      98.68     0.0389          5   3.992322     -1.019     3.4808   29.00794  -88.49834    128.302    109.485  266.08666  266.12896 1.2198e-01 1.1317e+01    353.487          1      57897    112.949    11.3589    11.3572    104.645   2412.333     1.5861     1.5104     4.9341     4.6227     0.0122     0.2112     1.5861          5  0.000e+00
      98.68     0.0400          5   3.992369      0.000     3.4808   29.00794  -88.49834    128.157    109.619  266.08740  266.12975 1.2198e-01 1.1316e+01    353.487          1      57898    112.876    11.3585    11.3572    104.572   2412.375     1.5849     1.5116     4.9341     4.6215     0.0122     0.2112     1.5849          5  0.000e+00
      98.68     0.0400          5   3.992329      0.000     3.4808   29.00794  -88.49834    128.157    109.620  266.08653  266.12884 1.2198e-01 1.1317e+01    353.487          1      57899    112.944    11.3589    11.3568    104.640   2412.417     1.5849     1.5116     4.9341     4.6215     0.0122     0.2112     1.5849          5  0.000e+00
      98.68     0.0400          5   3.992342     -0.169     3.4503   29.00794  -88.49834    128.157    109.487  266.08693  266.12925 1.2198e-01 1.1316e+01    353.480          1      57900    112.918    11.3588    11.3566    104.615   2412.458     1.5849     1.5104     4.9341     4.6215     0.0122     0.2100     1.5849          5  0.000e+00
      98.71     0.0389          5   3.992301      0.170     3.4808   29.00794  -88.49834    128.158    109.488  266.08933  266.13168 1.2198e-01 1.1316e+01    353.487          1      57901    112.910    11.3583    11.3561    104.606   2412.500     1.5849     1.5104     4.9353     4.6227     0.0122     0.2112     1.5849          5  0.000e+00
      98.71     0.0389          5   3.992308      0.000     3.4808   29.00794  -88.49834    128.303    109.488  266.08822  266.13055 1.2198e-01 1.1316e+01    353.487          1      57902    112.928    11.3586    11.3559    104.624   2412.542     1.5861     1.5104     4.9353     4.6227     0.0122     0.2112     1.5861          5  0.000e+00
      98.71     0.0400          5   3.992315      0.000     3.4808   29.00794  -88.49834    128.158    109.488  266.08809  266.13043 1.2198e-01 1.1316e+01    353.487          1      57903    112.923    11.3586    11.3561    104.619   2412.583     1.5849     1.5104     4.9353     4.6215     0.0122     0.2112     1.5849          5  0.000e+00
      98.71     0.0389          5   3.992288     -0.169     3.4808   29.00794  -88.49834    128.303    109.488  266.08958  266.13193 1.2198e-01 1.1316e+01    353.480          1      57904    112.919    11.3583    11.3559    104.616   2412.625     1.5861     1.5104     4.9353     4.6227     0.0122     0.2112     1.5861          5  0.000e+00
      98.71     0.0389          5   3.992281      1.360     3.4808   29.00794  -88.49834    128.305    109.489  266.09073  266.13311 1.2198e-01 1.1316e+01    353.537          1      57905    112.904    11.3581    11.3559    104.600   2412.667     1.5861     1.5104     4.9353     4.6227     0.0122     0.2112     1.5861          5  0.000e+00
      98.71     0.0389          5   3.992261     -2.548     3.4808   29.00794  -88.49834    128.304    109.489  266.09200  266.13440 1.2198e-01 1.1316e+01    353.431          1      57906    112.890    11.3578    11.3556    104.589   2412.708     1.5861     1.5104     4.9353     4.6227     0.0122     0.2112     1.5861          5  0.000e+00
      98.71     0.0389          5   3.992247      2.549     3.4808   29.00794  -88.49834    128.161    109.624  266.09316  266.13558 1.2198e-01 1.1315e+01    353.537          1      57907    112.887    11.3576    11.3554    104.583   2412.750     1.5849     1.5116     4.9353     4.6227     0.0122     0.2112     1.5849          5  0.000e+00
      98.68     0.0400          5   3.992247     -1.359     3.4808   29.00794  -88.49834    128.160    109.623  266.09246  266.13486 1.2233e-01 1.1315e+01    353.480          1      57908    112.899    11.3578    11.3557    104.596   2412.792     1.5849     1.5116     4.9341     4.6215     0.0134     0.2112     1.5849          5  0.000e+00
      98.71     0.0389          5   3.992274      0.170     3.4808   29.00794  -88.49834    128.159    109.619  266.09114  266.13353 1.2198e-01 1.1316e+01    353.487          1      57909    112.899    11.3580    11.3571    104.596   2412.833     1.5849     1.5116     4.9353     4.6227     0.0122     0.2112     1.5849          5  0.000e+00
      98.71     0.0389          5   3.992362      0.000     3.4808   29.00794  -88.49834    128.302    109.480  266.08655  266.12888 1.2198e-01 1.1316e+01    353.487          1      57910    112.904    11.3588    11.3592    104.600   2412.875     1.5861     1.5104     4.9353     4.6227     0.0122     0.2112     1.5861          5  0.000e+00
      98.71     0.0400          5   3.992410      0.000     3.4808   29.00794  -88.49834    128.155    109.477  266.08289  266.12515 1.2198e-01 1.1317e+01    353.487          1      57911    112.934    11.3595    11.3604    104.630   2412.917     1.5849     1.5104     4.9353     4.6215     0.0122     0.2112     1.5849          5  0.000e+00
      98.68     0.0389          5   3.992471     -1.529     3.4808   29.00794  -88.49834    128.297    109.476  266.07826  266.12045 1.2198e-01 1.1318e+01    353.424          1      57912    112.967    11.3604    11.3606    104.664   2412.958     1.5861     1.5104     4.9341     4.6227     0.0122     0.2112     1.5861          5  0.000e+00
      98.71     0.0389          5   3.992546      1.530     3.4808   29.00794  -88.49834    128.152    109.477  266.07626  266.11845 1.2198e-01 1.1318e+01    353.487          1      57913    112.931    11.3606    11.3606    104.626   2413.000     1.5849     1.5104     4.9353     4.6227     0.0122     0.2112     1.5849          5  0.000e+00
      98.71     0.0400          5   3.992587      0.001     3.4808   29.00794  -88.49834    128.151    109.477  266.07518  266.11736 1.2198e-01 1.1318e+01    353.487          1      57914    112.909    11.3607    11.3605    104.604   2413.042     1.5849     1.5104     4.9353     4.6215     0.0122     0.2112     1.5849          5  0.000e+00
      98.68     0.0400          5   3.992519     -0.169     3.4808   29.00794  -88.49834    128.297    109.477  266.07742  266.11962 1.2164e-01 1.1318e+01    353.480          1      57915    112.935    11.3604    11.3607    104.631   2413.083     1.5861     1.5104     4.9341     4.6215     0.0110     0.2112     1.5861          5  0.000e+00
      98.71     0.0400          5   3.992437      0.170     3.4808   29.00794  -88.49834    128.154    109.479  266.08058  266.12281 1.2198e-01 1.1318e+01    353.488          1      57916    112.957    11.3600    11.3601    104.652   2413.125     1.5849     1.5104     4.9353     4.6215     0.0122     0.2112     1.5849          5  0.000e+00
      98.71     0.0400          5   3.992444      0.000     3.4808   29.00794  -88.49834    128.154    109.478  266.08062  266.12285 1.2233e-01 1.1318e+01    353.488          1      57917    112.948    11.3599    11.3604    104.644   2413.167     1.5849     1.5104     4.9353     4.6215     0.0134     0.2112     1.5849          5  0.000e+00
      98.68     0.0400          5   3.992485      0.000     3.4808   29.00794  -88.49834    128.153    109.478  266.07920  266.12142 1.2198e-01 1.1318e+01    353.488          1      57918    112.933    11.3601    11.3604    104.629   2413.208     1.5849     1.5104     4.9341     4.6215     0.0122     0.2112     1.5849          5  0.000e+00
      98.71     0.0389          5   3.992519     -0.169     3.4808   29.00794  -88.49834    128.298    109.477  266.07905  266.12129 1.2198e-01 1.1318e+01    353.480          1      57919    112.897    11.3600    11.3604    104.592   2413.250     1.5861     1.5104     4.9353     4.6227     0.0122     0.2112     1.5861          5  0.000e+00
      98.71     0.0400          5   3.992444     -1.189     3.4808   29.00794  -88.49834    128.153    109.343  266.08057  266.12280 1.2198e-01 1.1318e+01    353.431          1      57920    112.945    11.3599    11.3602    104.642   2413.292     1.5849     1.5092     4.9353     4.6215     0.0122     0.2112     1.5849          5  0.000e+00
      98.71     0.0389          5   3.992451      1.360     3.4808   29.00794  -88.49834    128.155    109.345  266.08180  266.12406 1.2198e-01 1.1317e+01    353.488          1      57921    112.912    11.3596    11.3597    104.608   2413.333     1.5849     1.5092     4.9353     4.6227     0.0122     0.2112     1.5849          5  0.000e+00
      98.68     0.0400          5   3.992485      0.000     3.4808   29.00794  -88.49834    128.154    109.344  266.08018  266.12243 1.2198e-01 1.1318e+01    353.488          1      57922    112.910    11.3598    11.3601    104.606   2413.375     1.5849     1.5092     4.9341     4.6215     0.0122     0.2112     1.5849          5  0.000e+00
      98.71     0.0389          5   3.992471     -1.529     3.5114   29.00794  -88.49834    128.297    109.344  266.07892  266.12112 1.2198e-01 1.1318e+01    353.424          1      57923    112.951    11.3602    11.3600    104.648   2413.417     1.5861     1.5092     4.9353     4.6227     0.0122     0.2125     1.5861          5  0.000e+00
      98.71     0.0389          5   3.992505      1.530     3.4808   29.00794  -88.49834    128.298    109.345  266.07801  266.12021 1.2198e-01 1.1318e+01    353.488          1      57924    112.938    11.3603    11.3599    104.633   2413.458     1.5861     1.5092     4.9353     4.6227     0.0122     0.2112     1.5861          5  0.000e+00
      98.71     0.0389          5   3.992498     -1.359     3.4808   29.00794  -88.49834    128.297    109.479  266.07841  266.12062 1.2198e-01 1.1318e+01    353.431          1      57925    112.932    11.3602    11.3596    104.629   2413.500     1.5861     1.5104     4.9353     4.6227     0.0122     0.2112     1.5861          5  0.000e+00
      98.71     0.0400          5   3.992471      1.360     3.4808   29.00794  -88.49834    128.153    109.481  266.07946  266.12167 1.2198e-01 1.1318e+01    353.488          1      57926    112.943    11.3601    11.3592    104.639   2413.542     1.5849     1.5104     4.9353     4.6215     0.0122     0.2112     1.5849          5  0.000e+00
      98.71     0.0400          5   3.992485     -1.529     3.4808   29.00794  -88.49834    128.297    109.480  266.07964  266.12187 1.2198e-01 1.1318e+01    353.424          1      57927    112.918    11.3600    11.3592    104.615   2413.583     1.5861     1.5104     4.9353     4.6215     0.0122     0.2112     1.5861          5  0.000e+00
      98.68     0.0400          5   3.992492      1.530     3.4808   29.00794  -88.49834    128.299    109.480  266.07973  266.12196 1.2198e-01 1.1318e+01    353.488          1      57928    112.913    11.3599    11.3591    104.609   2413.625     1.5861     1.5104     4.9341     4.6215     0.0122     0.2112     1.5861          5  0.000e+00
      98.71     0.0389          5   3.992437     -1.359     3.4808   29.00794  -88.49834    128.299    109.480  266.08168  266.12393 1.2198e-01 1.1317e+01    353.431          1      57929    112.927    11.3597    11.3592    104.624   2413.667     1.5861     1.5104     4.9353     4.6227     0.0122     0.2112     1.5861          5  0.000e+00
      98.68     0.0400          5   3.992424     -0.169     3.4808   29.00794  -88.49834    128.154    109.346  266.08225  266.12451 1.2198e-01 1.1317e+01    353.424          1      57930    112.928    11.3596    11.3592    104.626   2413.708     1.5849     1.5092     4.9341     4.6215     0.0122     0.2112     1.5849          5  0.000e+00
      98.71     0.0389          5   3.992451      1.530     3.4808   29.00794  -88.49834    128.155    109.346  266.08245  266.12473 1.2198e-01 1.1317e+01    353.488          1      57931    112.897    11.3594    11.3596    104.593   2413.750     1.5849     1.5092     4.9353     4.6227     0.0122     0.2112     1.5849          5  0.000e+00
      98.71     0.0400          5   3.992430     -1.359     3.4808   29.00796  -88.49834    128.154    109.344  266.08181  266.12406 1.2198e-01 1.1317e+01    353.431          1      57932    112.932    11.3597    11.3596    104.629   2413.792     1.5849     1.5092     4.9353     4.6215     0.0122     0.2112     1.5849          5  0.000e+00
      98.68     0.0400          5   3.992451      0.000     3.4808   29.00796  -88.49834    128.154    109.344  266.08240  266.12468 1.2198e-01 1.1317e+01    353.431          1      57933    112.894    11.3594    11.3597    104.591   2413.833     1.5849     1.5092     4.9341     4.6215     0.0122     0.2112     1.5849          5  0.000e+00
