tests/data/CTD/g01l02s03.ros
* Sea-Bird SBE 9 Data File:
* FileName = D:\CTD DATA\2013\PE13-01 DiMarco\G01L02S03.hex
* Software Version Seasave V 7.21g
* Temperature SN = 4515
* Conductivity SN = 3079
* Number of Bytes Per Scan = 40
* Number of Voltage Words = 5
* Number of Scans Averaged by the Deck Unit = 1
* NMEA Latitude = 28 15.05 N
* NMEA Longitude = 089 00.00 W
* NMEA UTC (Time) = Jul 08 2012  10:06:00
* NMEA baud rate = 4800
# nquan = 31
# nvalues = 588                                   
# units = specified
# name 0 = altM: Altimeter [m]
# name 1 = bat: Beam Attenuation, Chelsea/Seatech [1/m]
# name 2 = bpos: Bottle Position in Carousel
# name 3 = c0S/m: Conductivity [S/m]
# name 4 = dz/dtM: Descent Rate [m/s]
# name 5 = wetCDOM: Fluorescence, WET Labs CDOM [mg/m^3]
# name 6 = latitude: Latitude [deg]
# name 7 = longitude: Longitude [deg]
# name 8 = sbeox0Mm/Kg: Oxygen, SBE 43 [umol/kg]
# name 9 = sbeox1Mm/Kg: Oxygen, SBE 43, 2 [umol/kg]
# name 10 = oxsolMm/Kg: Oxygen Saturation, Garcia & Gordon [umol/kg]
# name 11 = oxsatMm/Kg: Oxygen Saturation, Weiss [umol/kg]
# name 12 = par: PAR/Irradiance, Biospherical/Licor
# name 13 = pla: Plume Anomaly
# name 14 = prDM: Pressure, Digiquartz [db]
# name 15 = pumps: Pump Status
# name 16 = scan: Scan Count
# name 17 = sva: Specific Volume Anomaly [10^-8 * m^3/kg]
# name 18 = t090C: Temperature [ITS-90, deg C]
# name 19 = t190C: Temperature, 2 [ITS-90, deg C]
# name 20 = tsa: Thermosteric Anomaly [10^-8 * m^3/kg]
# name 21 = timeS: Time, Elapsed [seconds]
# name 22 = v0: Voltage 0
# name 23 = v1: Voltage 1
# name 24 = v2: Voltage 2
# name 25 = v3: Voltage 3
# name 26 = v4: Voltage 4
# name 27 = v5: Voltage 5
# name 28 = sbeox0V: Oxygen raw, SBE 43 [V]
# name 29 = nbf: Bottles Fired
# name 30 = flag:  0.000e+00
# interval = seconds: 0.0416667
# start_time = Jul 08 2012 10:06:00 [NMEA time, header]
# bad_flag = -9.990e-29
*END*
[from data line 281]
      98.73     0.0421          6   3.597822      0.342     3.0535   28.26428  -89.00474    130.961    110.937  290.17443  290.56086 1.3247e-01 7.4572e+00    606.560          1      82200     86.769     7.5162     7.5165     76.793   3424.958     1.4811     1.4078     4.9365     4.6190     0.0476     0.1941     1.4811          6  0.000e+00
      98.73     0.0421          6   3.597848     -0.341     3.0535   28.26428  -89.00474    130.960    110.784  290.17381  290.56026 1.3247e-01 7.4572e+00    606.546          1      82201     86.747     7.5162     7.5169     76.771   3425.000     1.4811     1.4066     4.9365     4.6190     0.0476     0.1941     1.4811          6  0.000e+00
      98.73     0.0421          6   3.597815     -0.853     3.0535   28.26428  -89.00474    130.960    110.934  290.17513  290.56159 1.3284e-01 7.4571e+00    606.510          1      82202     86.759     7.5161     7.5173     76.784   3425.042     1.4811     1.4078     4.9365     4.6190     0.0488     0.1941     1.4811          6  0.000e+00
      98.71     0.0421          6   3.597789      0.854     3.0535   28.26428  -89.00474    130.797    110.780  290.17577  290.56222 1.3247e-01 7.4571e+00    606.546          1      82203     86.782     7.5161     7.5183     76.807   3425.083     1.4799     1.4066     4.9353     4.6190     0.0476     0.1941     1.4799          6  0.000e+00
      98.71     0.0421          6   3.597848      0.342     3.0535   28.26428  -89.00474    130.961    110.931  290.17524  290.56173 1.3247e-01 7.4569e+00    606.560          1      82204     86.719     7.5159     7.5188     76.744   3425.125     1.4811     1.4078     4.9353     4.6190     0.0476     0.1941     1.4811          6  0.000e+00
      98.73     0.0421          6   3.597789     -0.341     3.0230   28.26428  -89.00474    130.961    110.780  290.17577  290.56222 1.3247e-01 7.4571e+00    606.546          1      82205     86.782     7.5161     7.5187     76.807   3425.167     1.4811     1.4066     4.9365     4.6190     0.0476     0.1929     1.4811          6  0.000e+00
      98.73     0.0421          6   3.597789      0.342     3.0535   28.26428  -89.00474    130.962    110.781  290.17578  290.56223 1.3247e-01 7.4571e+00    606.560          1      82206     86.782     7.5161     7.5187     76.807   3425.208     1.4811     1.4066     4.9365     4.6190     0.0476     0.1941     1.4811          6  0.000e+00
      98.71     0.0421          6   3.597842     -0.341     3.0535   28.26428  -89.00474    130.798    110.782  290.17619  290.56270 1.3247e-01 7.4567e+00    606.546          1      82207     86.707     7.5157     7.5178     76.732   3425.250     1.4799     1.4066     4.9353     4.6190     0.0476     0.1941     1.4799          6  0.000e+00
      98.73     0.0400          6   3.597835     -0.853     3.0230   28.26428  -89.00474    130.797    110.783  290.17549  290.56198 1.3247e-01 7.4569e+00    606.511          1      82208     86.727     7.5159     7.5176     76.752   3425.292     1.4799     1.4066     4.9365     4.6215     0.0476     0.1929     1.4799          6  0.000e+00
      98.73     0.0389          6   3.597809      2.050     3.0535   28.26428  -89.00474    130.799    110.786  290.17679  290.56328 1.3247e-01 7.4568e+00    606.596          1      82209     86.740     7.5157     7.5169     76.764   3425.333     1.4799     1.4066     4.9365     4.6227     0.0476     0.1941     1.4799          6  0.000e+00
      98.71     0.0389          6   3.597822     -2.048     3.0535   28.26428  -89.00474    130.961    110.936  290.17660  290.56311 1.3284e-01 7.4567e+00    606.511          1      82210     86.721     7.5157     7.5168     76.747   3425.375     1.4811     1.4078     4.9353     4.6227     0.0488     0.1941     1.4811          6  0.000e+00
      98.73     0.0389          6   3.597796      2.049     3.0535   28.26428  -89.00474    130.963    110.939  290.17709  290.56358 1.3247e-01 7.4568e+00    606.596          1      82211     86.751     7.5157     7.5162     76.775   3425.417     1.4811     1.4078     4.9365     4.6227     0.0476     0.1941     1.4811          6  0.000e+00
      98.73     0.0389          6   3.597796     -0.853     3.0535   28.26428  -89.00474    130.963    110.938  290.17867  290.56521 1.3247e-01 7.4564e+00    606.560          1      82212     86.716     7.5154     7.5162     76.741   3425.458     1.4811     1.4078     4.9365     4.6227     0.0476     0.1941     1.4811          6  0.000e+00
      98.71     0.0431          7   3.725342     -2.385     3.0230   28.26502  -89.00496    123.413    104.696  281.65429  281.91144 1.3134e-01 8.7651e+00    506.145          1      86712     96.713     8.8183     8.8192     87.124   3612.958     1.4664     1.3956     4.9353     4.6178     0.0440     0.1929     1.4664          7  0.000e+00
      98.73     0.0431          7   3.725309      3.749     3.0230   28.26502  -89.00496    123.416    104.697  281.65514  281.91229 1.3134e-01 8.7650e+00    506.302          1      86713     96.747     8.8183     8.8195     87.155   3613.000     1.4664     1.3956     4.9365     4.6178     0.0440     0.1929     1.4664          7  0.000e+00
      98.73     0.0431          7   3.725302     -1.192     3.0230   28.26502  -89.00496    123.259    104.696  281.65580  281.91296 1.3134e-01 8.7649e+00    506.252          1      86714     96.738     8.8182     8.8199     87.147   3613.042     1.4652     1.3956     4.9365     4.6178     0.0440     0.1929     1.4652          7  0.000e+00
      98.73     0.0421          7   3.725302     -1.362     3.0230   28.26502  -89.00496    123.415    104.695  281.65650  281.91368 1.3134e-01 8.7647e+00    506.195          1      86715     96.719     8.8180     8.8200     87.129   3613.083     1.4664     1.3956     4.9365     4.6190     0.0440     0.1929     1.4664          7  0.000e+00
      98.73     0.0421          7   3.725276      0.001     3.0230   28.26502  -89.00496    123.415    104.695  281.65707  281.91425 1.3134e-01 8.7647e+00    506.195          1      86716     96.739     8.8180     8.8200     87.149   3613.125     1.4664     1.3956     4.9365     4.6190     0.0440     0.1929     1.4664          7  0.000e+00
      98.73     0.0431          7   3.725269      0.001     3.0535   28.26502  -89.00496    123.415    104.695  281.65721  281.91439 1.3172e-01 8.7647e+00    506.195          1      86717     96.744     8.8180     8.8202     87.154   3613.167     1.4664     1.3956     4.9365     4.6178     0.0452     0.1941     1.4664          7  0.000e+00
      98.73     0.0421          7   3.725289      0.001     3.0230   28.26502  -89.00496    123.414    104.695  281.65547  281.91261 1.3134e-01 8.7651e+00    506.195          1      86718     96.757     8.8183     8.8200     87.167   3613.208     1.4664     1.3956     4.9365     4.6190     0.0440     0.1929     1.4664          7  0.000e+00
      98.73     0.0421          7   3.725375      0.001     3.0535   28.26502  -89.00496    123.413    104.840  281.65212  281.90924 1.3134e-01 8.7654e+00    506.195          1      86719     96.722     8.8187     8.8200     87.132   3613.250     1.4664     1.3968     4.9365     4.6190     0.0440     0.1941     1.4664          7  0.000e+00
      98.73     0.0421          7   3.725421      0.001     3.0840   28.26502  -89.00496    123.412    104.840  281.64981  281.90691 1.3172e-01 8.7657e+00    506.195          1      86720     96.714     8.8190     8.8197     87.123   3613.292     1.4664     1.3968     4.9365     4.6190     0.0452     0.1954     1.4664          7  0.000e+00
      98.73     0.0421          7   3.725382      0.001     3.0230   28.26502  -89.00496    123.413    104.840  281.65142  281.90852 1.3134e-01 8.7656e+00    506.195          1      86721     96.729     8.8188     8.8199     87.138   3613.333     1.4664     1.3968     4.9365     4.6190     0.0440     0.1929     1.4664          7  0.000e+00
      98.71     0.0431          7   3.725368     -1.192     3.0535   28.26502  -89.00496    123.255    104.840  281.65222  281.90934 1.3134e-01 8.7654e+00    506.146          1      86722     96.725     8.8187     8.8197     87.135   3613.375     1.4652     1.3968     4.9353     4.6178     0.0440     0.1941     1.4652          7  0.000e+00
      98.73     0.0410          7   3.725388      0.001     3.0535   28.26502  -89.00496    123.412    104.696  281.65123  281.90834 1.3172e-01 8.7656e+00    506.146          1      86723     96.721     8.8188     8.8195     87.131   3613.417     1.4664     1.3956     4.9365     4.6203     0.0452     0.1941     1.4664          7  0.000e+00
      98.71     0.0431          7   3.725401      1.194     3.0535   28.26502  -89.00496    123.412    104.697  281.65024  281.90733 1.3134e-01 8.7657e+00    506.195          1      86724     96.730     8.8190     8.8194     87.139   3613.458     1.4664     1.3956     4.9353     4.6178     0.0440     0.1941     1.4664          7  0.000e+00
      98.73     0.0431          7   3.725401     -2.555     3.0535   28.26502  -89.00496    123.410    104.695  281.65033  281.90742 1.3134e-01 8.7657e+00    506.089          1      86725     96.720     8.8189     8.8194     87.131   3613.500     1.4664     1.3956     4.9365     4.6178     0.0440     0.1941     1.4664          7  0.000e+00
      98.73     0.0431          7   3.725401      2.557     3.0840   28.26502  -89.00496    123.412    104.696  281.64949  281.90656 1.3172e-01 8.7659e+00    506.195          1      86726     96.746     8.8192     8.8195     87.155   3613.542     1.4664     1.3956     4.9365     4.6178     0.0452     0.1954     1.4664          7  0.000e+00
      98.73     0.0431          7   3.725428     -2.555     3.0535   28.26502  -89.00496    123.409    104.695  281.64675  281.90377 1.3172e-01 8.7664e+00    506.089          1      86727     96.763     8.8197     8.8192     87.174   3613.583     1.4664     1.3956     4.9365     4.6178     0.0452     0.1941     1.4664          7  0.000e+00
      98.71     0.0431          7   3.725481      1.364     3.0535   28.26502  -89.00496    123.409    104.840  281.64567  281.90270 1.3172e-01 8.7664e+00    506.146          1      86728     96.725     8.8197     8.8197     87.135   3613.625     1.4664     1.3968     4.9353     4.6178     0.0452     0.1941     1.4664          7  0.000e+00
      98.73     0.0431          7   3.725448     -1.362     3.0840   28.26502  -89.00496    123.409    104.694  281.64651  281.90354 1.3134e-01 8.7664e+00    506.089          1      86729     96.744     8.8196     8.8195     87.155   3613.667     1.4664     1.3956     4.9365     4.6178     0.0440     0.1954     1.4664          7  0.000e+00
      98.73     0.0421          7   3.725481      1.364     3.0535   28.26502  -89.00496    123.410    104.695  281.64642  281.90347 1.3134e-01 8.7662e+00    506.146          1      86730     96.709     8.8195     8.8198     87.119   3613.708     1.4664     1.3956     4.9365     4.6190     0.0440     0.1941     1.4664          7  0.000e+00
      98.73     0.0421          7   3.725474     -1.362     3.0535   28.26502  -89.00496    123.408    104.692  281.64444  281.90144 1.3172e-01 8.7667e+00    506.089          1      86731     96.755     8.8200     8.8204     87.166   3613.750     1.4664     1.3956     4.9365     4.6190     0.0452     0.1941     1.4664          7  0.000e+00
      98.73     0.0421          7   3.725467      1.364     3.0535   28.26502  -89.00496    123.409    104.692  281.64596  281.90298 1.3134e-01 8.7664e+00    506.146          1      86732     96.736     8.8197     8.8207     87.145   3613.792     1.4664     1.3956     4.9365     4.6190     0.0440     0.1941     1.4664          7  0.000e+00
      98.71     0.0431          7   3.725441     -1.192     3.0535   28.26502  -89.00496    123.408    104.692  281.64535  281.90234 1.3134e-01 8.7667e+00    506.096          1      86733     96.777     8.8199     8.8207     87.188   3613.833     1.4664     1.3956     4.9353     4.6178     0.0440     0.1941     1.4664          7  0.000e+00
      98.73     0.0431          7   3.725454     -0.170     3.0535   28.26502  -89.00496    123.408    104.691  281.64562  281.90263 1.3172e-01 8.7666e+00    506.089          1      86734     96.755     8.8198     8.8209     87.165   3613.875     1.4664     1.3956     4.9365     4.6178     0.0452     0.1941     1.4664          7  0.000e+00
      98.73     0.0431          7   3.725487      0.001     3.0535   28.26502  -89.00496    123.407    104.692  281.64341  281.90038 1.3134e-01 8.7669e+00    506.089          1      86735     96.761     8.8202     8.8209     87.171   3613.917     1.4664     1.3956     4.9365     4.6178     0.0440     0.1941     1.4664          7  0.000e+00
      98.73     0.0431          7   3.725500      0.001     3.0535   28.26502  -89.00496    123.407    104.692  281.64313  281.90010 1.3134e-01 8.7669e+00    506.089          1      86736     96.751     8.8202     8.8209     87.161   3613.958     1.4664     1.3956     4.9365     4.6178     0.0440     0.1941     1.4664          7  0.000e+00
      98.73     0.0431          7   3.725520      0.171     3.0535   28.26502  -89.00496    123.407    104.692  281.64214  281.89911 1.3172e-01 8.7670e+00    506.096          1      86737     96.748     8.8203     8.8205     87.158   3614.000     1.4664     1.3956     4.9365     4.6178     0.0452     0.1941     1.4664          7  0.000e+00
      98.73     0.0431          7   3.725560     -1.362     3.0230   28.26502  -89.00496    123.249    104.691  281.64124  281.89822 1.3134e-01 8.7670e+00    506.040          1      86738     96.714     8.8203     8.8207     87.125   3614.042     1.4652     1.3956     4.9365     4.6178     0.0440     0.1929     1.4652          7  0.000e+00
      98.71     0.0431          7   3.725567      1.194     3.0535   28.26502  -89.00496    123.249    104.690  281.63964  281.89658 1.3134e-01 8.7674e+00    506.089          1      86739     96.744     8.8206     8.8212     87.153   3614.083     1.4652     1.3956     4.9353     4.6178     0.0440     0.1941     1.4652          7  0.000e+00
      98.73     0.0431          7   3.725567      0.001     3.0840   28.26502  -89.00496    123.405    104.690  281.63908  281.89600 1.3134e-01 8.7675e+00    506.089          1      86740     96.755     8.8208     8.8214     87.165   3614.125     1.4664     1.3956     4.9365     4.6178     0.0440     0.1954     1.4664          7  0.000e+00
      98.73     0.0431          7   3.725540     -1.192     3.0535   28.26502  -89.00496    123.405    104.689  281.64110  281.89806 1.3172e-01 8.7672e+00    506.040          1      86741     96.741     8.8204     8.8217     87.152   3614.167     1.4664     1.3956     4.9365     4.6178     0.0452     0.1941     1.4664          7  0.000e+00
      98.73     0.0431          7   3.725507      1.364     3.0535   28.26502  -89.00496    123.408    104.691  281.64450  281.90152 1.3134e-01 8.7666e+00    506.097          1      86742     96.714     8.8198     8.8214     87.124   3614.208     1.4664     1.3956     4.9365     4.6178     0.0440     0.1941     1.4664          7  0.000e+00
      98.73     0.0421          7   3.725448     -1.362     3.0535   28.26502  -89.00496    123.408    104.691  281.64703  281.90408 1.3134e-01 8.7662e+00    506.040          1      86743     96.729     8.8195     8.8210     87.141   3614.250     1.4664     1.3956     4.9365     4.6190     0.0440     0.1941     1.4664          7  0.000e+00
      98.73     0.0431          7   3.725408      0.001     3.0230   28.26502  -89.00496    123.409    104.691  281.64920  281.90627 1.3134e-01 8.7659e+00    506.040          1      86744     96.732     8.8192     8.8207     87.144   3614.292     1.4664     1.3956     4.9365     4.6178     0.0440     0.1929     1.4664          7  0.000e+00
