tests/data/CTD/g01l04s06.ros
* Sea-Bird SBE 9 Data File:
* FileName = D:\CTD DATA\2013\PE13-01 DiMarco\G01L04S06.hex
* Software Version Seasave V 7.21g
* Temperature SN = 4515
* Conductivity SN = 3079
* Number of Bytes Per Scan = 40
* Number of Voltage Words = 5
* Number of Scans Averaged by the Deck Unit = 1
* NMEA Latitude = 27 45.07 N
* NMEA Longitude = 088 30.01 W
* NMEA UTC (Time) = Jul 10 2012  07:33:42
* NMEA baud rate = 4800
# nquan = 31
# nvalues = 588                                   
# units = specified
# name 0 = altM: Altimeter [m]
# name 1 = bat: Beam Attenuation, Chelsea/Seatech [1/m]
# name 2 = bpos: Bottle Position in Carousel
# name 3 = c0S/m: Conductivity [S/m]
# name 4 = dz/dtM: Descent Rate [m/s]
# name 5 = wetCDOM: Fluorescence, WET Labs CDOM [mg/m^3]
# name 6 = latitude: Latitude [deg]
# name 7 = longitude: Longitude [deg]
# name 8 = sbeox0Mm/Kg: Oxygen, SBE 43 [umol/kg]
# name 9 = sbeox1Mm/Kg: Oxygen, SBE 43, 2 [umol/kg]
# name 10 = oxsolMm/Kg: Oxygen Saturation, Garcia & Gordon [umol/kg]
# name 11 = oxsatMm/Kg: Oxygen Saturation, Weiss [umol/kg]
# name 12 = par: PAR/Irradiance, Biospherical/Licor
# name 13 = pla: Plume Anomaly
# name 14 = prDM: Pressure, Digiquartz [db]
# name 15 = pumps: Pump Status
# name 16 = scan: Scan Count
# name 17 = sva: Specific Volume Anomaly [10^-8 * m^3/kg]
# name 18 = t090C: Temperature [ITS-90, deg C]
# name 19 = t190C: Temperature, 2 [ITS-90, deg C]
# name 20 = tsa: Thermosteric Anomaly [10^-8 * m^3/kg]
# name 21 = timeS: Time, Elapsed [seconds]
# name 22 = v0: Voltage 0
# name 23 = v1: Voltage 1
# name 24 = v2: Voltage 2
# name 25 = v3: Voltage 3
# name 26 = v4: Voltage 4
# name 27 = v5: Voltage 5
# name 28 = sbeox0V: Oxygen raw, SBE 43 [V]
# name 29 = nbf: Bottles Fired
# name 30 = flag:  0.000e+00
# interval = seconds: 0.0416667
# start_time = Jul 10 2012 07:33:42 [NMEA time, header]
# bad_flag = -9.990e-29
*END*
[from data line 562]
      98.56     0.0889         12   5.880158      1.350    -1.8000   27.78488  -88.47614    199.846    177.146  192.01904  191.53326 1.1856e-01 2.9226e+01      0.500          1     201350    518.982    29.2192    29.2075    519.165   8389.542     2.9463     2.8046     4.9280     4.5653     0.0000     0.0000     2.9463         12  0.000e+00
      98.56     0.0889         12   5.879990     -0.169    -1.8000   27.78488  -88.47614    199.752    177.053  192.02481  191.53899 1.1856e-01 2.9224e+01      0.493          1     201351    518.887    29.2171    29.2071    519.070   8389.583     2.9451     2.8034     4.9280     4.5653     0.0000     0.0000     2.9451         12  0.000e+00
      98.56     0.0889         12   5.879799      0.169    -1.8000   27.78488  -88.47614    199.859    177.059  192.03107  191.54520 1.1856e-01 2.9222e+01      0.500          1     201352    518.793    29.2149    29.2047    518.976   8389.625     2.9463     2.8034     4.9280     4.5653     0.0000     0.0000     2.9463         12  0.000e+00
      98.56     0.0889         12   5.879488     -0.169    -1.8000   27.78488  -88.47614    199.870    177.060  192.04190  191.55597 1.1856e-01 2.9218e+01      0.493          1     201353    518.611    29.2111    29.2044    518.795   8389.667     2.9463     2.8034     4.9280     4.5653     0.0000     0.0000     2.9463         12  0.000e+00
      98.56     0.0900         12   5.879337      0.169    -1.8000   27.78488  -88.47614    199.876    176.967  192.04711  191.56114 1.1856e-01 2.9216e+01      0.500          1     201354    518.527    29.2092    29.2036    518.709   8389.708     2.9463     2.8022     4.9280     4.5641     0.0000     0.0000     2.9463         12  0.000e+00
      98.56     0.0900         12   5.879496     -0.169    -1.8000   27.78488  -88.47614    199.868    176.966  192.03990  191.55398 1.1856e-01 2.9219e+01      0.493          1     201355    518.686    29.2120    29.2038    518.869   8389.750     2.9463     2.8022     4.9280     4.5641     0.0000     0.0000     2.9463         12  0.000e+00
      98.56     0.0900         12   5.879664      0.169    -1.8000   27.78488  -88.47614    199.863    176.964  192.03499  191.54910 1.1856e-01 2.9221e+01      0.500          1     201356    518.746    29.2136    29.2046    518.929   8389.792     2.9463     2.8022     4.9280     4.5641     0.0000     0.0000     2.9463         12  0.000e+00
      98.56     0.0900         12   5.879632     -0.169    -1.8000   27.78488  -88.47614    199.864    176.964  192.03640  191.55051 1.1856e-01 2.9220e+01      0.493          1     201357    518.715    29.2131    29.2044    518.898   8389.833     2.9463     2.8022     4.9280     4.5641     0.0000     0.0000     2.9463         12  0.000e+00
      98.56     0.0900         12   5.879568      0.169    -1.8000   27.78488  -88.47614    199.865    176.869  192.03737  191.55146 1.1856e-01 2.9220e+01      0.500          1     201358    518.730    29.2129    29.2051    518.913   8389.875     2.9463     2.8010     4.9280     4.5641     0.0000     0.0000     2.9463         12  0.000e+00
      98.56     0.0889         12   5.879632      1.013    -1.8000   27.78488  -88.47614    199.864    176.864  192.03527  191.54938 1.1856e-01 2.9221e+01      0.543          1     201359    518.765    29.2136    29.2079    518.946   8389.917     2.9463     2.8010     4.9280     4.5653     0.0000     0.0000     2.9463         12  0.000e+00
      98.56     0.0900         12   5.879688      0.338    -1.8000   27.78488  -88.47614    199.765    176.866  192.03560  191.54971 1.1856e-01 2.9220e+01      0.557          1     201360    518.706    29.2133    29.2073    518.887   8389.958     2.9451     2.8010     4.9280     4.5641     0.0000     0.0000     2.9451         12  0.000e+00
      98.56     0.0900         12   5.879735     -1.519    -1.8000   27.78488  -88.47614    199.763    176.870  192.03475  191.54887 1.1856e-01 2.9220e+01      0.493          1     201361    518.696    29.2135    29.2049    518.879   8390.000     2.9451     2.8010     4.9280     4.5641     0.0000     0.0000     2.9451         12  0.000e+00
      98.58     0.0889         12   5.879608      1.519    -1.8000   27.78488  -88.47614    199.767    176.782  192.03741  191.55151 1.1856e-01 2.9220e+01      0.557          1     201362    518.699    29.2127    29.2028    518.879   8390.042     2.9451     2.7998     4.9292     4.5653     0.0000     0.0000     2.9451         12  0.000e+00
      98.58     0.0900         12   5.879480     -0.337    -1.8000   27.78488  -88.47614    199.771    176.785  192.04127  191.55534 1.1856e-01 2.9218e+01      0.543          1     201363    518.648    29.2114    29.2016    518.829   8390.083     2.9451     2.7998     4.9292     4.5641     0.0000     0.0000     2.9451         12  0.000e+00
      98.56     0.0889         12   5.879273      0.338    -1.8000   27.78488  -88.47614    199.773    176.787  192.04371  191.55777 1.1856e-01 2.9218e+01      0.557          1     201364    518.722    29.2111    29.2007    518.902   8390.125     2.9451     2.7998     4.9280     4.5653     0.0000     0.0000     2.9451         12  0.000e+00
      98.58     0.0889         12   5.879217     -0.338    -1.8000   27.78488  -88.47614    199.775    176.690  192.04539  191.55943 1.1856e-01 2.9217e+01      0.543          1     201365    518.699    29.2105    29.2015    518.880   8390.167     2.9451     2.7985     4.9292     4.5653     0.0000     0.0000     2.9451         12  0.000e+00
      98.58     0.0889         12   5.879177      1.519    -1.8000   27.78488  -88.47614    199.780    176.691  192.04847  191.56249 1.1856e-01 2.9216e+01      0.606          1     201366    518.612    29.2092    29.2018    518.791   8390.208     2.9451     2.7985     4.9292     4.5653     0.0000     0.0000     2.9451         12  0.000e+00
      98.56     0.0900         12   5.879201      0.000    -1.8000   27.78488  -88.47614    199.680    176.691  192.04871  191.56273 1.1856e-01 2.9216e+01      0.606          1     201367    518.583    29.2090    29.2016    518.761   8390.250     2.9438     2.7985     4.9280     4.5641     0.0000     0.0000     2.9438         12  0.000e+00
      98.56     0.0900         12   5.879249     -0.168    -1.8000   27.78488  -88.47614    199.779    176.594  192.04788  191.56190 1.1856e-01 2.9216e+01      0.599          1     201368    518.576    29.2092    29.2023    518.755   8390.292     2.9451     2.7973     4.9280     4.5641     0.0000     0.0000     2.9451         12  0.000e+00
      98.58     0.0889         12   5.879225      0.169    -1.8000   27.78488  -88.47614    199.781    176.499  192.04966  191.56367 1.1856e-01 2.9215e+01      0.606          1     201369    518.524    29.2085    29.2023    518.703   8390.333     2.9451     2.7961     4.9292     4.5653     0.0000     0.0000     2.9451         12  0.000e+00
      98.56     0.0900         12   5.879146     -0.169    -1.8000   27.78488  -88.47614    199.683    176.496  192.05154  191.56554 1.1856e-01 2.9215e+01      0.599          1     201370    518.514    29.2079    29.2038    518.693   8390.375     2.9438     2.7961     4.9280     4.5641     0.0000     0.0000     2.9438         12  0.000e+00
      98.56     0.0900         12   5.879010      1.350    -1.8000   27.78488  -88.47614    199.688    176.495  192.05541  191.56939 1.1856e-01 2.9213e+01      0.655          1     201371    518.474    29.2066    29.2047    518.650   8390.417     2.9438     2.7961     4.9280     4.5641     0.0000     0.0000     2.9438         12  0.000e+00
      98.56     0.0900         12   5.878938     -1.350    -1.8000   27.78488  -88.47614    199.689    176.493  192.05757  191.57153 1.1856e-01 2.9213e+01      0.599          1     201372    518.442    29.2058    29.2051    518.620   8390.458     2.9438     2.7961     4.9280     4.5641     0.0000     0.0000     2.9438         12  0.000e+00
      98.56     0.0900         12   5.879002      1.350    -1.8000   27.78488  -88.47614    199.589    176.495  192.05627  191.57024 1.1856e-01 2.9213e+01      0.655          1     201373    518.446    29.2062    29.2051    518.622   8390.500     2.9426     2.7961     4.9280     4.5641     0.0000     0.0000     2.9426         12  0.000e+00
      98.56     0.0878         12   5.879058     -0.168    -1.8000   27.78488  -88.47614    199.687    176.497  192.05501  191.56899 1.1856e-01 2.9213e+01      0.648          1     201374    518.450    29.2066    29.2041    518.626   8390.542     2.9438     2.7961     4.9280     4.5665     0.0000     0.0000     2.9438         12  0.000e+00
      98.58     0.0868         12   5.879178      0.169    -1.8000   27.78488  -88.47614    199.585    176.408  192.05287  191.56686 1.1856e-01 2.9214e+01      0.655          1     201375    518.438    29.2071    29.2021    518.614   8390.583     2.9426     2.7949     4.9292     4.5678     0.0000     0.0000     2.9426         12  0.000e+00
