tests/data/CTD/g01l04s01.ros
* Sea-Bird SBE 9 Data File:
* FileName = D:\CTD DATA\2013\PE13-01 DiMarco\G01L04S01.hex
* Software Version Seasave V 7.21g
* Temperature SN = 4515
* Conductivity SN = 3079
* Number of Bytes Per Scan = 40
* Number of Voltage Words = 5
* Number of Scans Averaged by the Deck Unit = 1
* NMEA Latitude = 29 00.05 N
* NMEA Longitude = 088 30.00 W
* NMEA UTC (Time) = Jul 06 2012  05:41:26
* NMEA baud rate = 4800
# nquan = 31
# nvalues = 588                                   
# units = specified
# name 0 = altM: Altimeter [m]
# name 1 = bat: Beam Attenuation, Chelsea/Seatech [1/m]
# name 2 = bpos: Bottle Position in Carousel
# name 3 = c0S/m: Conductivity [S/m]
# name 4 = dz/dtM: Descent Rate [m/s]
# name 5 = wetCDOM: Fluorescence, WET Labs CDOM [mg/m^3]
# name 6 = latitude: Latitude [deg]
# name 7 = longitude: Longitude [deg]
# name 8 = sbeox0Mm/Kg: Oxygen, SBE 43 [umol/kg]
# name 9 = sbeox1Mm/Kg: Oxygen, SBE 43, 2 [umol/kg]
# name 10 = oxsolMm/Kg: Oxygen Saturation, Garcia & Gordon [umol/kg]
# name 11 = oxsatMm/Kg: Oxygen Saturation, Weiss [umol/kg]
# name 12 = par: PAR/Irradiance, Biospherical/Licor
# name 13 = pla: Plume Anomaly
# name 14 = prDM: Pressure, Digiquartz [db]
# name 15 = pumps: Pump Status
# name 16 = scan: Scan Count
# name 17 = sva: Specific Volume Anomaly [10^-8 * m^3/kg]
# name 18 = t090C: Temperature [ITS-90, deg C]
# name 19 = t190C: Temperature, 2 [ITS-90, deg C]
# name 20 = tsa: Thermosteric Anomaly [10^-8 * m^3/kg]
# name 21 = timeS: Time, Elapsed [seconds]
# name 22 = v0: Voltage 0
# name 23 = v1: Voltage 1
# name 24 = v2: Voltage 2
# name 25 = v3: Voltage 3
# name 26 = v4: Voltage 4
# name 27 = v5: Voltage 5
# name 28 = sbeox0V: Oxygen raw, SBE 43 [V]
# name 29 = nbf: Bottles Fired
# name 30 = flag:  0.000e+00
# interval = seconds: 0.0416667
# start_time = Jul 06 2012 05:41:26 [NMEA time, header]
# bad_flag = -9.990e-29
*END*
[from data line 234]
      98.71     0.0389          5   3.992430      0.170     3.4808   29.00796  -88.49834    128.154    109.344  266.08181  266.12406 1.2198e-01 1.1317e+01    353.431          1      57935    112.932    11.3597    11.3599    104.629   2413.917     1.5849     1.5092     4.9353     4.6227     0.0122     0.2112     1.5849          5  0.000e+00
      98.71     0.0389          5   3.992424      1.360     3.4808   29.00796  -88.49834    128.300    109.345  266.08296  266.12523 1.2198e-01 1.1317e+01    353.488          1      57936    112.917    11.3594    11.3599    104.613   2413.958     1.5861     1.5092     4.9353     4.6227     0.0122     0.2112     1.5861          5  0.000e+00
      98.68     0.0400          5   3.992471     -1.359     3.4808   29.00796  -88.49834    128.153    109.344  266.08104  266.12330 1.2198e-01 1.1317e+01    353.431          1      57937    112.902    11.3597    11.3599    104.599   2414.000     1.5849     1.5092     4.9341     4.6215     0.0122     0.2112     1.5849          5  0.000e+00
      98.68     0.0389          5   3.992471     -0.169     3.4503   29.00796  -88.49834    128.153    109.344  266.08071  266.12296 1.2198e-01 1.1317e+01    353.424          1      57938    112.909    11.3598    11.3599    104.606   2414.042     1.5849     1.5092     4.9341     4.6227     0.0122     0.2100     1.5849          5  0.000e+00
      98.71     0.0389          5   3.992458      0.170     3.4198   29.00796  -88.49834    128.152    109.344  266.07918  266.12138 1.2198e-01 1.1318e+01    353.431          1      57939    112.962    11.3602    11.3599    104.658   2414.083     1.5849     1.5092     4.9353     4.6227     0.0122     0.2088     1.5849          5  0.000e+00
      98.71     0.0389          5   3.992478      0.000     3.4198   29.00796  -88.49834    128.153    109.344  266.08026  266.12251 1.2198e-01 1.1318e+01    353.431          1      57940    112.912    11.3598    11.3600    104.609   2414.125     1.5849     1.5092     4.9353     4.6227     0.0122     0.2088     1.5849          5  0.000e+00
      98.68     0.0400          5   3.992519      0.000     3.4503   29.00796  -88.49834    128.152    109.344  266.07918  266.12141 1.2198e-01 1.1318e+01    353.431          1      57941    112.890    11.3599    11.3599    104.587   2414.167     1.5849     1.5092     4.9341     4.6215     0.0122     0.2100     1.5849          5  0.000e+00
      98.71     0.0389          5   3.992498     -0.169     3.4198   29.00796  -88.49834    128.298    109.344  266.07988  266.12212 1.2198e-01 1.1318e+01    353.424          1      57942    112.897    11.3598    11.3596    104.594   2414.208     1.5861     1.5092     4.9353     4.6227     0.0122     0.2088     1.5861          5  0.000e+00
      98.71     0.0389          5   3.992437      0.170     3.4198   29.00796  -88.49834    128.298    109.345  266.08070  266.12293 1.2198e-01 1.1318e+01    353.431          1      57943    112.950    11.3599    11.3597    104.647   2414.250     1.5861     1.5092     4.9353     4.6227     0.0122     0.2088     1.5861          5  0.000e+00
      98.71     0.0389          5   3.992444      0.000     3.4198   29.00796  -88.49834    128.298    109.345  266.08123  266.12347 1.2198e-01 1.1317e+01    353.431          1      57944    112.929    11.3598    11.3597    104.626   2414.292     1.5861     1.5092     4.9353     4.6227     0.0122     0.2088     1.5861          5  0.000e+00
      98.71     0.0389          5   3.992430     -0.169     3.4198   29.00796  -88.49834    128.299    109.345  266.08180  266.12405 1.2198e-01 1.1317e+01    353.424          1      57945    112.931    11.3597    11.3594    104.628   2414.333     1.5861     1.5092     4.9353     4.6227     0.0122     0.2088     1.5861          5  0.000e+00
      98.68     0.0400          6   4.081686     -1.188     3.4198   29.00838  -88.49824    128.849    110.006  261.39751  261.38017 1.2198e-01 1.2134e+01    302.920          1      61127    117.505    12.1709    12.1698    109.985   2546.917     1.6178     1.5397     4.9341     4.6215     0.0122     0.2088     1.6178          6  0.000e+00
      98.71     0.0389          6   4.081632      3.904     3.4198   29.00838  -88.49824    128.853    110.009  261.40034  261.38303 1.2198e-01 1.2133e+01    303.082          1      61128    117.511    12.1705    12.1697    109.988   2546.958     1.6178     1.5397     4.9353     4.6227     0.0122     0.2088     1.6178          6  0.000e+00
      98.68     0.0400          6   4.081549     -2.715     3.4198   29.00838  -88.49824    128.853    110.139  261.40359  261.38632 1.2198e-01 1.2133e+01    302.969          1      61129    117.518    12.1700    12.1692    109.998   2547.000     1.6178     1.5409     4.9341     4.6215     0.0122     0.2088     1.6178          6  0.000e+00
      98.71     0.0400          6   4.081522      2.716     3.4198   29.00838  -88.49824    128.856    110.142  261.40480  261.38754 1.2198e-01 1.2132e+01    303.082          1      61130    117.529    12.1698    12.1688    110.006   2547.042     1.6178     1.5409     4.9353     4.6215     0.0122     0.2088     1.6178          6  0.000e+00
      98.68     0.0400          6   4.081522     -2.715     3.4198   29.00838  -88.49824    128.854    110.140  261.40596  261.38873 1.2198e-01 1.2132e+01    302.969          1      61131    117.492    12.1694    12.1690    109.972   2547.083     1.6178     1.5409     4.9341     4.6215     0.0122     0.2088     1.6178          6  0.000e+00
      98.68     0.0400          6   4.081488      0.170     3.4198   29.00838  -88.49824    128.856    110.140  261.40845  261.39126 1.2198e-01 1.2132e+01    302.976          1      61132    117.472    12.1689    12.1688    109.952   2547.125     1.6178     1.5409     4.9341     4.6215     0.0122     0.2088     1.6178          6  0.000e+00
      98.68     0.0400          6   4.081405      1.189     3.4198   29.00838  -88.49824    128.858    110.141  261.41059  261.39340 1.2198e-01 1.2131e+01    303.026          1      61133    117.518    12.1688    12.1688    109.997   2547.167     1.6178     1.5409     4.9341     4.6215     0.0122     0.2088     1.6178          6  0.000e+00
      98.71     0.0400          6   4.081378      1.189     3.4198   29.00838  -88.49824    128.859    110.143  261.41237  261.39521 1.2198e-01 1.2131e+01    303.075          1      61134    117.510    12.1684    12.1686    109.988   2547.208     1.6178     1.5409     4.9353     4.6215     0.0122     0.2088     1.6178          6  0.000e+00
      98.68     0.0389          6   4.081405     -2.376     3.4198   29.00838  -88.49824    128.857    110.141  261.41164  261.39448 1.2233e-01 1.2131e+01    302.976          1      61135    117.489    12.1685    12.1685    109.969   2547.250     1.6178     1.5409     4.9341     4.6227     0.0134     0.2088     1.6178          6  0.000e+00
      98.68     0.0400          6   4.081440      2.377     3.4198   29.00838  -88.49824    128.859    110.142  261.41173  261.39459 1.2198e-01 1.2131e+01    303.076          1      61136    117.455    12.1683    12.1686    109.933   2547.292     1.6178     1.5409     4.9341     4.6215     0.0122     0.2088     1.6178          6  0.000e+00
      98.68     0.0400          6   4.081392     -1.018     3.4198   29.00838  -88.49824    128.859    110.142  261.41381  261.39669 1.2198e-01 1.2131e+01    303.033          1      61137    117.457    12.1679    12.1685    109.935   2547.333     1.6178     1.5409     4.9341     4.6215     0.0122     0.2088     1.6178          6  0.000e+00
      98.71     0.0400          6   4.081378     -0.169     3.4198   29.00838  -88.49824    128.859    110.142  261.41405  261.39692 1.2198e-01 1.2131e+01    303.026          1      61138    117.466    12.1679    12.1683    109.945   2547.375     1.6178     1.5409     4.9353     4.6215     0.0122     0.2088     1.6178          6  0.000e+00
      98.68     0.0400          6   4.081378      1.358     3.4198   29.00838  -88.49824    128.718    110.143  261.41284  261.39569 1.2198e-01 1.2131e+01    303.083          1      61139    117.499    12.1683    12.1683    109.977   2547.417     1.6166     1.5409     4.9341     4.6215     0.0122     0.2088     1.6166          6  0.000e+00
      98.68     0.0400          6   4.081405     -0.169     3.4198   29.00838  -88.49824    128.859    110.144  261.41235  261.39520 1.2198e-01 1.2131e+01    303.076          1      61140    117.479    12.1683    12.1680    109.957   2547.458     1.6178     1.5409     4.9341     4.6215     0.0122     0.2088     1.6178          6  0.000e+00
      98.71     0.0400          6   4.081440      0.000     3.4198   29.00838  -88.49824    128.859    110.013  261.41111  261.39395 1.2198e-01 1.2131e+01    303.076          1      61141    117.470    12.1685    12.1676    109.948   2547.500     1.6178     1.5397     4.9353     4.6215     0.0122     0.2088     1.6178          6  0.000e+00
      98.68     0.0400          6   4.081426      0.170     3.4198   29.00838  -88.49824    128.859    110.013  261.41089  261.39372 1.2198e-01 1.2131e+01    303.083          1      61142    117.492    12.1686    12.1676    109.969   2547.542     1.6178     1.5397     4.9341     4.6215     0.0122     0.2088     1.6178          6  0.000e+00
      98.68     0.0389          6   4.081460     -0.169     3.4198   29.00838  -88.49824    128.858    110.013  261.41027  261.39310 1.2198e-01 1.2131e+01    303.076          1      61143    117.467    12.1686    12.1676    109.944   2547.583     1.6178     1.5397     4.9341     4.6227     0.0122     0.2088     1.6178          6  0.000e+00
      98.71     0.0400          6   4.081460      0.170     3.4198   29.00838  -88.49824    128.858    110.013  261.41028  261.39311 1.2198e-01 1.2131e+01    303.083          1      61144    117.467    12.1686    12.1676    109.945   2547.625     1.6178     1.5397     4.9353     4.6215     0.0122     0.2088     1.6178          6  0.000e+00
      98.71     0.0400          6   4.081446     -0.169     3.4503   29.00838  -88.49824    128.859    110.014  261.41099  261.39383 1.2198e-01 1.2131e+01    303.076          1      61145    117.465    12.1685    12.1676    109.943   2547.667     1.6178     1.5397     4.9353     4.6215     0.0122     0.2100     1.6178          6  0.000e+00
      98.68     0.0400          6   4.081398      0.170     3.4198   29.00838  -88.49824    128.859    110.144  261.41248  261.39532 1.2198e-01 1.2131e+01    303.083          1      61146    117.485    12.1683    12.1678    109.962   2547.708     1.6178     1.5409     4.9341     4.6215     0.0122     0.2088     1.6178          6  0.000e+00
      98.68     0.0400          6   4.081405     -0.169     3.3893   29.00838  -88.49824    128.859    110.144  261.41235  261.39520 1.2198e-01 1.2131e+01    303.076          1      61147    117.479    12.1683    12.1676    109.957   2547.750     1.6178     1.5409     4.9341     4.6215     0.0122     0.2076     1.6178          6  0.000e+00
      98.68     0.0400          6   4.081392      2.546     3.3893   29.00838  -88.49824    128.861    110.015  261.41268  261.39552 1.2198e-01 1.2131e+01    303.182          1      61148    117.495    12.1683    12.1676    109.970   2547.792     1.6178     1.5397     4.9341     4.6215     0.0122     0.2076     1.6178          6  0.000e+00
      98.68     0.0400          6   4.081378     -2.376     3.3893   29.00838  -88.49824    129.001    110.013  261.41284  261.39569 1.2198e-01 1.2131e+01    303.083          1      61149    117.499    12.1683    12.1676    109.977   2547.833     1.6190     1.5397     4.9341     4.6215     0.0122     0.2076     1.6190          6  0.000e+00
      98.68     0.0400          6   4.081405      1.019     3.3893   29.00838  -88.49824    129.002    110.145  261.41301  261.39587 1.2198e-01 1.2131e+01    303.125          1      61150    117.467    12.1681    12.1675    109.944   2547.875     1.6190     1.5409     4.9341     4.6215     0.0122     0.2076     1.6190          6  0.000e+00
      98.71     0.0389          6   4.081440     -1.018     3.3893   29.00838  -88.49824    128.859    110.144  261.41236  261.39523 1.2198e-01 1.2131e+01    303.083          1      61151    117.440    12.1681    12.1678    109.918   2547.917     1.6178     1.5409     4.9353     4.6227     0.0122     0.2076     1.6178          6  0.000e+00
      98.68     0.0400          6   4.081364      2.377     3.3893   29.00838  -88.49824    128.861    110.015  261.41317  261.39601 1.2198e-01 1.2131e+01    303.182          1      61152    117.515    12.1683    12.1676    109.990   2547.958     1.6178     1.5397     4.9341     4.6215     0.0122     0.2076     1.6178          6  0.000e+00
      98.71     0.0400          6   4.081392     -1.188     3.4198   29.00838  -88.49824    128.719    110.014  261.41326  261.39612 1.2198e-01 1.2131e+01    303.132          1      61153    117.477    12.1681    12.1676    109.954   2548.000     1.6166     1.5397     4.9353     4.6215     0.0122     0.2088     1.6166          6  0.000e+00
      98.68     0.0400          6   4.081392     -0.169     3.3893   29.00838  -88.49824    128.861    110.014  261.41388  261.39676 1.2198e-01 1.2131e+01    303.125          1      61154    117.462    12.1679    12.1676    109.938   2548.042     1.6178     1.5397     4.9341     4.6215     0.0122     0.2076     1.6178          6  0.000e+00
      98.68     0.0389          6   4.081405      0.000     3.3893   29.00838  -88.49824    128.861    110.014  261.41364  261.39651 1.2198e-01 1.2131e+01    303.125          1      61155    117.452    12.1679    12.1675    109.929   2548.083     1.6178     1.5397     4.9341     4.6227     0.0122     0.2076     1.6178          6  0.000e+00
      98.68     0.0400          6   4.081412      0.170     3.3893   29.00838  -88.49824    128.860    110.145  261.41227  261.39512 1.2198e-01 1.2131e+01    303.132          1      61156    117.478    12.1683    12.1678    109.954   2548.125     1.6178     1.5409     4.9341     4.6215     0.0122     0.2076     1.6178          6  0.000e+00
      98.71     0.0400          6   4.081385     -0.169     3.3893   29.00838  -88.49824    128.861    110.145  261.41338  261.39624 1.2198e-01 1.2131e+01    303.125          1      61157    117.482    12.1681    12.1676    109.958   2548.167     1.6178     1.5409     4.9353     4.6215     0.0122     0.2076     1.6178          6  0.000e+00
      98.68     0.0400          6   4.081378      1.528     3.3893   29.00838  -88.49824    128.862    110.015  261.41355  261.39641 1.2198e-01 1.2131e+01    303.189          1      61158    117.490    12.1681    12.1678    109.965   2548.208     1.6178     1.5397     4.9341     4.6215     0.0122     0.2076     1.6178          6  0.000e+00
      98.68     0.0389          6   4.081405     -1.527     3.3893   29.00838  -88.49824    128.861    110.014  261.41364  261.39651 1.2198e-01 1.2131e+01    303.125          1      61159    117.452    12.1679    12.1676    109.929   2548.250     1.6178     1.5397     4.9341     4.6227     0.0122     0.2076     1.6178          6  0.000e+00
      98.68     0.0400          6   4.081357      1.528     3.3893   29.00838  -88.49824    129.004    110.015  261.41455  261.39742 1.2198e-01 1.2131e+01    303.189          1      61160    117.490    12.1679    12.1675    109.965   2548.292     1.6190     1.5397     4.9341     4.6215     0.0122     0.2076     1.6190          6  0.000e+00
      98.68     0.0400          6   4.081399     -1.527     3.4198   29.00838  -88.49824    128.861    110.015  261.41376  261.39664 1.2198e-01 1.2131e+01    303.126          1      61161    117.457    12.1679    12.1675    109.933   2548.333     1.6178     1.5397     4.9341     4.6215     0.0122     0.2088     1.6178          6  0.000e+00
