tests/data/CTD/g01l03s03m.ros
* Sea-Bird SBE 9 Data File:
* FileName = D:\CTD DATA\2013\PE13-01 DiMarco\G01L03S03M.hex
* Software Version Seasave V 7.21g
* Temperature SN = 4515
* Conductivity SN = 3079
* Number of Bytes Per Scan = 40
* Number of Voltage Words = 5
* Number of Scans Averaged by the Deck Unit = 1
* NMEA Latitude = 28 15.04 N
* NMEA Longitude = 088 44.96 W
* NMEA UTC (Time) = Jul 09 2012  01:29:15
* NMEA baud rate = 4800
# nquan = 31
# nvalues = 588                                   
# units = specified
# name 0 = altM: Altimeter [m]
# name 1 = bat: Beam Attenuation, Chelsea/Seatech [1/m]
# name 2 = bpos: Bottle Position in Carousel
# name 3 = c0S/m: Conductivity [S/m]
# name 4 = dz/dtM: Descent Rate [m/s]
# name 5 = wetCDOM: Fluorescence, WET Labs CDOM [mg/m^3]
# name 6 = latitude: Latitude [deg]
# name 7 = longitude: Longitude [deg]
# name 8 = sbeox0Mm/Kg: Oxygen, SBE 43 [umol/kg]
# name 9 = sbeox1Mm/Kg: Oxygen, SBE 43, 2 [umol/kg]
# name 10 = oxsolMm/Kg: Oxygen Saturation, Garcia & Gordon [umol/kg]
# name 11 = oxsatMm/Kg: Oxygen Saturation, Weiss [umol/kg]
# name 12 = par: PAR/Irradiance, Biospherical/Licor
# name 13 = pla: Plume Anomaly
# name 14 = prDM: Pressure, Digiquartz [db]
# name 15 = pumps: Pump Status
# name 16 = scan: Scan Count
# name 17 = sva: Specific Volume Anomaly [10^-8 * m^3/kg]
# name 18 = t090C: Temperature [ITS-90, deg C]
# name 19 = t190C: Temperature, 2 [ITS-90, deg C]
# name 20 = tsa: Thermosteric Anomaly [10^-8 * m^3/kg]
# name 21 = timeS: Time, Elapsed [seconds]
# name 22 = v0: Voltage 0
# name 23 = v1: Voltage 1
# name 24 = v2: Voltage 2
# name 25 = v3: Voltage 3
# name 26 = v4: Voltage 4
# name 27 = v5: Voltage 5
# name 28 = sbeox0V: Oxygen raw, SBE 43 [V]
# name 29 = nbf: Bottles Fired
# name 30 = flag:  0.000e+00
# interval = seconds: 0.0416667
# start_time = Jul 09 2012 01:29:15 [NMEA time, header]
# bad_flag = -9.990e-29
*END*
       7.74     0.0442          1   3.347470      0.001     3.5114   28.25652  -88.74986    218.817    185.595  312.95129  313.73896 1.3134e-01 4.1185e+00   1638.941          1      65997     51.223     4.2537     4.2527     35.191   2749.833     1.8205     1.7192     0.3871     4.6166     0.0440     0.2125     1.8205          1  0.000e+00
       7.74     0.0442          1   3.347489      1.567     3.5114   28.25652  -88.74986    218.819    185.596  312.95181  313.73952 1.3097e-01 4.1183e+00   1639.006          1      65998     51.193     4.2535     4.2527     35.159   2749.875     1.8205     1.7192     0.3871     4.6166     0.0427     0.2125     1.8205          1  0.000e+00
       7.74     0.0442          1   3.347477     -0.347     3.5114   28.25652  -88.74986    218.818    185.408  312.95117  313.73884 1.3097e-01 4.1185e+00   1638.992          1      65999     51.220     4.2537     4.2527     35.187   2749.917     1.8205     1.7179     0.3871     4.6166     0.0427     0.2125     1.8205          1  0.000e+00
       7.72     0.0442          1   3.347489     -1.218     3.5114   28.25652  -88.74986    218.817    185.407  312.95149  313.73920 1.3097e-01 4.1184e+00   1638.941          1      66000     51.194     4.2535     4.2527     35.161   2749.958     1.8205     1.7179     0.3858     4.6166     0.0427     0.2125     1.8205          1  0.000e+00
       7.72     0.0442          1   3.347496      2.611     3.5114   28.25652  -88.74986    218.821    185.409  312.95169  313.73940 1.3134e-01 4.1183e+00   1639.050          1      66001     51.189     4.2535     4.2527     35.155   2750.000     1.8205     1.7179     0.3858     4.6166     0.0440     0.2125     1.8205          1  0.000e+00
       7.74     0.0442          1   3.347496      0.001     3.4808   28.25652  -88.74986    218.820    185.409  312.95144  313.73915 1.3023e-01 4.1184e+00   1639.050          1      66002     51.194     4.2535     4.2527     35.160   2750.042     1.8205     1.7179     0.3871     4.6166     0.0403     0.2112     1.8205          1  0.000e+00
       7.69     0.0442          1   3.347477     -1.392     3.5114   28.25652  -88.74986    218.615    185.596  312.95117  313.73884 1.3134e-01 4.1185e+00   1638.992          1      66003     51.220     4.2537     4.2527     35.187   2750.083     1.8193     1.7192     0.3846     4.6166     0.0440     0.2125     1.8193          1  0.000e+00
       7.67     0.0442          1   3.347470      2.612     3.5114   28.25652  -88.74986    218.822    185.411  312.95219  313.73989 1.3134e-01 4.1184e+00   1639.101          1      66004     51.218     4.2535     4.2526     35.184   2750.125     1.8205     1.7179     0.3834     4.6166     0.0440     0.2125     1.8205          1  0.000e+00
       7.67     0.0442          1   3.347489      0.001     3.5114   28.25652  -88.74986    218.822    185.411  312.95119  313.73887 1.3134e-01 4.1185e+00   1639.101          1      66005     51.210     4.2536     4.2527     35.176   2750.167     1.8205     1.7179     0.3834     4.6166     0.0440     0.2125     1.8205          1  0.000e+00
       7.69     0.0442          1   3.347496     -1.218     3.5114   28.25652  -88.74986    218.820    185.409  312.95144  313.73915 1.3134e-01 4.1184e+00   1639.050          1      66006     51.194     4.2535     4.2527     35.160   2750.208     1.8205     1.7179     0.3846     4.6166     0.0440     0.2125     1.8205          1  0.000e+00
       7.67     0.0442          1   3.347477      1.219     3.5114   28.25652  -88.74986    218.822    185.411  312.95202  313.73972 1.3097e-01 4.1184e+00   1639.101          1      66007     51.212     4.2535     4.2527     35.178   2750.250     1.8205     1.7179     0.3834     4.6166     0.0427     0.2125     1.8205          1  0.000e+00
       7.64     0.0442          1   3.347470      0.001     3.5114   28.25652  -88.74986    218.822    185.410  312.95171  313.73939 1.3134e-01 4.1185e+00   1639.101          1      66008     51.226     4.2536     4.2527     35.192   2750.292     1.8205     1.7179     0.3822     4.6166     0.0440     0.2125     1.8205          1  0.000e+00
       7.64     0.0431          1   3.347489      1.393     3.5114   28.25652  -88.74986    218.823    185.599  312.95101  313.73868 1.3097e-01 4.1185e+00   1639.159          1      66009     51.217     4.2537     4.2529     35.182   2750.333     1.8205     1.7192     0.3822     4.6178     0.0427     0.2125     1.8205          1  0.000e+00
       7.62     0.0442          1   3.347496      0.001     3.5114   28.25652  -88.74986    218.822    185.600  312.94986  313.73751 1.3134e-01 4.1187e+00   1639.159          1      66010     51.229     4.2539     4.2527     35.194   2750.375     1.8205     1.7192     0.3810     4.6166     0.0440     0.2125     1.8205          1  0.000e+00
       7.62     0.0442          1   3.347496      0.001     3.5114   28.25652  -88.74986    218.620    185.600  312.95156  313.73927 1.3097e-01 4.1184e+00   1639.159          1      66011     51.199     4.2535     4.2527     35.164   2750.417     1.8193     1.7192     0.3810     4.6166     0.0427     0.2125     1.8193          1  0.000e+00
       7.62     0.0442          1   3.347496      0.001     3.5114   28.25652  -88.74986    218.619    185.600  312.95010  313.73776 1.3097e-01 4.1187e+00   1639.159          1      66012     51.225     4.2538     4.2527     35.189   2750.458     1.8193     1.7192     0.3810     4.6166     0.0427     0.2125     1.8193          1  0.000e+00
       7.59     0.0431          1   3.347496      1.219     3.5114   28.25652  -88.74986    218.622    185.412  312.95162  313.73932 1.3097e-01 4.1184e+00   1639.210          1      66013     51.201     4.2535     4.2529     35.165   2750.500     1.8193     1.7179     0.3797     4.6178     0.0427     0.2125     1.8193          1  0.000e+00
       7.59     0.0431          1   3.347496     -1.044     3.4808   28.25652  -88.74986    218.824    185.411  312.95157  313.73928 1.3134e-01 4.1184e+00   1639.167          1      66014     51.199     4.2535     4.2529     35.164   2750.542     1.8205     1.7179     0.3797     4.6178     0.0440     0.2112     1.8205          1  0.000e+00
       7.57     0.0431          1   3.347515      2.438     3.5114   28.25652  -88.74986    218.826    185.602  312.95068  313.73837 1.3134e-01 4.1185e+00   1639.268          1      66015     51.196     4.2536     4.2527     35.159   2750.583     1.8205     1.7192     0.3785     4.6178     0.0440     0.2125     1.8205          1  0.000e+00
       7.57     0.0431          1   3.347483     -1.392     3.5114   28.25652  -88.74986    218.825    185.600  312.95124  313.73891 1.3097e-01 4.1185e+00   1639.210          1      66016     51.225     4.2537     4.2529     35.189   2750.625     1.8205     1.7192     0.3785     4.6178     0.0427     0.2125     1.8205          1  0.000e+00
       7.55     0.0442          1   3.347489     -1.217     3.5114   28.25652  -88.74986    218.620    185.599  312.95174  313.73944 1.3097e-01 4.1184e+00   1639.159          1      66017     51.204     4.2535     4.2527     35.169   2750.667     1.8193     1.7192     0.3773     4.6166     0.0427     0.2125     1.8193          1  0.000e+00
       7.52     0.0442          1   3.347521      3.830     3.4808   28.25652  -88.74986    218.827    185.604  312.95032  313.73800 1.3134e-01 4.1185e+00   1639.319          1      66018     51.197     4.2537     4.2527     35.160   2750.708     1.8205     1.7192     0.3761     4.6166     0.0440     0.2112     1.8205          1  0.000e+00
       7.52     0.0431          1   3.347502     -1.218     3.4808   28.25652  -88.74986    218.827    185.414  312.95176  313.73947 1.3134e-01 4.1183e+00   1639.268          1      66019     51.194     4.2535     4.2527     35.158   2750.750     1.8205     1.7179     0.3761     4.6178     0.0440     0.2112     1.8205          1  0.000e+00
       7.50     0.0431          1   3.347496      0.001     3.4808   28.25652  -88.74986    218.825    185.602  312.94998  313.73763 1.3134e-01 4.1187e+00   1639.268          1      66020     51.234     4.2539     4.2527     35.197   2750.792     1.8205     1.7192     0.3748     4.6178     0.0440     0.2112     1.8205          1  0.000e+00
       7.50     0.0431          1   3.347521      0.001     3.4808   28.25652  -88.74986    218.826    185.602  312.95026  313.73795 1.3097e-01 4.1185e+00   1639.268          1      66021     51.195     4.2537     4.2529     35.158   2750.833     1.8205     1.7192     0.3748     4.6178     0.0427     0.2112     1.8205          1  0.000e+00
       7.50     0.0431          1   3.347508      0.001     3.4808   28.25652  -88.74986    218.826    185.413  312.95061  313.73829 1.3097e-01 4.1185e+00   1639.268          1      66022     51.206     4.2537     4.2529     35.169   2750.875     1.8205     1.7179     0.3748     4.6178     0.0427     0.2112     1.8205          1  0.000e+00
       7.47     0.0431          1   3.347496      1.219     3.4808   28.25652  -88.74986    218.828    185.415  312.95126  313.73894 1.3097e-01 4.1185e+00   1639.319          1      66023     51.214     4.2536     4.2529     35.178   2750.917     1.8205     1.7179     0.3736     4.6178     0.0427     0.2112     1.8205          1  0.000e+00
       7.47     0.0421          1   3.347496     -1.218     3.4808   28.25652  -88.74986    219.029    185.413  312.95096  313.73863 1.3097e-01 4.1185e+00   1639.268          1      66024     51.216     4.2537     4.2530     35.180   2750.958     1.8217     1.7179     0.3736     4.6190     0.0427     0.2112     1.8217          1  0.000e+00
       7.45     0.0431          1   3.347515      1.219     3.4808   28.25652  -88.74986    218.828    185.603  312.95122  313.73893 1.3134e-01 4.1184e+00   1639.319          1      66025     51.189     4.2535     4.2529     35.153   2751.000     1.8205     1.7192     0.3724     4.6178     0.0440     0.2112     1.8205          1  0.000e+00
       7.45     0.0431          1   3.347502      0.001     3.4808   28.25652  -88.74986    218.827    185.416  312.95011  313.73776 1.3097e-01 4.1187e+00   1639.319          1      66026     51.226     4.2538     4.2527     35.189   2751.042     1.8205     1.7179     0.3724     4.6178     0.0427     0.2112     1.8205          1  0.000e+00
       7.42     0.0431          1   3.347496     -1.218     3.4808   28.25652  -88.74986    218.826    185.602  312.95096  313.73863 1.3134e-01 4.1185e+00   1639.268          1      66027     51.216     4.2537     4.2529     35.180   2751.083     1.8205     1.7192     0.3712     4.6178     0.0440     0.2112     1.8205          1  0.000e+00
       7.42     0.0442          1   3.347496      1.219     3.4808   28.25652  -88.74986    218.828    185.415  312.95101  313.73869 1.3134e-01 4.1185e+00   1639.319          1      66028     51.219     4.2537     4.2527     35.182   2751.125     1.8205     1.7179     0.3712     4.6166     0.0440     0.2112     1.8205          1  0.000e+00
       7.42     0.0421          1   3.347496      0.001     3.4808   28.25652  -88.74986    218.624    185.415  312.95101  313.73869 1.3097e-01 4.1185e+00   1639.319          1      66029     51.219     4.2537     4.2529     35.182   2751.167     1.8193     1.7179     0.3712     4.6190     0.0427     0.2112     1.8193          1  0.000e+00
       7.40     0.0421          1   3.347521      0.001     3.4808   28.25652  -88.74986    218.827    185.603  312.94959  313.73725 1.3097e-01 4.1186e+00   1639.319          1      66030     51.210     4.2538     4.2529     35.173   2751.208     1.8205     1.7192     0.3700     4.6190     0.0427     0.2112     1.8205          1  0.000e+00
       7.42     0.0421          1   3.347502      0.001     3.4808   28.25652  -88.74986    218.828    185.603  312.95084  313.73852 1.3134e-01 4.1185e+00   1639.319          1      66031     51.213     4.2537     4.2529     35.177   2751.250     1.8205     1.7192     0.3712     4.6190     0.0440     0.2112     1.8205          1  0.000e+00
       7.40     0.0421          1   3.347496      0.349     3.4808   28.25652  -88.74986    218.829    185.604  312.95176  313.73946 1.3097e-01 4.1184e+00   1639.334          1      66032     51.206     4.2535     4.2527     35.170   2751.292     1.8205     1.7192     0.3700     4.6190     0.0427     0.2112     1.8205          1  0.000e+00
       7.40     0.0421          1   3.347496     -0.347     3.4808   28.25652  -88.74986    218.625    185.603  312.95199  313.73970 1.3134e-01 4.1183e+00   1639.319          1      66033     51.201     4.2535     4.2529     35.165   2751.333     1.8193     1.7192     0.3700     4.6190     0.0440     0.2112     1.8193          1  0.000e+00
       7.37     0.0421          1   3.347477      0.001     3.4808   28.25652  -88.74986    218.624    185.603  312.95056  313.73820 1.3097e-01 4.1187e+00   1639.319          1      66034     51.252     4.2539     4.2527     35.216   2751.375     1.8193     1.7192     0.3687     4.6190     0.0427     0.2112     1.8193          1  0.000e+00
       7.37     0.0421          1   3.347489      0.001     3.4808   28.25652  -88.74986    218.625    185.603  312.95192  313.73962 1.3134e-01 4.1184e+00   1639.319          1      66035     51.211     4.2535     4.2529     35.175   2751.417     1.8193     1.7192     0.3687     4.6190     0.0440     0.2112     1.8193          1  0.000e+00
       7.37     0.0421          1   3.347515      0.001     3.4503   28.25652  -88.74986    218.828    185.603  312.95122  313.73893 1.3097e-01 4.1184e+00   1639.320          1      66036     51.189     4.2535     4.2527     35.153   2751.458     1.8205     1.7192     0.3687     4.6190     0.0427     0.2100     1.8205          1  0.000e+00
       7.35     0.0421          1   3.347547      0.001     3.4808   28.25652  -88.74986    218.624    185.416  312.94987  313.73757 1.3097e-01 4.1185e+00   1639.320          1      66037     51.171     4.2536     4.2527     35.133   2751.500     1.8193     1.7179     0.3675     4.6190     0.0427     0.2112     1.8193          1  0.000e+00
       7.33     0.0421          1   3.347508      0.001     3.4808   28.25652  -88.74986    218.827    185.603  312.95067  313.73835 1.3134e-01 4.1185e+00   1639.320          1      66038     51.208     4.2537     4.2529     35.171   2751.542     1.8205     1.7192     0.3663     4.6190     0.0440     0.2112     1.8205          1  0.000e+00
       7.33     0.0421          1   3.347515      0.001     3.4808   28.25652  -88.74986    218.623    185.604  312.94952  313.73717 1.3097e-01 4.1187e+00   1639.320          1      66039     51.220     4.2539     4.2527     35.183   2751.583     1.8193     1.7192     0.3663     4.6190     0.0427     0.2112     1.8193          1  0.000e+00
       7.33     0.0421          1   3.347527      0.001     3.4808   28.25652  -88.74986    218.828    185.603  312.95112  313.73884 1.3097e-01 4.1183e+00   1639.320          1      66040     51.174     4.2535     4.2529     35.137   2751.625     1.8205     1.7192     0.3663     4.6190     0.0427     0.2112     1.8205          1  0.000e+00
       7.33     0.0421          1   3.347502     -1.218     3.4808   28.25652  -88.74986    218.826    185.602  312.95078  313.73846 1.3134e-01 4.1185e+00   1639.269          1      66041     51.211     4.2537     4.2527     35.175   2751.667     1.8205     1.7192     0.3663     4.6190     0.0440     0.2112     1.8205          1  0.000e+00
       7.33     0.0421          1   3.347496      1.219     3.4503   28.25652  -88.74986    218.827    185.603  312.95004  313.73768 1.3284e-01 4.1187e+00   1639.320          1      66042     51.236     4.2539     4.2527     35.199   2751.708     1.8205     1.7192     0.3663     4.6190     0.0488     0.2100     1.8205          1  0.000e+00
