tests/data/CTD/g01l03s04.ros
* Sea-Bird SBE 9 Data File:
* FileName = D:\CTD DATA\2013\PE13-01 DiMarco\G01L03S04.hex
* Software Version Seasave V 7.21g
* Temperature SN = 4515
* Conductivity SN = 3079
* Number of Bytes Per Scan = 40
* Number of Voltage Words = 5
* Number of Scans Averaged by the Deck Unit = 1
* NMEA Latitude = 27 58.92 N
* NMEA Longitude = 088 45.18 W
* NMEA UTC (Time) = Jul 08 2012  05:48:18
* NMEA baud rate = 4800
# nquan = 31
# nvalues = 588                                   
# units = specified
# name 0 = altM: Altimeter [m]
# name 1 = bat: Beam Attenuation, Chelsea/Seatech [1/m]
# name 2 = bpos: Bottle Position in Carousel
# name 3 = c0S/m: Conductivity [S/m]
# name 4 = dz/dtM: Descent Rate [m/s]
# name 5 = wetCDOM: Fluorescence, WET Labs CDOM [mg/m^3]
# name 6 = latitude: Latitude [deg]
# name 7 = longitude: Longitude [deg]
# name 8 = sbeox0Mm/Kg: Oxygen, SBE 43 [umol/kg]
# name 9 = sbeox1Mm/Kg: Oxygen, SBE 43, 2 [umol/kg]
# name 10 = oxsolMm/Kg: Oxygen Saturation, Garcia & Gordon [umol/kg]
# name 11 = oxsatMm/Kg: Oxygen Saturation, Weiss [umol/kg]
# name 12 = par: PAR/Irradiance, Biospherical/Licor
# name 13 = pla: Plume Anomaly
# name 14 = prDM: Pressure, Digiquartz [db]
# name 15 = pumps: Pump Status
# name 16 = scan: Scan Count
# name 17 = sva: Specific Volume Anomaly [10^-8 * m^3/kg]
# name 18 = t090C: Temperature [ITS-90, deg C]
# name 19 = t190C: Temperature, 2 [ITS-90, deg C]
# name 20 = tsa: Thermosteric Anomaly [10^-8 * m^3/kg]
# name 21 = timeS: Time, Elapsed [seconds]
# name 22 = v0: Voltage 0
# name 23 = v1: Voltage 1
# name 24 = v2: Voltage 2
# name 25 = v3: Voltage 3
# name 26 = v4: Voltage 4
# name 27 = v5: Voltage 5
# name 28 = sbeox0V: Oxygen raw, SBE 43 [V]
# name 29 = nbf: Bottles Fired
# name 30 = flag:  0.000e+00
# interval = seconds: 0.0416667
# start_time = Jul 08 2012 05:48:18 [NMEA time, header]
# bad_flag = -9.990e-29
*END*
[from data line 234]
      98.66     0.0431          5   3.366753     -0.343    -1.8000   27.98700  -88.76408    193.381    163.879  309.05039  309.76379 1.1856e-01 4.7059e+00   1009.246          1     123190     53.846     4.7880     4.7875     42.744   5132.875     1.7839     1.6850     4.9328     4.6178     0.0000     0.0000     1.7839          5  0.000e+00
      98.66     0.0431          5   3.366779      0.345    -1.8000   27.98700  -88.76408    193.381    163.879  309.04996  309.76338 1.1856e-01 4.7059e+00   1009.260          1     123191     53.820     4.7880     4.7877     42.718   5132.917     1.7839     1.6850     4.9328     4.6178     0.0000     0.0000     1.7839          5  0.000e+00
      98.66     0.0431          5   3.366747      1.205    -1.8000   27.98700  -88.76408    193.382    163.880  309.04992  309.76330 1.1856e-01 4.7060e+00   1009.310          1     123192     53.867     4.7882     4.7877     42.764   5132.958     1.7839     1.6850     4.9328     4.6178     0.0000     0.0000     1.7839          5  0.000e+00
      98.66     0.0431          5   3.366722     -1.548    -1.8000   27.98700  -88.76408    193.196    163.879  309.05053  309.76390 1.1856e-01 4.7061e+00   1009.246          1     123193     53.886     4.7882     4.7875     42.784   5133.000     1.7827     1.6850     4.9328     4.6178     0.0000     0.0000     1.7827          5  0.000e+00
      98.66     0.0442          5   3.366747      0.345    -1.8000   27.98700  -88.76408    193.196    163.880  309.04916  309.76251 1.1856e-01 4.7062e+00   1009.260          1     123194     53.878     4.7883     4.7875     42.775   5133.042     1.7827     1.6850     4.9328     4.6166     0.0000     0.0000     1.7827          5  0.000e+00
      98.66     0.0442          5   3.366779      1.205    -1.8000   27.98700  -88.76408    193.197    163.881  309.05002  309.76343 1.1856e-01 4.7059e+00   1009.311          1     123195     53.823     4.7880     4.7873     42.720   5133.083     1.7827     1.6850     4.9328     4.6166     0.0000     0.0000     1.7827          5  0.000e+00
      98.66     0.0442          5   3.366766     -1.547    -1.8000   27.98700  -88.76408    193.380    163.879  309.04934  309.76272 1.1856e-01 4.7061e+00   1009.246          1     123196     53.848     4.7882     4.7873     42.745   5133.125     1.7839     1.6850     4.9328     4.6166     0.0000     0.0000     1.7839          5  0.000e+00
      98.66     0.0453          5   3.366760      1.549    -1.8000   27.98700  -88.76408    193.197    163.880  309.04958  309.76296 1.1856e-01 4.7060e+00   1009.311          1     123197     53.856     4.7882     4.7875     42.753   5133.167     1.7827     1.6850     4.9328     4.6154     0.0000     0.0000     1.7827          5  0.000e+00
      98.66     0.0442          5   3.366741     -1.203    -1.8000   27.98700  -88.76408    193.382    163.878  309.05098  309.76438 1.1856e-01 4.7059e+00   1009.260          1     123198     53.853     4.7880     4.7877     42.751   5133.208     1.7839     1.6850     4.9328     4.6166     0.0000     0.0000     1.7839          5  0.000e+00
      98.66     0.0453          5   3.366753      1.033    -1.8000   27.98700  -88.76408    193.382    163.880  309.05069  309.76410 1.1856e-01 4.7059e+00   1009.304          1     123199     53.844     4.7880     4.7875     42.741   5133.250     1.7839     1.6850     4.9328     4.6154     0.0000     0.0000     1.7839          5  0.000e+00
      98.66     0.0442          5   3.366741      0.173    -1.8000   27.98700  -88.76408    193.383    163.880  309.05104  309.76444 1.1856e-01 4.7059e+00   1009.311          1     123200     53.855     4.7880     4.7875     42.753   5133.292     1.7839     1.6850     4.9328     4.6166     0.0000     0.0000     1.7839          5  0.000e+00
      98.71     0.0559          6   3.482358      0.001    -1.8000   27.98720  -88.76518    150.976    128.052  299.11710  299.65138 1.1856e-01 6.1235e+00    808.181          1     134449     73.199     6.1961     6.1960     62.006   5602.000     1.5665     1.4872     4.9353     4.6032     0.0000     0.0000     1.5665          6  0.000e+00
      98.71     0.0559          6   3.482333      0.001    -1.8000   27.98720  -88.76518    150.976    128.052  299.11773  299.65201 1.1856e-01 6.1235e+00    808.181          1     134450     73.220     6.1961     6.1960     62.027   5602.042     1.5665     1.4872     4.9353     4.6032     0.0000     0.0000     1.5665          6  0.000e+00
      98.71     0.0548          6   3.482345     -1.370    -1.8000   27.98720  -88.76518    151.149    127.891  299.11736  299.65164 1.1856e-01 6.1235e+00    808.124          1     134451     73.207     6.1961     6.1956     62.014   5602.083     1.5678     1.4860     4.9353     4.6044     0.0000     0.0000     1.5678          6  0.000e+00
      98.71     0.0548          6   3.482333      1.372    -1.8000   27.98720  -88.76518    151.150    127.891  299.11773  299.65201 1.1856e-01 6.1235e+00    808.181          1     134452     73.220     6.1961     6.1960     62.027   5602.125     1.5678     1.4860     4.9353     4.6044     0.0000     0.0000     1.5678          6  0.000e+00
      98.71     0.0548          6   3.482397     -1.199    -1.8000   27.98720  -88.76518    151.148    127.891  299.11522  299.64949 1.1856e-01 6.1237e+00    808.131          1     134453     73.182     6.1963     6.1959     61.988   5602.167     1.5678     1.4860     4.9353     4.6044     0.0000     0.0000     1.5678          6  0.000e+00
      98.71     0.0559          6   3.482346      1.201    -1.8000   27.98720  -88.76518    151.150    127.892  299.11742  299.65170 1.1856e-01 6.1235e+00    808.181          1     134454     73.210     6.1961     6.1958     62.016   5602.208     1.5678     1.4860     4.9353     4.6032     0.0000     0.0000     1.5678          6  0.000e+00
      98.71     0.0548          6   3.482345     -1.199    -1.8000   27.98720  -88.76518    151.149    127.891  299.11649  299.65075 1.1856e-01 6.1237e+00    808.132          1     134455     73.224     6.1963     6.1956     62.031   5602.250     1.5678     1.4860     4.9353     4.6044     0.0000     0.0000     1.5678          6  0.000e+00
      98.71     0.0548          6   3.482378      2.572    -1.8000   27.98720  -88.76518    151.151    127.893  299.11668  299.65097 1.1856e-01 6.1235e+00    808.239          1     134456     73.186     6.1961     6.1958     61.992   5602.292     1.5678     1.4860     4.9353     4.6044     0.0000     0.0000     1.5678          6  0.000e+00
      98.71     0.0548          6   3.482339     -3.770    -1.8000   27.98720  -88.76518    151.148    127.890  299.11791  299.65220 1.1856e-01 6.1234e+00    808.082          1     134457     73.202     6.1960     6.1959     62.010   5602.333     1.5678     1.4860     4.9353     4.6044     0.0000     0.0000     1.5678          6  0.000e+00
      98.71     0.0548          6   3.482326      3.771    -1.8000   27.98720  -88.76518    150.977    127.893  299.11708  299.65133 1.1856e-01 6.1237e+00    808.239          1     134458     73.245     6.1963     6.1958     62.051   5602.375     1.5665     1.4860     4.9353     4.6044     0.0000     0.0000     1.5665          6  0.000e+00
      98.71     0.0548          6   3.482345     -2.570    -1.8000   27.98720  -88.76518    151.149    127.892  299.11649  299.65075 1.1856e-01 6.1237e+00    808.132          1     134459     73.224     6.1963     6.1956     62.031   5602.417     1.5678     1.4860     4.9353     4.6044     0.0000     0.0000     1.5678          6  0.000e+00
      98.71     0.0548          6   3.482358      2.572    -1.8000   27.98720  -88.76518    150.978    127.893  299.11781  299.65212 1.1856e-01 6.1234e+00    808.239          1     134460     73.190     6.1960     6.1960     61.995   5602.458     1.5665     1.4860     4.9353     4.6044     0.0000     0.0000     1.5665          6  0.000e+00
      98.71     0.0548          6   3.482378     -1.370    -1.8000   27.98720  -88.76518    151.149    127.892  299.11575  299.65001 1.1856e-01 6.1237e+00    808.182          1     134461     73.200     6.1963     6.1959     62.006   5602.500     1.5678     1.4860     4.9353     4.6044     0.0000     0.0000     1.5678          6  0.000e+00
      98.71     0.0548          6   3.482365     -1.370    -1.8000   27.98720  -88.76518    151.149    127.891  299.11688  299.65117 1.1856e-01 6.1235e+00    808.125          1     134462     73.191     6.1961     6.1960     61.998   5602.542     1.5678     1.4860     4.9353     4.6044     0.0000     0.0000     1.5678          6  0.000e+00
      98.71     0.0559          6   3.482333      0.172    -1.8000   27.98720  -88.76518    151.149    127.891  299.11768  299.65196 1.1856e-01 6.1235e+00    808.132          1     134463     73.218     6.1961     6.1960     62.025   5602.583     1.5678     1.4860     4.9353     4.6032     0.0000     0.0000     1.5678          6  0.000e+00
      98.71     0.0559          6   3.482346      1.201    -1.8000   27.98720  -88.76518    150.976    127.891  299.11742  299.65170 1.1856e-01 6.1235e+00    808.182          1     134464     73.210     6.1961     6.1961     62.016   5602.625     1.5665     1.4860     4.9353     4.6032     0.0000     0.0000     1.5665          6  0.000e+00
      98.71     0.0569          6   3.482358     -1.199    -1.8000   27.98720  -88.76518    150.975    127.890  299.11617  299.65043 1.1856e-01 6.1237e+00    808.132          1     134465     73.214     6.1963     6.1961     62.021   5602.667     1.5665     1.4860     4.9353     4.6020     0.0000     0.0000     1.5665          6  0.000e+00
      98.71     0.0548          6   3.482358      0.001    -1.8000   27.98720  -88.76518    151.148    128.051  299.11552  299.64976 1.1856e-01 6.1239e+00    808.132          1     134466     73.226     6.1965     6.1960     62.033   5602.708     1.5678     1.4872     4.9353     4.6044     0.0000     0.0000     1.5678          6  0.000e+00
      98.71     0.0559          6   3.482333      1.201    -1.8000   27.98720  -88.76518    151.150    127.891  299.11686  299.65111 1.1856e-01 6.1237e+00    808.182          1     134467     73.237     6.1963     6.1960     62.044   5602.750     1.5678     1.4860     4.9353     4.6032     0.0000     0.0000     1.5678          6  0.000e+00
      98.71     0.0559          6   3.482346     -1.199    -1.8000   27.98720  -88.76518    151.149    127.891  299.11736  299.65165 1.1856e-01 6.1235e+00    808.132          1     134468     73.207     6.1961     6.1960     62.015   5602.792     1.5678     1.4860     4.9353     4.6032     0.0000     0.0000     1.5678          6  0.000e+00
      98.71     0.0559          6   3.482358      1.201    -1.8000   27.98720  -88.76518    151.149    127.891  299.11557  299.64981 1.1856e-01 6.1239e+00    808.182          1     134469     73.229     6.1965     6.1961     62.035   5602.833     1.5678     1.4860     4.9353     4.6032     0.0000     0.0000     1.5678          6  0.000e+00
      98.71     0.0559          6   3.482333     -1.199    -1.8000   27.98720  -88.76518    150.975    127.891  299.11681  299.65106 1.1856e-01 6.1237e+00    808.132          1     134470     73.235     6.1963     6.1960     62.042   5602.875     1.5665     1.4860     4.9353     4.6032     0.0000     0.0000     1.5665          6  0.000e+00
      98.71     0.0559          6   3.482371      0.001    -1.8000   27.98720  -88.76518    151.149    127.890  299.11673  299.65102 1.1856e-01 6.1235e+00    808.132          1     134471     73.186     6.1961     6.1960     61.993   5602.917     1.5678     1.4860     4.9353     4.6032     0.0000     0.0000     1.5678          6  0.000e+00
      98.71     0.0559          6   3.482365     -0.171    -1.8000   27.98720  -88.76518    151.149    127.890  299.11688  299.65117 1.1856e-01 6.1235e+00    808.125          1     134472     73.191     6.1961     6.1960     61.998   5602.958     1.5678     1.4860     4.9353     4.6032     0.0000     0.0000     1.5678          6  0.000e+00
      98.71     0.0559          6   3.482378      1.372    -1.8000   27.98720  -88.76518    150.976    128.052  299.11662  299.65091 1.1856e-01 6.1235e+00    808.182          1     134473     73.183     6.1961     6.1960     61.990   5603.000     1.5665     1.4872     4.9353     4.6032     0.0000     0.0000     1.5665          6  0.000e+00
      98.71     0.0559          6   3.482365     -2.399    -1.8000   27.98720  -88.76518    151.148    128.051  299.11640  299.65067 1.1856e-01 6.1236e+00    808.082          1     134474     73.197     6.1962     6.1959     62.005   5603.042     1.5678     1.4872     4.9353     4.6032     0.0000     0.0000     1.5678          6  0.000e+00
      98.71     0.0559          6   3.482378      1.201    -1.8000   27.98720  -88.76518    151.149    128.051  299.11722  299.65153 1.1856e-01 6.1234e+00    808.132          1     134475     73.168     6.1960     6.1961     61.975   5603.083     1.5678     1.4872     4.9353     4.6032     0.0000     0.0000     1.5678          6  0.000e+00
      98.71     0.0559          6   3.482339      0.001    -1.8000   27.98720  -88.76518    151.149    128.051  299.11752  299.65180 1.1856e-01 6.1235e+00    808.132          1     134476     73.213     6.1961     6.1960     62.020   5603.125     1.5678     1.4872     4.9353     4.6032     0.0000     0.0000     1.5678          6  0.000e+00
      98.71     0.0559          6   3.482345      0.001    -1.8000   27.98720  -88.76518    151.322    128.051  299.11649  299.65075 1.1856e-01 6.1237e+00    808.132          1     134477     73.224     6.1963     6.1961     62.031   5603.167     1.5690     1.4872     4.9353     4.6032     0.0000     0.0000     1.5690          6  0.000e+00
      98.71     0.0559          6   3.482333      0.001    -1.8000   27.98720  -88.76518    151.149    127.891  299.11768  299.65196 1.1856e-01 6.1235e+00    808.132          1     134478     73.218     6.1961     6.1959     62.025   5603.208     1.5678     1.4860     4.9353     4.6032     0.0000     0.0000     1.5678          6  0.000e+00
      98.71     0.0559          6   3.482346      0.001    -1.8000   27.98720  -88.76518    151.149    127.891  299.11802  299.65232 1.1856e-01 6.1234e+00    808.132          1     134479     73.195     6.1960     6.1961     62.002   5603.250     1.5678     1.4860     4.9353     4.6032     0.0000     0.0000     1.5678          6  0.000e+00
      98.71     0.0559          6   3.482358     -1.199    -1.8000   27.98720  -88.76518    150.974    127.891  299.11699  299.65128 1.1856e-01 6.1235e+00    808.082          1     134480     73.194     6.1961     6.1958     62.002   5603.292     1.5665     1.4860     4.9353     4.6032     0.0000     0.0000     1.5665          6  0.000e+00
      98.71     0.0559          6   3.482378      0.001    -1.8000   27.98720  -88.76518    150.973    127.890  299.11564  299.64991 1.1856e-01 6.1237e+00    808.082          1     134481     73.195     6.1963     6.1958     62.003   5603.333     1.5665     1.4860     4.9353     4.6032     0.0000     0.0000     1.5665          6  0.000e+00
      98.71     0.0559          6   3.482339      1.200    -1.8000   27.98720  -88.76518    150.975    127.891  299.11665  299.65090 1.1856e-01 6.1237e+00    808.132          1     134482     73.229     6.1963     6.1958     62.037   5603.375     1.5665     1.4860     4.9353     4.6032     0.0000     0.0000     1.5665          6  0.000e+00
      98.71     0.0559          6   3.482345     -1.370    -1.8000   27.98720  -88.76518    151.147    127.891  299.11643  299.65069 1.1856e-01 6.1237e+00    808.075          1     134483     73.221     6.1963     6.1957     62.029   5603.417     1.5678     1.4860     4.9353     4.6032     0.0000     0.0000     1.5678          6  0.000e+00
