tests/data/CTD/g01l02s05.ros
* Sea-Bird SBE 9 Data File:
* FileName = D:\CTD DATA\2013\PE13-01 DiMarco\G01L02S05.hex
* Software Version Seasave V 7.21g
* Temperature SN = 4515
* Conductivity SN = 3079
* Number of Bytes Per Scan = 40
* Number of Voltage Words = 5
* Number of Scans Averaged by the Deck Unit = 1
* NMEA Latitude = 27 45.03 N
* NMEA Longitude = 089 00.05 W
* NMEA UTC (Time) = Jul 10 2012  19:40:57
* NMEA baud rate = 4800
# nquan = 31
# nvalues = 588                                   
# units = specified
# name 0 = altM: Altimeter [m]
# name 1 = bat: Beam Attenuation, Chelsea/Seatech [1/m]
# name 2 = bpos: Bottle Position in Carousel
# name 3 = c0S/m: Conductivity [S/m]
# name 4 = dz/dtM: Descent Rate [m/s]
# name 5 = wetCDOM: Fluorescence, WET Labs CDOM [mg/m^3]
# name 6 = latitude: Latitude [deg]
# name 7 = longitude: Longitude [deg]
# name 8 = sbeox0Mm/Kg: Oxygen, SBE 43 [umol/kg]
# name 9 = sbeox1Mm/Kg: Oxygen, SBE 43, 2 [umol/kg]
# name 10 = oxsolMm/Kg: Oxygen Saturation, Garcia & Gordon [umol/kg]
# name 11 = oxsatMm/Kg: Oxygen Saturation, Weiss [umol/kg]
# name 12 = par: PAR/Irradiance, Biospherical/Licor
# name 13 = pla: Plume Anomaly
# name 14 = prDM: Pressure, Digiquartz [db]
# name 15 = pumps: Pump Status
# name 16 = scan: Scan Count
# name 17 = sva: Specific Volume Anomaly [10^-8 * m^3/kg]
# name 18 = t090C: Temperature [ITS-90, deg C]
# name 19 = t190C: Temperature, 2 [ITS-90, deg C]
# name 20 = tsa: Thermosteric Anomaly [10^-8 * m^3/kg]
# name 21 = timeS: Time, Elapsed [seconds]
# name 22 = v0: Voltage 0
# name 23 = v1: Voltage 1
# name 24 = v2: Voltage 2
# name 25 = v3: Voltage 3
# name 26 = v4: Voltage 4
# name 27 = v5: Voltage 5
# name 28 = sbeox0V: Oxygen raw, SBE 43 [V]
# name 29 = nbf: Bottles Fired
# name 30 = flag:  0.000e+00
# interval = seconds: 0.0416667
# start_time = Jul 10 2012 19:40:57 [NMEA time, header]
# bad_flag = -9.990e-29
*END*
[from data line 47]
       5.52     0.0729          1   3.342862      1.564    -1.8000   27.76004  -89.00316    219.547    185.945  312.95996  313.74782 1.1856e-01 4.1276e+00   1529.553          1      63262     50.141     4.2524     4.2526     35.144   2635.875     1.8437     1.7387     0.2759     4.5836     0.0000     0.0000     1.8437          1  0.000e+00
       5.52     0.0729          1   3.342862     -1.563    -1.8000   27.76004  -89.00316    219.544    185.943  312.95940  313.74725 1.1856e-01 4.1277e+00   1529.488          1      63263     50.146     4.2525     4.2526     35.150   2635.917     1.8437     1.7387     0.2759     4.5836     0.0000     0.0000     1.8437          1  0.000e+00
      98.66     0.0676          2   3.342565      1.387    -1.8000   27.76032  -89.00330    216.989    183.852  312.56620  313.34638 1.1856e-01 4.1915e+00   1414.789          1      67459     50.047     4.3062     4.3055     35.987   2810.750     1.8498     1.7448     4.9328     4.5897     0.0000     0.0000     1.8498          2  0.000e+00
      98.66     0.0676          2   3.342597     -3.639    -1.8000   27.76032  -89.00332    216.985    183.848  312.56637  313.34661 1.1856e-01 4.1913e+00   1414.637          1      67460     49.992     4.3060     4.3058     35.932   2810.792     1.8498     1.7448     4.9328     4.5897     0.0000     0.0000     1.8498          2  0.000e+00
      98.66     0.0676          2   3.342559      2.254    -1.8000   27.76032  -89.00332    216.790    183.851  312.56631  313.34649 1.1856e-01 4.1915e+00   1414.731          1      67461     50.050     4.3062     4.3055     35.990   2810.833     1.8486     1.7448     4.9328     4.5897     0.0000     0.0000     1.8486          2  0.000e+00
      98.63     0.0686          2   3.342565     -1.213    -1.8000   27.76032  -89.00332    216.789    183.849  312.56680  313.34701 1.1856e-01 4.1913e+00   1414.680          1      67462     50.029     4.3061     4.3056     35.970   2810.875     1.8486     1.7448     4.9316     4.5885     0.0000     0.0000     1.8486          2  0.000e+00
      98.66     0.0676          2   3.342546      0.001    -1.8000   27.76032  -89.00332    216.986    183.849  312.56684  313.34703 1.1856e-01 4.1914e+00   1414.680          1      67463     50.054     4.3062     4.3056     35.995   2810.917     1.8498     1.7448     4.9328     4.5897     0.0000     0.0000     1.8498          2  0.000e+00
      98.66     0.0676          2   3.342565      0.001    -1.8000   27.76032  -89.00332    216.986    183.849  312.56680  313.34701 1.1856e-01 4.1913e+00   1414.680          1      67464     50.029     4.3061     4.3056     35.970   2810.958     1.8498     1.7448     4.9328     4.5897     0.0000     0.0000     1.8498          2  0.000e+00
      98.66     0.0676          2   3.342578      1.214    -1.8000   27.76032  -89.00332    216.987    183.850  312.56530  313.34548 1.1856e-01 4.1916e+00   1414.731          1      67465     50.043     4.3063     4.3056     35.982   2811.000     1.8498     1.7448     4.9328     4.5897     0.0000     0.0000     1.8498          2  0.000e+00
      98.63     0.0676          2   3.342578     -1.213    -1.8000   27.76032  -89.00332    216.985    183.849  312.56500  313.34517 1.1856e-01 4.1916e+00   1414.680          1      67466     50.045     4.3064     4.3058     35.985   2811.042     1.8498     1.7448     4.9316     4.5897     0.0000     0.0000     1.8498          2  0.000e+00
      98.66     0.0676          2   3.342571     -1.386    -1.8000   27.76032  -89.00332    216.984    183.849  312.56535  313.34553 1.1856e-01 4.1916e+00   1414.623          1      67467     50.043     4.3063     4.3055     35.984   2811.083     1.8498     1.7448     4.9328     4.5897     0.0000     0.0000     1.8498          2  0.000e+00
      98.66     0.0686          2   3.342552      1.387    -1.8000   27.76032  -89.00332    216.789    183.668  312.56643  313.34661 1.1856e-01 4.1915e+00   1414.680          1      67468     50.053     4.3062     4.3055     35.994   2811.125     1.8486     1.7436     4.9328     4.5885     0.0000     0.0000     1.8486          2  0.000e+00
      98.66     0.0665          2   3.342565     -1.039    -1.8000   27.76032  -89.00332    216.984    183.848  312.56554  313.34571 1.1856e-01 4.1916e+00   1414.637          1      67469     50.049     4.3063     4.3056     35.990   2811.167     1.8498     1.7448     4.9328     4.5910     0.0000     0.0000     1.8498          2  0.000e+00
      98.66     0.0676          2   3.342546      1.041    -1.8000   27.76032  -89.00332    216.789    183.849  312.56660  313.34678 1.1856e-01 4.1915e+00   1414.681          1      67470     50.059     4.3062     4.3055     36.000   2811.208     1.8486     1.7448     4.9328     4.5897     0.0000     0.0000     1.8486          2  0.000e+00
      98.66     0.0676          2   3.342565      0.001    -1.8000   27.76032  -89.00332    216.789    183.849  312.56632  313.34651 1.1856e-01 4.1914e+00   1414.681          1      67471     50.038     4.3062     4.3056     35.979   2811.250     1.8486     1.7448     4.9328     4.5897     0.0000     0.0000     1.8486          2  0.000e+00
      98.66     0.0676          2   3.342552      0.001    -1.8000   27.76032  -89.00332    216.789    183.849  312.56643  313.34661 1.1856e-01 4.1915e+00   1414.681          1      67472     50.053     4.3062     4.3056     35.994   2811.292     1.8486     1.7448     4.9328     4.5897     0.0000     0.0000     1.8486          2  0.000e+00
      98.66     0.0676          2   3.342527     -1.386    -1.8000   27.76032  -89.00332    216.789    183.666  312.56899  313.34923 1.1856e-01 4.1911e+00   1414.623          1      67473     50.038     4.3058     4.3056     35.980   2811.333     1.8486     1.7436     4.9328     4.5897     0.0000     0.0000     1.8486          2  0.000e+00
      98.63     0.0686          2   3.342559      0.001    -1.8000   27.76032  -89.00332    216.788    183.848  312.56691  313.34712 1.1856e-01 4.1914e+00   1414.623          1      67474     50.032     4.3061     4.3056     35.974   2811.375     1.8486     1.7448     4.9316     4.5885     0.0000     0.0000     1.8486          2  0.000e+00
      98.63     0.0676          2   3.342571      1.387    -1.8000   27.76032  -89.00332    216.789    183.849  312.56663  313.34684 1.1856e-01 4.1913e+00   1414.681          1      67475     50.024     4.3061     4.3058     35.965   2811.417     1.8486     1.7448     4.9316     4.5897     0.0000     0.0000     1.8486          2  0.000e+00
      98.66     0.0676          2   3.342578     -1.386    -1.8000   27.76032  -89.00332    216.787    183.848  312.56591  313.34611 1.1856e-01 4.1914e+00   1414.623          1      67476     50.025     4.3062     4.3056     35.965   2811.458     1.8486     1.7448     4.9328     4.5897     0.0000     0.0000     1.8486          2  0.000e+00
      98.66     0.0676          2   3.342546     -0.866    -1.8000   27.76032  -89.00332    216.787    183.847  312.56722  313.34742 1.1856e-01 4.1914e+00   1414.587          1      67477     50.041     4.3061     4.3056     35.983   2811.500     1.8486     1.7448     4.9328     4.5897     0.0000     0.0000     1.8486          2  0.000e+00
      98.66     0.0676          2   3.342565      0.867    -1.8000   27.76032  -89.00332    216.787    183.848  312.56553  313.34570 1.1856e-01 4.1916e+00   1414.623          1      67478     50.048     4.3063     4.3056     35.989   2811.542     1.8486     1.7448     4.9328     4.5897     0.0000     0.0000     1.8486          2  0.000e+00
      98.66     0.0676          2   3.342578      0.001    -1.8000   27.76032  -89.00332    216.788    183.848  312.56736  313.34761 1.1856e-01 4.1912e+00   1414.623          1      67479     49.999     4.3059     4.3056     35.940   2811.583     1.8486     1.7448     4.9328     4.5897     0.0000     0.0000     1.8486          2  0.000e+00
      98.66     0.0676          2   3.342578      0.001    -1.8000   27.76032  -89.00332    216.984    184.030  312.56591  313.34611 1.1856e-01 4.1914e+00   1414.623          1      67480     50.025     4.3062     4.3056     35.965   2811.625     1.8498     1.7460     4.9328     4.5897     0.0000     0.0000     1.8498          2  0.000e+00
      98.66     0.0665          2   3.342571      0.001    -1.8000   27.76032  -89.00332    216.984    183.848  312.56584  313.34603 1.1856e-01 4.1915e+00   1414.623          1      67481     50.034     4.3062     4.3056     35.975   2811.667     1.8498     1.7448     4.9328     4.5910     0.0000     0.0000     1.8498          2  0.000e+00
      98.66     0.0676          2   3.342552      0.001    -1.8000   27.76032  -89.00332    216.984    183.848  312.56588  313.34604 1.1856e-01 4.1916e+00   1414.623          1      67482     50.059     4.3063     4.3056     36.001   2811.708     1.8498     1.7448     4.9328     4.5897     0.0000     0.0000     1.8498          2  0.000e+00
      98.66     0.0676          2   3.342565     -1.213    -1.8000   27.76032  -89.00332    216.983    183.847  312.56668  313.34689 1.1856e-01 4.1914e+00   1414.573          1      67483     50.024     4.3061     4.3055     35.966   2811.750     1.8498     1.7448     4.9328     4.5897     0.0000     0.0000     1.8498          2  0.000e+00
      98.66     0.0686          2   3.342571      1.214    -1.8000   27.76032  -89.00332    216.984    183.848  312.56608  313.34628 1.1856e-01 4.1914e+00   1414.623          1      67484     50.030     4.3062     4.3056     35.971   2811.792     1.8498     1.7448     4.9328     4.5885     0.0000     0.0000     1.8498          2  0.000e+00
      98.66     0.0686          2   3.342571     -1.213    -1.8000   27.76032  -89.00332    216.982    183.664  312.56578  313.34597 1.1856e-01 4.1915e+00   1414.573          1      67485     50.032     4.3062     4.3056     35.973   2811.833     1.8498     1.7436     4.9328     4.5885     0.0000     0.0000     1.8498          2  0.000e+00
      98.66     0.0686          2   3.342578      1.561    -1.8000   27.76032  -89.00332    216.984    183.848  312.56592  313.34612 1.1856e-01 4.1914e+00   1414.638          1      67486     50.025     4.3062     4.3056     35.966   2811.875     1.8498     1.7448     4.9328     4.5885     0.0000     0.0000     1.8498          2  0.000e+00
      98.66     0.0686          2   3.342597     -1.559    -1.8000   27.76032  -89.00332    216.983    183.847  312.56582  313.34604 1.1856e-01 4.1914e+00   1414.573          1      67487     49.997     4.3061     4.3055     35.938   2811.917     1.8498     1.7448     4.9328     4.5885     0.0000     0.0000     1.8498          2  0.000e+00
      98.66     0.0686          2   3.342578      0.001    -1.8000   27.76032  -89.00332    216.785    183.846  312.56561  313.34580 1.1856e-01 4.1915e+00   1414.573          1      67488     50.027     4.3062     4.3058     35.968   2811.958     1.8486     1.7448     4.9328     4.5885     0.0000     0.0000     1.8486          2  0.000e+00
      98.66     0.0676          2   3.342552      0.001    -1.8000   27.76032  -89.00332    216.786    183.846  312.56655  313.34674 1.1856e-01 4.1915e+00   1414.573          1      67489     50.044     4.3062     4.3058     35.986   2812.000     1.8486     1.7448     4.9328     4.5897     0.0000     0.0000     1.8486          2  0.000e+00
      98.66     0.0686          2   3.342546      1.214    -1.8000   27.76032  -89.00332    216.788    183.849  312.56726  313.34746 1.1856e-01 4.1914e+00   1414.623          1      67490     50.043     4.3061     4.3055     35.985   2812.042     1.8486     1.7448     4.9328     4.5885     0.0000     0.0000     1.8486          2  0.000e+00
      98.66     0.0686          2   3.342565     -1.213    -1.8000   27.76032  -89.00332    216.786    183.847  312.56620  313.34639 1.1856e-01 4.1915e+00   1414.573          1      67491     50.033     4.3062     4.3055     35.975   2812.083     1.8486     1.7448     4.9328     4.5885     0.0000     0.0000     1.8486          2  0.000e+00
      98.66     0.0676          2   3.342571      0.001    -1.8000   27.76032  -89.00332    216.785    183.846  312.56578  313.34597 1.1856e-01 4.1915e+00   1414.573          1      67492     50.032     4.3062     4.3058     35.974   2812.125     1.8486     1.7448     4.9328     4.5897     0.0000     0.0000     1.8486          2  0.000e+00
      98.66     0.0686          2   3.342571      1.214    -1.8000   27.76032  -89.00332    216.985    183.849  312.56705  313.34728 1.1856e-01 4.1913e+00   1414.624          1      67493     50.013     4.3060     4.3053     35.954   2812.167     1.8498     1.7448     4.9328     4.5885     0.0000     0.0000     1.8498          2  0.000e+00
      98.66     0.0676          2   3.342552     -2.599    -1.8000   27.76032  -89.00332    216.982    183.846  312.56696  313.34717 1.1856e-01 4.1914e+00   1414.515          1      67494     50.033     4.3061     4.3055     35.975   2812.208     1.8498     1.7448     4.9328     4.5897     0.0000     0.0000     1.8498          2  0.000e+00
      98.66     0.0686          2   3.342584      1.734    -1.8000   27.76032  -89.00332    216.786    183.847  312.56666  313.34690 1.1856e-01 4.1913e+00   1414.587          1      67495     50.000     4.3060     4.3056     35.941   2812.250     1.8486     1.7448     4.9328     4.5885     0.0000     0.0000     1.8486          2  0.000e+00
      98.66     0.0676          2   3.342603     -0.346    -1.8000   27.76032  -89.00332    216.982    183.847  312.56564  313.34587 1.1856e-01 4.1914e+00   1414.573          1      67496     49.992     4.3061     4.3055     35.933   2812.292     1.8498     1.7448     4.9328     4.5897     0.0000     0.0000     1.8498          2  0.000e+00
      98.66     0.0676          2   3.342559      0.001    -1.8000   27.76032  -89.00332    216.982    183.846  312.56565  313.34581 1.1856e-01 4.1916e+00   1414.573          1      67497     50.052     4.3063     4.3058     35.993   2812.333     1.8498     1.7448     4.9328     4.5897     0.0000     0.0000     1.8498          2  0.000e+00
      98.63     0.0676          2   3.342565      1.214    -1.8000   27.76032  -89.00332    216.985    183.847  312.56674  313.34695 1.1856e-01 4.1914e+00   1414.624          1      67498     50.027     4.3061     4.3058     35.968   2812.375     1.8498     1.7448     4.9316     4.5897     0.0000     0.0000     1.8498          2  0.000e+00
      98.66     0.0686          2   3.342571     -1.213    -1.8000   27.76032  -89.00332    216.984    183.847  312.56748  313.34773 1.1856e-01 4.1912e+00   1414.573          1      67499     50.002     4.3059     4.3056     35.943   2812.417     1.8498     1.7448     4.9328     4.5885     0.0000     0.0000     1.8498          2  0.000e+00
      98.66     0.0676          2   3.342571      0.001    -1.8000   27.76032  -89.00332    216.983    184.030  312.56603  313.34622 1.1856e-01 4.1915e+00   1414.573          1      67500     50.028     4.3062     4.3055     35.969   2812.458     1.8498     1.7460     4.9328     4.5897     0.0000     0.0000     1.8498          2  0.000e+00
      98.63     0.0686          2   3.342552      0.001    -1.8000   27.76032  -89.00332    216.983    184.029  312.56703  313.34724 1.1856e-01 4.1914e+00   1414.573          1      67501     50.035     4.3061     4.3056     35.977   2812.500     1.8498     1.7460     4.9316     4.5885     0.0000     0.0000     1.8498          2  0.000e+00
      98.66     0.0676          2   3.342565      1.214    -1.8000   27.76032  -89.00332    216.985    184.031  312.56723  313.34745 1.1856e-01 4.1913e+00   1414.624          1      67502     50.018     4.3060     4.3055     35.959   2812.542     1.8498     1.7460     4.9328     4.5897     0.0000     0.0000     1.8498          2  0.000e+00
