tests/data/CTD/g01l06s01.ros
* Sea-Bird SBE 9 Data File:
* FileName = D:\CTD DATA\2013\PE13-01 DiMarco\G01L06S01.hex
* Software Version Seasave V 7.21g
* Temperature SN = 4515
* Conductivity SN = 3079
* Number of Bytes Per Scan = 40
* Number of Voltage Words = 5
* Number of Scans Averaged by the Deck Unit = 1
* NMEA Latitude = 28 45.00 N
* NMEA Longitude = 087 59.82 W
* NMEA UTC (Time) = Jul 06 2012  12:00:26
* NMEA baud rate = 4800
# nquan = 31
# nvalues = 588                                   
# units = specified
# name 0 = altM: Altimeter [m]
# name 1 = bat: Beam Attenuation, Chelsea/Seatech [1/m]
# name 2 = bpos: Bottle Position in Carousel
# name 3 = c0S/m: Conductivity [S/m]
# name 4 = dz/dtM: Descent Rate [m/s]
# name 5 = wetCDOM: Fluorescence, WET Labs CDOM [mg/m^3]
# name 6 = latitude: Latitude [deg]
# name 7 = longitude: Longitude [deg]
# name 8 = sbeox0Mm/Kg: Oxygen, SBE 43 [umol/kg]
# name 9 = sbeox1Mm/Kg: Oxygen, SBE 43, 2 [umol/kg]
# name 10 = oxsolMm/Kg: Oxygen Saturation, Garcia & Gordon [umol/kg]
# name 11 = oxsatMm/Kg: Oxygen Saturation, Weiss [umol/kg]
# name 12 = par: PAR/Irradiance, Biospherical/Licor
# name 13 = pla: Plume Anomaly
# name 14 = prDM: Pressure, Digiquartz [db]
# name 15 = pumps: Pump Status
# name 16 = scan: Scan Count
# name 17 = sva: Specific Volume Anomaly [10^-8 * m^3/kg]
# name 18 = t090C: Temperature [ITS-90, deg C]
# name 19 = t190C: Temperature, 2 [ITS-90, deg C]
# name 20 = tsa: Thermosteric Anomaly [10^-8 * m^3/kg]
# name 21 = timeS: Time, Elapsed [seconds]
# name 22 = v0: Voltage 0
# name 23 = v1: Voltage 1
# name 24 = v2: Voltage 2
# name 25 = v3: Voltage 3
# name 26 = v4: Voltage 4
# name 27 = v5: Voltage 5
# name 28 = sbeox0V: Oxygen raw, SBE 43 [V]
# name 29 = nbf: Bottles Fired
# name 30 = flag:  0.000e+00
# interval = seconds: 0.0416667
# start_time = Jul 06 2012 12:00:26 [NMEA time, header]
# bad_flag = -9.990e-29
*END*
[from data line 234]
      98.68     0.0379          5   3.391263      0.173     3.2977   28.75536  -87.98534    182.547    154.276  307.02917  307.70498 1.2875e-01 4.9844e+00   1012.336          1     194044     58.389     5.0689     5.0687     46.675   8085.125     1.7204     1.6239     4.9341     4.6239     0.0354     0.2039     1.7204          5  0.000e+00
      98.68     0.0379          5   3.391276     -1.204     3.3282   28.75536  -87.98534    182.361    154.275  307.02809  307.70387 1.2912e-01 4.9846e+00   1012.286          1     194045     58.389     5.0691     5.0687     46.675   8085.167     1.7192     1.6239     4.9341     4.6239     0.0366     0.2051     1.7192          5  0.000e+00
      98.68     0.0379          5   3.391263      2.237     3.3282   28.75536  -87.98534    182.364    154.277  307.02853  307.70431 1.2875e-01 4.9846e+00   1012.379          1     194046     58.404     5.0691     5.0687     46.689   8085.208     1.7192     1.6239     4.9341     4.6239     0.0354     0.2051     1.7192          5  0.000e+00
      98.68     0.0368          5   3.391295     -1.032     3.3282   28.75536  -87.98534    182.363    154.277  307.02834  307.70415 1.2875e-01 4.9844e+00   1012.336          1     194047     58.363     5.0689     5.0685     46.647   8085.250     1.7192     1.6239     4.9341     4.6252     0.0354     0.2051     1.7192          5  0.000e+00
      98.68     0.0368          5   3.391244      0.001     3.3282   28.75536  -87.98534    182.363    154.276  307.02898  307.70475 1.2912e-01 4.9846e+00   1012.336          1     194048     58.418     5.0691     5.0687     46.704   8085.292     1.7192     1.6239     4.9341     4.6252     0.0366     0.2051     1.7192          5  0.000e+00
      98.66     0.0368          5   3.391289      1.033     3.3587   28.75536  -87.98534    182.180    154.278  307.02786  307.70364 1.2912e-01 4.9846e+00   1012.379          1     194049     58.383     5.0691     5.0687     46.667   8085.333     1.7179     1.6239     4.9328     4.6252     0.0366     0.2063     1.7179          5  0.000e+00
      98.68     0.0379          5   3.391244     -1.032     3.4198   28.75536  -87.98534    182.180    154.277  307.02898  307.70475 1.2912e-01 4.9846e+00   1012.336          1     194050     58.418     5.0691     5.0687     46.704   8085.375     1.7179     1.6239     4.9341     4.6239     0.0366     0.2088     1.7179          5  0.000e+00
      98.68     0.0357          5   3.391263      2.581     3.4198   28.75536  -87.98534    182.366    154.110  307.02929  307.70510 1.2912e-01 4.9844e+00   1012.444          1     194051     58.395     5.0689     5.0685     46.679   8085.417     1.7192     1.6227     4.9341     4.6264     0.0366     0.2088     1.7192          5  0.000e+00
      98.68     0.0357          5   3.391282     -1.548     3.4198   28.75536  -87.98534    182.364    154.108  307.02802  307.70381 1.2912e-01 4.9846e+00   1012.379          1     194052     58.388     5.0691     5.0687     46.673   8085.458     1.7192     1.6227     4.9341     4.6264     0.0366     0.2088     1.7192          5  0.000e+00
      98.68     0.0379          5   3.391282      0.345     3.4198   28.75536  -87.98534    182.181    154.109  307.02874  307.70454 1.2875e-01 4.9844e+00   1012.394          1     194053     58.376     5.0689     5.0685     46.660   8085.500     1.7179     1.6227     4.9341     4.6239     0.0354     0.2088     1.7179          5  0.000e+00
      98.68     0.0357          5   3.391257      0.000     3.3893   28.75536  -87.98534    182.365    154.278  307.02941  307.70521 1.2875e-01 4.9844e+00   1012.394          1     194054     58.398     5.0689     5.0685     46.682   8085.542     1.7192     1.6239     4.9341     4.6264     0.0354     0.2076     1.7192          5  0.000e+00
      98.71     0.0453          6   3.444501     -6.342     3.2977   28.75550  -87.98508    160.684    135.942  302.04826  302.63386 1.2986e-01 5.7034e+00    810.285          1     200074     66.970     5.7737     5.7735     56.426   8336.375     1.6227     1.5360     4.9353     4.6154     0.0391     0.2039     1.6227          6  0.000e+00
      98.71     0.0453          6   3.444495      1.372     3.2977   28.75550  -87.98508    160.685    135.943  302.04871  302.63431 1.2986e-01 5.7033e+00    810.342          1     200075     66.974     5.7736     5.7734     56.429   8336.417     1.6227     1.5360     4.9353     4.6154     0.0391     0.2039     1.6227          6  0.000e+00
      98.68     0.0453          6   3.444520     -1.371     3.2977   28.75550  -87.98508    160.859    135.942  302.04777  302.63338 1.2986e-01 5.7034e+00    810.285          1     200076     66.954     5.7737     5.7737     56.410   8336.458     1.6239     1.5360     4.9341     4.6154     0.0391     0.2039     1.6239          6  0.000e+00
      98.71     0.0442          6   3.444533      3.772     3.2977   28.75550  -87.98508    160.686    135.945  302.04695  302.63253 1.2986e-01 5.7035e+00    810.442          1     200077     66.964     5.7738     5.7735     56.417   8336.500     1.6227     1.5360     4.9353     4.6166     0.0391     0.2039     1.6227          6  0.000e+00
      98.71     0.0453          6   3.444508     -3.770     3.2977   28.75550  -87.98508    160.684    135.942  302.04876  302.63439 1.2986e-01 5.7032e+00    810.285          1     200078     66.952     5.7736     5.7737     56.408   8336.542     1.6227     1.5360     4.9353     4.6154     0.0391     0.2039     1.6227          6  0.000e+00
      98.68     0.0453          6   3.444520      2.571     3.2672   28.75550  -87.98508    160.685    135.944  302.04722  302.63280 1.2986e-01 5.7035e+00    810.393          1     200079     66.972     5.7738     5.7737     56.426   8336.583     1.6227     1.5360     4.9341     4.6154     0.0391     0.2027     1.6227          6  0.000e+00
      98.68     0.0453          6   3.444508     -0.171     3.2977   28.75550  -87.98508    160.686    135.943  302.04820  302.63380 1.2986e-01 5.7034e+00    810.385          1     200080     66.970     5.7737     5.7737     56.424   8336.625     1.6227     1.5360     4.9341     4.6154     0.0391     0.2039     1.6227          6  0.000e+00
      98.71     0.0453          6   3.444540     -2.399     3.2977   28.75550  -87.98508    160.683    136.104  302.04639  302.63197 1.2986e-01 5.7036e+00    810.285          1     200081     66.955     5.7739     5.7738     56.410   8336.667     1.6227     1.5372     4.9353     4.6154     0.0391     0.2039     1.6227          6  0.000e+00
      98.71     0.0453          6   3.444514      1.372     3.2977   28.75550  -87.98508    160.684    135.942  302.04666  302.63222 1.2986e-01 5.7036e+00    810.343          1     200082     66.987     5.7740     5.7738     56.442   8336.708     1.6227     1.5360     4.9353     4.6154     0.0391     0.2039     1.6227          6  0.000e+00
      98.68     0.0453          6   3.444495      0.001     3.2977   28.75550  -87.98508    160.685    135.942  302.04759  302.63316 1.2986e-01 5.7035e+00    810.343          1     200083     66.995     5.7739     5.7738     56.450   8336.750     1.6227     1.5360     4.9341     4.6154     0.0391     0.2039     1.6227          6  0.000e+00
      98.71     0.0453          6   3.444520     -1.371     3.2977   28.75550  -87.98508    160.683    135.941  302.04710  302.63269 1.2986e-01 5.7035e+00    810.286          1     200084     66.967     5.7738     5.7738     56.422   8336.792     1.6227     1.5360     4.9353     4.6154     0.0391     0.2039     1.6227          6  0.000e+00
      98.71     0.0463          6   3.444533      1.372     3.2977   28.75550  -87.98508    160.684    135.941  302.04595  302.63151 1.2986e-01 5.7037e+00    810.343          1     200085     66.976     5.7740     5.7741     56.430   8336.833     1.6227     1.5360     4.9353     4.6142     0.0391     0.2039     1.6227          6  0.000e+00
      98.71     0.0463          6   3.444533     -1.371     3.2977   28.75550  -87.98508    160.683    135.941  302.04611  302.63167 1.2986e-01 5.7036e+00    810.286          1     200086     66.969     5.7740     5.7740     56.424   8336.875     1.6227     1.5360     4.9353     4.6142     0.0391     0.2039     1.6227          6  0.000e+00
      98.68     0.0453          6   3.444552      0.001     3.2672   28.75550  -87.98508    160.682    135.940  302.04540  302.63096 1.2986e-01 5.7037e+00    810.286          1     200087     66.957     5.7740     5.7741     56.412   8336.917     1.6227     1.5360     4.9341     4.6154     0.0391     0.2027     1.6227          6  0.000e+00
      98.68     0.0463          6   3.444559      0.001     3.2977   28.75550  -87.98508    160.857    135.940  302.04390  302.62942 1.3023e-01 5.7040e+00    810.286          1     200088     66.977     5.7743     5.7743     56.432   8336.958     1.6239     1.5360     4.9341     4.6142     0.0403     0.2039     1.6239          6  0.000e+00
      98.68     0.0463          6   3.444559      0.000     3.2672   28.75550  -87.98508    160.857    135.778  302.04435  302.62988 1.2986e-01 5.7039e+00    810.286          1     200089     66.968     5.7742     5.7740     56.423   8337.000     1.6239     1.5348     4.9341     4.6142     0.0391     0.2027     1.6239          6  0.000e+00
      98.68     0.0463          6   3.444540      0.001     3.2672   28.75550  -87.98508    160.857    136.103  302.04439  302.62990 1.2986e-01 5.7040e+00    810.286          1     200090     66.993     5.7743     5.7741     56.448   8337.042     1.6239     1.5372     4.9341     4.6142     0.0391     0.2027     1.6239          6  0.000e+00
      98.71     0.0463          6   3.444552      0.001     3.2672   28.75550  -87.98508    160.857    135.941  302.04384  302.62935 1.3023e-01 5.7040e+00    810.286          1     200091     66.986     5.7744     5.7740     56.441   8337.083     1.6239     1.5360     4.9353     4.6142     0.0403     0.2027     1.6239          6  0.000e+00
      98.71     0.0453          6   3.444552      0.001     3.2672   28.75550  -87.98508    160.857    135.940  302.04473  302.63027 1.3023e-01 5.7038e+00    810.286          1     200092     66.969     5.7742     5.7741     56.424   8337.125     1.6239     1.5360     4.9353     4.6154     0.0403     0.2027     1.6239          6  0.000e+00
      98.68     0.0463          6   3.444552      0.001     3.2672   28.75550  -87.98508    160.681    135.940  302.04384  302.62935 1.3023e-01 5.7040e+00    810.286          1     200093     66.986     5.7744     5.7741     56.441   8337.167     1.6227     1.5360     4.9341     4.6142     0.0403     0.2027     1.6227          6  0.000e+00
      98.71     0.0453          6   3.444604     -1.199     3.2672   28.75550  -87.98508    160.855    135.939  302.04204  302.62756 1.3023e-01 5.7041e+00    810.236          1     200094     66.950     5.7744     5.7743     56.404   8337.208     1.6239     1.5360     4.9353     4.6154     0.0403     0.2027     1.6239          6  0.000e+00
      98.71     0.0453          6   3.444597      1.200     3.2672   28.75550  -87.98508    160.680    135.941  302.04114  302.62662 1.2986e-01 5.7043e+00    810.286          1     200095     66.978     5.7747     5.7740     56.433   8337.250     1.6227     1.5360     4.9353     4.6154     0.0391     0.2027     1.6227          6  0.000e+00
      98.68     0.0463          6   3.444610     -1.199     3.2672   28.75550  -87.98508    160.679    135.939  302.04188  302.62740 1.2986e-01 5.7041e+00    810.236          1     200096     66.944     5.7744     5.7741     56.399   8337.292     1.6227     1.5360     4.9341     4.6142     0.0391     0.2027     1.6227          6  0.000e+00
      98.71     0.0453          6   3.444597      1.200     3.2672   28.75550  -87.98508    160.680    135.941  302.04114  302.62662 1.2986e-01 5.7043e+00    810.286          1     200097     66.978     5.7747     5.7740     56.433   8337.333     1.6227     1.5360     4.9353     4.6154     0.0391     0.2027     1.6227          6  0.000e+00
      98.68     0.0463          6   3.444591     -1.199     3.2672   28.75550  -87.98508    160.679    136.102  302.04147  302.62696 1.2986e-01 5.7043e+00    810.236          1     200098     66.977     5.7746     5.7740     56.432   8337.375     1.6227     1.5372     4.9341     4.6142     0.0391     0.2027     1.6227          6  0.000e+00
      98.71     0.0453          6   3.444610      1.200     3.2366   28.75550  -87.98508    160.679    136.102  302.03926  302.62469 1.2986e-01 5.7047e+00    810.286          1     200099     66.997     5.7750     5.7741     56.451   8337.417     1.6227     1.5372     4.9353     4.6154     0.0391     0.2015     1.6227          6  0.000e+00
      98.71     0.0463          6   3.444623      0.000     3.2672   28.75550  -87.98508    160.679    135.940  302.04005  302.62552 1.2986e-01 5.7044e+00    810.286          1     200100     66.965     5.7748     5.7743     56.419   8337.458     1.6227     1.5360     4.9353     4.6142     0.0391     0.2027     1.6227          6  0.000e+00
      98.71     0.0453          6   3.444617      0.001     3.2672   28.75550  -87.98508    160.679    135.940  302.03910  302.62453 1.2986e-01 5.7047e+00    810.286          1     200101     66.992     5.7750     5.7741     56.446   8337.500     1.6227     1.5360     4.9353     4.6154     0.0391     0.2027     1.6227          6  0.000e+00
      98.71     0.0453          6   3.444617     -1.371     3.2672   28.75550  -87.98508    160.854    136.102  302.03993  302.62539 1.2986e-01 5.7045e+00    810.229          1     200102     66.972     5.7748     5.7740     56.427   8337.542     1.6239     1.5372     4.9353     4.6154     0.0391     0.2027     1.6239          6  0.000e+00
      98.68     0.0463          6   3.444623      0.172     3.2672   28.75550  -87.98508    160.853    136.101  302.03843  302.62386 1.3023e-01 5.7048e+00    810.236          1     200103     66.992     5.7751     5.7745     56.447   8337.583     1.6239     1.5372     4.9341     4.6142     0.0403     0.2027     1.6239          6  0.000e+00
      98.71     0.0463          6   3.444623      1.200     3.2366   28.75550  -87.98508    160.678    135.939  302.03826  302.62368 1.2986e-01 5.7048e+00    810.286          1     200104     66.999     5.7752     5.7743     56.453   8337.625     1.6227     1.5360     4.9353     4.6142     0.0391     0.2015     1.6227          6  0.000e+00
      98.71     0.0463          6   3.444597      0.001     3.2672   28.75550  -87.98508    160.679    135.939  302.04070  302.62616 1.3023e-01 5.7044e+00    810.286          1     200105     66.987     5.7748     5.7743     56.441   8337.667     1.6227     1.5360     4.9353     4.6142     0.0403     0.2027     1.6227          6  0.000e+00
      98.71     0.0453          6   3.444610      0.000     3.2672   28.75550  -87.98508    160.854    136.101  302.03926  302.62469 1.2986e-01 5.7047e+00    810.286          1     200106     66.997     5.7750     5.7746     56.451   8337.708     1.6239     1.5372     4.9353     4.6154     0.0391     0.2027     1.6239          6  0.000e+00
      98.68     0.0463          6   3.444597     -1.199     3.2672   28.75550  -87.98508    160.678    135.938  302.03975  302.62519 1.3023e-01 5.7046e+00    810.236          1     200107     67.001     5.7750     5.7745     56.456   8337.750     1.6227     1.5360     4.9341     4.6142     0.0403     0.2027     1.6227          6  0.000e+00
      98.71     0.0463          6   3.444636      1.200     3.2672   28.75550  -87.98506    160.678    135.939  302.03861  302.62405 1.3023e-01 5.7047e+00    810.286          1     200108     66.976     5.7750     5.7746     56.429   8337.792     1.6227     1.5360     4.9353     4.6142     0.0403     0.2027     1.6227          6  0.000e+00
