tests/data/CTD/g01l06s01.ros
* Sea-Bird SBE 9 Data File:
* FileName = D:\CTD DATA\2013\PE13-01 DiMarco\G01L06S01.hex
* Software Version Seasave V 7.21g
* Temperature SN = 4515
* Conductivity SN = 3079
* Number of Bytes Per Scan = 40
* Number of Voltage Words = 5
* Number of Scans Averaged by the Deck Unit = 1
* NMEA Latitude = 28 45.00 N
* NMEA Longitude = 087 59.82 W
* NMEA UTC (Time) = Jul 06 2012  12:00:26
* NMEA baud rate = 4800
# nquan = 31
# nvalues = 588                                   
# units = specified
# name 0 = altM: Altimeter [m]
# name 1 = bat: Beam Attenuation, Chelsea/Seatech [1/m]
# name 2 = bpos: Bottle Position in Carousel
# name 3 = c0S/m: Conductivity [S/m]
# name 4 = dz/dtM: Descent Rate [m/s]
# name 5 = wetCDOM: Fluorescence, WET Labs CDOM [mg/m^3]
# name 6 = latitude: Latitude [deg]
# name 7 = longitude: Longitude [deg]
# name 8 = sbeox0Mm/Kg: Oxygen, SBE 43 [umol/kg]
# name 9 = sbeox1Mm/Kg: Oxygen, SBE 43, 2 [umol/kg]
# name 10 = oxsolMm/Kg: Oxygen Saturation, Garcia & Gordon [umol/kg]
# name 11 = oxsatMm/Kg: Oxygen Saturation, Weiss [umol/kg]
# name 12 = par: PAR/Irradiance, Biospherical/Licor
# name 13 = pla: Plume Anomaly
# name 14 = prDM: Pressure, Digiquartz [db]
# name 15 = pumps: Pump Status
# name 16 = scan: Scan Count
# name 17 = sva: Specific Volume Anomaly [10^-8 * m^3/kg]
# name 18 = t090C: Temperature [ITS-90, deg C]
# name 19 = t190C: Temperature, 2 [ITS-90, deg C]
# name 20 = tsa: Thermosteric Anomaly [10^-8 * m^3/kg]
# name 21 = timeS: Time, Elapsed [seconds]
# name 22 = v0: Voltage 0
# name 23 = v1: Voltage 1
# name 24 = v2: Voltage 2
# name 25 = v3: Voltage 3
# name 26 = v4: Voltage 4
# name 27 = v5: Voltage 5
# name 28 = sbeox0V: Oxygen raw, SBE 43 [V]
# name 29 = nbf: Bottles Fired
# name 30 = flag:  0.000e+00
# interval = seconds: 0.0416667
# start_time = Jul 06 2012 12:00:26 [NMEA time, header]
# bad_flag = -9.990e-29
*END*
[from data line 422]
      98.66     0.0379          9   4.424461      0.847     2.7482   28.75570  -87.98428    133.773    114.679  245.34025  245.13530 1.2730e-01 1.5134e+01    201.151          1     217052    139.929    15.1609    15.1632    134.041   9043.792     1.7534     1.6667     4.9328     4.6239     0.0305     0.1819     1.7534          9  0.000e+00
      98.66     0.0379          9   4.424476     -2.372     2.7177   28.75570  -87.98428    133.902    114.677  245.34049  245.13556 1.2694e-01 1.5133e+01    201.052          1     217053    139.899    15.1608    15.1634    134.014   9043.833     1.7546     1.6667     4.9328     4.6239     0.0293     0.1807     1.7546          9  0.000e+00
      98.66     0.0379          9   4.424504      1.186     2.7482   28.75570  -87.98428    133.771    114.677  245.33903  245.13408 1.2694e-01 1.5134e+01    201.101          1     217054    139.912    15.1611    15.1634    134.025   9043.875     1.7534     1.6667     4.9328     4.6239     0.0293     0.1819     1.7534          9  0.000e+00
      98.68     0.0379          9   4.424561      0.000     2.7482   28.75570  -87.98428    133.770    114.678  245.33723  245.13226 1.2694e-01 1.5134e+01    201.101          1     217055    139.900    15.1614    15.1632    134.013   9043.917     1.7534     1.6667     4.9341     4.6239     0.0293     0.1819     1.7534          9  0.000e+00
      98.66     0.0379          9   4.424617      0.000     2.7482   28.75570  -87.98428    133.769    114.678  245.33449  245.12949 1.2694e-01 1.5135e+01    201.101          1     217056    139.913    15.1620    15.1634    134.026   9043.958     1.7534     1.6667     4.9328     4.6239     0.0293     0.1819     1.7534          9  0.000e+00
      98.68     0.0379          9   4.424702      1.187     2.7482   28.75570  -87.98428    133.899    114.678  245.33149  245.12646 1.2730e-01 1.5135e+01    201.151          1     217057    139.906    15.1625    15.1636    134.018   9044.000     1.7546     1.6667     4.9341     4.6239     0.0305     0.1819     1.7546          9  0.000e+00
      98.66     0.0379          9   4.424738     -1.185     2.7482   28.75570  -87.98428    133.766    114.677  245.32958  245.12453 1.2694e-01 1.5136e+01    201.101          1     217058    139.916    15.1629    15.1636    134.029   9044.042     1.7534     1.6667     4.9328     4.6239     0.0293     0.1819     1.7534          9  0.000e+00
      98.66     0.0379          9   4.424766     -0.847     2.7482   28.75570  -87.98428    133.765    114.555  245.32939  245.12435 1.2694e-01 1.5136e+01    201.066          1     217059    139.888    15.1628    15.1636    134.002   9044.083     1.7534     1.6654     4.9328     4.6239     0.0293     0.1819     1.7534          9  0.000e+00
      98.68     0.0368          9   4.424695      0.848     2.7482   28.75570  -87.98428    133.898    114.677  245.33104  245.12600 1.2694e-01 1.5135e+01    201.101          1     217060    139.923    15.1626    15.1636    134.035   9044.125     1.7546     1.6667     4.9341     4.6252     0.0293     0.1819     1.7546          9  0.000e+00
      98.66     0.0379          9   4.424688      0.000     2.7482   28.75570  -87.98428    133.767    114.677  245.33088  245.12584 1.2694e-01 1.5135e+01    201.101          1     217061    139.935    15.1627    15.1637    134.047   9044.167     1.7534     1.6667     4.9328     4.6239     0.0293     0.1819     1.7534          9  0.000e+00
      98.66     0.0368          9   4.424702      1.186     2.7482   28.75570  -87.98428    133.898    114.678  245.32990  245.12484 1.2694e-01 1.5136e+01    201.151          1     217062    139.950    15.1630    15.1637    134.061   9044.208     1.7546     1.6667     4.9328     4.6252     0.0293     0.1819     1.7546          9  0.000e+00
      98.66     0.0379          9   4.424780     -2.372     2.7482   28.75570  -87.98428    133.895    114.677  245.32757  245.12250 1.2730e-01 1.5136e+01    201.052          1     217063    139.921    15.1633    15.1637    134.035   9044.250     1.7546     1.6667     4.9328     4.6239     0.0305     0.1819     1.7546          9  0.000e+00
      98.66     0.0379          9   4.424815      1.187     2.7482   28.75570  -87.98428    133.895    114.677  245.32666  245.12158 1.2694e-01 1.5136e+01    201.101          1     217064    139.912    15.1634    15.1637    134.024   9044.292     1.7546     1.6667     4.9328     4.6239     0.0293     0.1819     1.7546          9  0.000e+00
      98.66     0.0379          9   4.424823      1.186     2.7482   28.75570  -87.98428    133.896    114.678  245.32632  245.12123 1.2694e-01 1.5136e+01    201.151          1     217065    139.917    15.1635    15.1637    134.028   9044.333     1.7546     1.6667     4.9328     4.6239     0.0293     0.1819     1.7546          9  0.000e+00
      98.66     0.0379          9   4.424865     -2.372     2.7482   28.75570  -87.98428    133.893    114.556  245.32453  245.11943 1.2730e-01 1.5137e+01    201.052          1     217066    139.912    15.1638    15.1636    134.026   9044.375     1.7546     1.6654     4.9328     4.6239     0.0305     0.1819     1.7546          9  0.000e+00
      98.66     0.0389          9   4.424837      1.525     2.7482   28.75570  -87.98428    133.895    114.679  245.32528  245.12018 1.2694e-01 1.5136e+01    201.116          1     217067    139.927    15.1638    15.1634    134.039   9044.417     1.7546     1.6667     4.9328     4.6227     0.0293     0.1819     1.7546          9  0.000e+00
      98.66     0.0389          9   4.424837     -0.339     2.7482   28.75570  -87.98428    133.895    114.679  245.32553  245.12044 1.2694e-01 1.5136e+01    201.101          1     217068    139.919    15.1637    15.1629    134.032   9044.458     1.7546     1.6667     4.9328     4.6227     0.0293     0.1819     1.7546          9  0.000e+00
      98.66     0.0389          9   4.424822      0.000     2.7482   28.75570  -87.98428    133.764    114.800  245.32522  245.12012 1.2730e-01 1.5137e+01    201.101          1     217069    139.943    15.1638    15.1631    134.056   9044.500     1.7534     1.6679     4.9328     4.6227     0.0305     0.1819     1.7534          9  0.000e+00
      98.68     0.0379          9   4.424837      0.000     2.7482   28.75570  -87.98428    133.894    114.679  245.32421  245.11909 1.2694e-01 1.5137e+01    201.101          1     217070    139.955    15.1641    15.1629    134.068   9044.542     1.7546     1.6667     4.9341     4.6239     0.0293     0.1819     1.7546          9  0.000e+00
      98.58     0.0644         10   4.992391     -0.338     2.9009   28.75580  -87.98412    198.455    172.398  222.02394  221.59612 2.5766e+00 2.0388e+01    101.527          1     220762    239.526    20.4018    20.4010    236.029   9198.375     2.5775     2.4420     4.9292     4.5934     1.3321     0.1880     2.5775         10  0.000e+00
      98.56     0.0644         10   4.992332      0.000     2.9009   28.75580  -87.98412    198.341    172.399  222.02651  221.59871 2.5694e+00 2.0387e+01    101.527          1     220763    239.501    20.4011    20.4008    236.004   9198.417     2.5763     2.4420     4.9280     4.5934     1.3309     0.1880     2.5763         10  0.000e+00
      98.56     0.0633         10   4.992347      2.537     2.9009   28.75580  -87.98412    198.343    172.401  222.02690  221.59911 2.5694e+00 2.0387e+01    101.633          1     220764    239.482    20.4010    20.4008    235.981   9198.458     2.5763     2.4420     4.9280     4.5946     1.3309     0.1880     2.5763         10  0.000e+00
      98.56     0.0644         10   4.992295     -3.720     2.9009   28.75580  -87.98412    198.341    172.287  222.02837  221.60059 2.5694e+00 2.0386e+01    101.478          1     220765    239.473    20.4006    20.4010    235.978   9198.500     2.5763     2.4408     4.9280     4.5934     1.3309     0.1880     2.5763         10  0.000e+00
      98.58     0.0633         10   4.992324      1.184     2.9009   28.75580  -87.98412    198.458    172.288  222.02753  221.59974 2.5694e+00 2.0387e+01    101.527          1     220766    239.476    20.4008    20.4012    235.979   9198.542     2.5775     2.4408     4.9292     4.5946     1.3309     0.1880     2.5775         10  0.000e+00
      98.56     0.0644         10   4.992325      2.875     2.9009   28.75580  -87.98412    198.344    172.290  222.02718  221.59938 2.5694e+00 2.0387e+01    101.647          1     220767    239.496    20.4010    20.4014    235.995   9198.583     2.5763     2.4408     4.9280     4.5934     1.3309     0.1880     2.5763         10  0.000e+00
      98.58     0.0633         10   4.992287     -2.874     2.9009   28.75580  -87.98412    198.342    172.178  222.02849  221.60071 2.5694e+00 2.0386e+01    101.527          1     220768    239.481    20.4006    20.4014    235.984   9198.625     2.5763     2.4396     4.9292     4.5946     1.3309     0.1880     2.5763         10  0.000e+00
      98.58     0.0633         10   4.992302      0.000     2.9009   28.75580  -87.98412    198.342    172.180  222.02831  221.60053 2.5694e+00 2.0386e+01    101.527          1     220769    239.472    20.4006    20.4010    235.975   9198.667     2.5763     2.4396     4.9292     4.5946     1.3309     0.1880     2.5763         10  0.000e+00
      98.56     0.0633         10   4.992287      1.353     2.9009   28.75580  -87.98412    198.345    172.183  222.02944  221.60167 2.5694e+00 2.0386e+01    101.584          1     220770    239.454    20.4003    20.4003    235.955   9198.708     2.5763     2.4396     4.9280     4.5946     1.3309     0.1880     2.5763         10  0.000e+00
      98.56     0.0633         10   4.992243      0.000     2.8703   28.75580  -87.98412    198.345    172.183  222.02988  221.60210 2.5694e+00 2.0386e+01    101.584          1     220771    239.484    20.4003    20.4003    235.985   9198.750     2.5763     2.4396     4.9280     4.5946     1.3309     0.1868     2.5763         10  0.000e+00
      98.56     0.0644         10   4.992235      0.000     2.8703   28.75580  -87.98412    198.346    172.184  222.03059  221.60282 2.5694e+00 2.0386e+01    101.584          1     220772    239.468    20.4001    20.4000    235.969   9198.792     2.5763     2.4396     4.9280     4.5934     1.3309     0.1868     2.5763         10  0.000e+00
      98.56     0.0633         10   4.992161      0.170     2.8398   28.75580  -87.98412    198.347    172.076  222.03149  221.60372 2.5622e+00 2.0386e+01    101.591          1     220773    239.513    20.4001    20.3998    236.014   9198.833     2.5763     2.4383     4.9280     4.5946     1.3297     0.1856     2.5763         10  0.000e+00
      98.58     0.0633         10   4.992176     -0.169     2.9009   28.75580  -87.98412    198.346    172.075  222.03130  221.60353 2.5622e+00 2.0386e+01    101.584          1     220774    239.504    20.4001    20.4000    236.005   9198.875     2.5763     2.4383     4.9292     4.5946     1.3297     0.1880     2.5763         10  0.000e+00
      98.56     0.0644         10   4.992191      0.000     2.8703   28.75580  -87.98412    198.347    172.075  222.03164  221.60388 2.5622e+00 2.0386e+01    101.584          1     220775    239.478    20.3999    20.3998    235.979   9198.917     2.5763     2.4383     4.9280     4.5934     1.3297     0.1868     2.5763         10  0.000e+00
      98.58     0.0633         10   4.992220      0.000     2.8703   28.75580  -87.98412    198.347    172.075  222.03169  221.60394 2.5622e+00 2.0385e+01    101.584          1     220776    239.447    20.3997    20.3998    235.948   9198.958     2.5763     2.4383     4.9292     4.5946     1.3297     0.1868     2.5763         10  0.000e+00
      98.56     0.0633         10   4.992161      1.184     2.8703   28.75580  -87.98412    198.348    172.077  222.03244  221.60468 2.5622e+00 2.0385e+01    101.633          1     220777    239.485    20.3997    20.3998    235.985   9199.000     2.5763     2.4383     4.9280     4.5946     1.3297     0.1868     2.5763         10  0.000e+00
      98.58     0.0633         10   4.992146     -1.014     2.8703   28.75580  -87.98412    198.348    172.076  222.03352  221.60577 2.5622e+00 2.0385e+01    101.591          1     220778    239.462    20.3994    20.3996    235.962   9199.042     2.5763     2.4383     4.9292     4.5946     1.3297     0.1868     2.5763         10  0.000e+00
      98.56     0.0633         10   4.992153     -0.169     2.8703   28.75580  -87.98412    198.348    172.076  222.03343  221.60568 2.5622e+00 2.0385e+01    101.584          1     220779    239.457    20.3994    20.3995    235.958   9199.083     2.5763     2.4383     4.9280     4.5946     1.3297     0.1868     2.5763         10  0.000e+00
      98.58     0.0644         10   4.992153      0.000     2.8703   28.75580  -87.98412    198.232    172.077  222.03394  221.60620 2.5622e+00 2.0385e+01    101.584          1     220780    239.440    20.3992    20.3993    235.941   9199.125     2.5751     2.4383     4.9292     4.5934     1.3297     0.1868     2.5751         10  0.000e+00
      98.56     0.0644         10   4.992109      1.184     2.8703   28.75580  -87.98412    198.350    171.970  222.03450  221.60676 2.5622e+00 2.0385e+01    101.633          1     220781    239.469    20.3992    20.3988    235.969   9199.167     2.5763     2.4371     4.9280     4.5934     1.3297     0.1868     2.5763         10  0.000e+00
      98.56     0.0644         10   4.992101     -1.183     2.8703   28.75580  -87.98412    198.349    171.969  222.03457  221.60682 2.5622e+00 2.0385e+01    101.584          1     220782    239.471    20.3992    20.3989    235.972   9199.208     2.5763     2.4371     4.9280     4.5934     1.3297     0.1868     2.5763         10  0.000e+00
      98.56     0.0654         10   4.992168      1.184     2.8703   28.75580  -87.98412    198.233    171.969  222.03461  221.60688 2.5694e+00 2.0385e+01    101.633          1     220783    239.408    20.3989    20.3991    235.907   9199.250     2.5751     2.4371     4.9280     4.5922     1.3309     0.1868     2.5751         10  0.000e+00
      98.56     0.0654         10   4.992183     -1.014     2.8703   28.75580  -87.98412    198.232    172.078  222.03410  221.60637 2.5694e+00 2.0385e+01    101.591          1     220784    239.406    20.3990    20.3989    235.907   9199.292     2.5751     2.4383     4.9280     4.5922     1.3309     0.1868     2.5751         10  0.000e+00
      98.58     0.0644         10   4.992220      1.015     2.8703   28.75580  -87.98412    198.232    171.968  222.03316  221.60542 2.5622e+00 2.0385e+01    101.633          1     220785    239.403    20.3992    20.3991    235.903   9199.333     2.5751     2.4371     4.9292     4.5934     1.3297     0.1868     2.5751         10  0.000e+00
      98.56     0.0644         10   4.992168     -1.183     2.8703   28.75580  -87.98412    198.231    172.076  222.03325  221.60550 2.5622e+00 2.0385e+01    101.584          1     220786    239.448    20.3994    20.3993    235.949   9199.375     2.5751     2.4383     4.9280     4.5934     1.3297     0.1868     2.5751         10  0.000e+00
      98.56     0.0644         10   4.992176      1.184     2.8703   28.75580  -87.98412    198.350    172.076  222.03370  221.60596 2.5622e+00 2.0385e+01    101.633          1     220787    239.430    20.3992    20.3998    235.929   9199.417     2.5763     2.4383     4.9280     4.5934     1.3297     0.1868     2.5763         10  0.000e+00
