tests/data/CTD/g01l02s02.ros
* Sea-Bird SBE 9 Data File:
* FileName = D:\CTD DATA\2013\PE13-01 DiMarco\G01L02S02.hex
* Software Version Seasave V 7.21g
* Temperature SN = 4515
* Conductivity SN = 3079
* Number of Bytes Per Scan = 40
* Number of Voltage Words = 5
* Number of Scans Averaged by the Deck Unit = 1
* NMEA Latitude = 28 30.49 N
* NMEA Longitude = 089 00.19 W
* NMEA UTC (Time) = Jul 08 2012  14:16:42
* NMEA baud rate = 4800
# nquan = 31
# nvalues = 588                                   
# units = specified
# name 0 = altM: Altimeter [m]
# name 1 = bat: Beam Attenuation, Chelsea/Seatech [1/m]
# name 2 = bpos: Bottle Position in Carousel
# name 3 = c0S/m: Conductivity [S/m]
# name 4 = dz/dtM: Descent Rate [m/s]
# name 5 = wetCDOM: Fluorescence, WET Labs CDOM [mg/m^3]
# name 6 = latitude: Latitude [deg]
# name 7 = longitude: Longitude [deg]
# name 8 = sbeox0Mm/Kg: Oxygen, SBE 43 [umol/kg]
# name 9 = sbeox1Mm/Kg: Oxygen, SBE 43, 2 [umol/kg]
# name 10 = oxsolMm/Kg: Oxygen Saturation, Garcia & Gordon [umol/kg]
# name 11 = oxsatMm/Kg: Oxygen Saturation, Weiss [umol/kg]
# name 12 = par: PAR/Irradiance, Biospherical/Licor
# name 13 = pla: Plume Anomaly
# name 14 = prDM: Pressure, Digiquartz [db]
# name 15 = pumps: Pump Status
# name 16 = scan: Scan Count
# name 17 = sva: Specific Volume Anomaly [10^-8 * m^3/kg]
# name 18 = t090C: Temperature [ITS-90, deg C]
# name 19 = t190C: Temperature, 2 [ITS-90, deg C]
# name 20 = tsa: Thermosteric Anomaly [10^-8 * m^3/kg]
# name 21 = timeS: Time, Elapsed [seconds]
# name 22 = v0: Voltage 0
# name 23 = v1: Voltage 1
# name 24 = v2: Voltage 2
# name 25 = v3: Voltage 3
# name 26 = v4: Voltage 4
# name 27 = v5: Voltage 5
# name 28 = sbeox0V: Oxygen raw, SBE 43 [V]
# name 29 = nbf: Bottles Fired
# name 30 = flag:  0.000e+00
# interval = seconds: 0.0416667
# start_time = Jul 08 2012 14:16:42 [NMEA time, header]
# bad_flag = -9.990e-29
*END*
[from data line 188]
      98.71     0.0921          4   3.719387      0.000    -0.1211   28.51278  -89.00072    123.391    104.668  282.02025  282.28281 1.2658e-01 8.7081e+00    504.045          1      60534     96.131     8.7609     8.7607     86.636   2522.208     1.4652     1.3944     4.9353     4.5617     0.0281     0.0672     1.4652          4  0.000e+00
      98.73     0.0921          4   3.719387      0.001    -0.1211   28.51278  -89.00072    123.547    104.668  282.01874  282.28126 1.2658e-01 8.7085e+00    504.045          1      60535     96.163     8.7613     8.7608     86.668   2522.250     1.4664     1.3944     4.9365     4.5617     0.0281     0.0672     1.4664          4  0.000e+00
      98.73     0.0921          4   3.719360      0.171    -0.1211   28.51278  -89.00072    123.391    104.668  282.02082  282.28338 1.2658e-01 8.7081e+00    504.053          1      60536     96.152     8.7609     8.7611     86.657   2522.292     1.4652     1.3944     4.9365     4.5617     0.0281     0.0672     1.4652          4  0.000e+00
      98.71     0.0900          4   3.719334      1.193    -0.1211   28.51278  -89.00072    123.550    104.524  282.02143  282.28399 1.2658e-01 8.7081e+00    504.102          1      60537     96.175     8.7609     8.7607     86.679   2522.333     1.4664     1.3932     4.9353     4.5641     0.0281     0.0672     1.4664          4  0.000e+00
      98.71     0.0878          4   3.719373     -1.362    -0.1211   28.51278  -89.00072    123.548    104.523  282.01977  282.28232 1.2658e-01 8.7083e+00    504.046          1      60538     96.157     8.7611     8.7609     86.662   2522.375     1.4664     1.3932     4.9353     4.5665     0.0281     0.0672     1.4664          4  0.000e+00
      98.71     0.0889          4   3.719360      0.001    -0.1211   28.51278  -89.00072    123.392    104.523  282.02138  282.28396 1.2694e-01 8.7080e+00    504.046          1      60539     96.139     8.7608     8.7607     86.645   2522.417     1.4652     1.3932     4.9353     4.5653     0.0293     0.0672     1.4652          4  0.000e+00
      98.73     0.0878          4   3.719354      1.364    -0.1211   28.51278  -89.00072    123.392    104.524  282.02101  282.28357 1.2658e-01 8.7081e+00    504.102          1      60540     96.159     8.7609     8.7607     86.664   2522.458     1.4652     1.3932     4.9365     4.5665     0.0281     0.0672     1.4652          4  0.000e+00
      98.73     0.0878          4   3.719354     -1.192    -0.1211   28.51278  -89.00072    123.391    104.523  282.02021  282.28275 1.2694e-01 8.7083e+00    504.053          1      60541     96.173     8.7611     8.7609     86.678   2522.500     1.4652     1.3932     4.9365     4.5665     0.0293     0.0672     1.4652          4  0.000e+00
      98.71     0.0654          5   3.976029      0.001    -0.1211   28.51296  -89.00044    123.606    105.040  267.08296  267.13847 1.2730e-01 1.1139e+01    403.262          1      64605    112.441    11.1874    11.1868    103.071   2691.833     1.5360     1.4603     4.9353     4.5922     0.0305     0.0672     1.5360          5  0.000e+00
      98.71     0.0644          5   3.976015      1.361    -0.1211   28.51296  -89.00044    123.754    105.041  267.08508  267.14062 1.2730e-01 1.1139e+01    403.318          1      64606    112.412    11.1869    11.1868    103.041   2691.875     1.5372     1.4603     4.9353     4.5934     0.0305     0.0672     1.5372          5  0.000e+00
      98.71     0.0644          5   3.975988     -1.360    -0.1211   28.51296  -89.00044    123.754    105.040  267.08604  267.14159 1.2730e-01 1.1139e+01    403.262          1      64607    112.417    11.1868    11.1869    103.048   2691.917     1.5372     1.4603     4.9353     4.5934     0.0305     0.0672     1.5372          5  0.000e+00
      98.71     0.0644          5   3.975948     -0.510    -0.0906   28.51296  -89.00044    123.755    105.040  267.08877  267.14436 1.2730e-01 1.1138e+01    403.240          1      64608    112.400    11.1863    11.1866    103.031   2691.958     1.5372     1.4603     4.9353     4.5934     0.0305     0.0684     1.5372          5  0.000e+00
      98.71     0.0654          5   3.975941      0.511    -0.1211   28.51296  -89.00044    123.609    105.040  267.09023  267.14586 1.2730e-01 1.1138e+01    403.262          1      64609    112.375    11.1859    11.1868    103.006   2692.000     1.5360     1.4603     4.9353     4.5922     0.0305     0.0672     1.5360          5  0.000e+00
      98.71     0.0644          5   3.975887      0.000    -0.1211   28.51296  -89.00044    123.757    105.041  267.09175  267.14738 1.2730e-01 1.1138e+01    403.262          1      64610    112.403    11.1858    11.1866    103.034   2692.042     1.5372     1.4603     4.9353     4.5934     0.0305     0.0672     1.5372          5  0.000e+00
      98.71     0.0654          5   3.975921      0.001    -0.1211   28.51296  -89.00044    123.610    105.040  267.09111  267.14675 1.2730e-01 1.1138e+01    403.262          1      64611    112.378    11.1858    11.1868    103.009   2692.083     1.5360     1.4603     4.9353     4.5922     0.0305     0.0672     1.5360          5  0.000e+00
      98.71     0.0644          5   3.975941      0.000    -0.1211   28.51296  -89.00044    123.756    105.040  267.09023  267.14586 1.2730e-01 1.1138e+01    403.262          1      64612    112.375    11.1859    11.1868    103.006   2692.125     1.5372     1.4603     4.9353     4.5934     0.0305     0.0672     1.5372          5  0.000e+00
      98.71     0.0644          5   3.975941      0.001    -0.0906   28.51296  -89.00044    123.756    105.040  267.09072  267.14637 1.2730e-01 1.1138e+01    403.262          1      64613    112.364    11.1858    11.1865    102.995   2692.167     1.5372     1.4603     4.9353     4.5934     0.0305     0.0684     1.5372          5  0.000e+00
      98.71     0.0644          5   3.975914      1.361    -0.1211   28.51296  -89.00044    123.903    105.041  267.09013  267.14574 1.2694e-01 1.1138e+01    403.319          1      64614    112.413    11.1861    11.1866    103.043   2692.208     1.5385     1.4603     4.9353     4.5934     0.0293     0.0672     1.5385          5  0.000e+00
      98.71     0.0654          5   3.975927     -1.360    -0.0906   28.51296  -89.00044    123.609    105.040  267.09049  267.14611 1.2730e-01 1.1138e+01    403.262          1      64615    112.385    11.1859    11.1869    103.016   2692.250     1.5360     1.4603     4.9353     4.5922     0.0305     0.0684     1.5360          5  0.000e+00
      98.71     0.0601          5   3.975941     -0.510    -0.1211   28.51296  -89.00044    123.756    105.175  267.09021  267.14584 1.2694e-01 1.1138e+01    403.241          1      64616    112.374    11.1859    11.1868    103.005   2692.292     1.5372     1.4615     4.9353     4.5983     0.0293     0.0672     1.5372          5  0.000e+00
      98.71     0.0559          5   3.975968      0.511    -0.1211   28.51296  -89.00044    123.755    105.176  267.08906  267.14468 1.2694e-01 1.1138e+01    403.262          1      64617    112.371    11.1861    11.1866    103.001   2692.333     1.5372     1.4615     4.9353     4.6032     0.0293     0.0672     1.5372          5  0.000e+00
      98.71     0.0559          5   3.975982      0.001    -0.0906   28.51296  -89.00044    123.608    105.040  267.08748  267.14307 1.2730e-01 1.1138e+01    403.262          1      64618    112.392    11.1865    11.1866    103.022   2692.375     1.5360     1.4603     4.9353     4.6032     0.0305     0.0684     1.5360          5  0.000e+00
      98.71     0.0559          5   3.975982      0.000    -0.1211   28.51296  -89.00044    123.755    105.040  267.08748  267.14307 1.2730e-01 1.1138e+01    403.262          1      64619    112.392    11.1865    11.1869    103.022   2692.417     1.5372     1.4603     4.9353     4.6032     0.0305     0.0672     1.5372          5  0.000e+00
      98.71     0.0559          5   3.976029      0.000    -0.1211   28.51296  -89.00044    123.754    105.041  267.08593  267.14151 1.2730e-01 1.1138e+01    403.262          1      64620    112.372    11.1866    11.1866    103.003   2692.458     1.5372     1.4603     4.9353     4.6032     0.0305     0.0672     1.5372          5  0.000e+00
      98.71     0.0559          5   3.976049     -1.190    -0.0906   28.51296  -89.00044    123.607    105.176  267.08616  267.14176 1.2730e-01 1.1138e+01    403.212          1      64621    112.339    11.1865    11.1865    102.971   2692.500     1.5360     1.4615     4.9353     4.6032     0.0305     0.0684     1.5360          5  0.000e+00
      98.71     0.0559          5   3.976022      1.191    -0.1211   28.51296  -89.00044    123.900    105.042  267.08540  267.14096 1.2730e-01 1.1139e+01    403.262          1      64622    112.393    11.1868    11.1862    103.023   2692.542     1.5385     1.4603     4.9353     4.6032     0.0305     0.0672     1.5385          5  0.000e+00
      98.71     0.0559          5   3.976015      0.000    -0.0906   28.51296  -89.00044    123.755    105.042  267.08750  267.14311 1.2730e-01 1.1138e+01    403.262          1      64623    112.351    11.1863    11.1858    102.982   2692.583     1.5372     1.4603     4.9353     4.6032     0.0305     0.0684     1.5372          5  0.000e+00
      98.71     0.0569          5   3.976015      0.681    -0.1211   28.51296  -89.00044    123.609    105.178  267.08753  267.14313 1.2730e-01 1.1138e+01    403.290          1      64624    112.353    11.1863    11.1858    102.983   2692.625     1.5360     1.4615     4.9353     4.6020     0.0305     0.0672     1.5360          5  0.000e+00
      98.71     0.0559          5   3.975988     -1.870    -0.1211   28.51296  -89.00044    123.754    105.041  267.08797  267.14358 1.2730e-01 1.1138e+01    403.213          1      64625    112.369    11.1863    11.1859    103.000   2692.667     1.5372     1.4603     4.9353     4.6032     0.0305     0.0672     1.5372          5  0.000e+00
      98.71     0.0559          5   3.975921      1.191    -0.0906   28.51296  -89.00044    123.756    105.178  267.08995  267.14557 1.2766e-01 1.1138e+01    403.262          1      64626    112.405    11.1861    11.1858    103.036   2692.708     1.5372     1.4615     4.9353     4.6032     0.0317     0.0684     1.5372          5  0.000e+00
      98.71     0.0559          5   3.975927      0.001    -0.1211   28.51296  -89.00044    123.609    105.042  267.09049  267.14611 1.2694e-01 1.1138e+01    403.262          1      64627    112.385    11.1859    11.1859    103.016   2692.750     1.5360     1.4603     4.9353     4.6032     0.0293     0.0672     1.5360          5  0.000e+00
      98.71     0.0559          5   3.975941      0.001    -0.1211   28.51296  -89.00044    123.755    105.178  267.08891  267.14451 1.2730e-01 1.1138e+01    403.262          1      64628    112.406    11.1863    11.1858    103.037   2692.792     1.5372     1.4615     4.9353     4.6032     0.0305     0.0672     1.5372          5  0.000e+00
      98.71     0.0559          5   3.975968     -1.190    -0.0906   28.51296  -89.00044    123.755    105.042  267.08968  267.14531 1.2730e-01 1.1138e+01    403.213          1      64629    112.353    11.1859    11.1858    102.985   2692.833     1.5372     1.4603     4.9353     4.6032     0.0305     0.0684     1.5372          5  0.000e+00
      98.71     0.0559          5   3.975948      1.191    -0.0906   28.51296  -89.00044    123.755    105.042  267.08878  267.14438 1.2730e-01 1.1138e+01    403.262          1      64630    112.401    11.1863    11.1861    103.032   2692.875     1.5372     1.4603     4.9353     4.6032     0.0305     0.0684     1.5372          5  0.000e+00
      98.71     0.0559          5   3.976043     -1.190    -0.0906   28.51296  -89.00044    123.753    105.041  267.08629  267.14189 1.2730e-01 1.1138e+01    403.213          1      64631    112.344    11.1865    11.1861    102.976   2692.917     1.5372     1.4603     4.9353     4.6032     0.0305     0.0684     1.5372          5  0.000e+00
      98.71     0.0559          5   3.976029      1.191    -0.0601   28.51296  -89.00044    123.901    105.042  267.08675  267.14235 1.2730e-01 1.1138e+01    403.262          1      64632    112.353    11.1864    11.1861    102.983   2692.958     1.5385     1.4603     4.9353     4.6032     0.0305     0.0696     1.5385          5  0.000e+00
      98.71     0.0559          5   3.976036      0.681    -0.0906   28.51296  -89.00044    123.754    105.043  267.08517  267.14073 1.2730e-01 1.1139e+01    403.291          1      64633    112.384    11.1868    11.1858    103.014   2693.000     1.5372     1.4603     4.9353     4.6032     0.0305     0.0684     1.5372          5  0.000e+00
      98.71     0.0559          5   3.976022     -1.870    -0.0906   28.51296  -89.00044    123.753    105.177  267.08602  267.14159 1.2730e-01 1.1138e+01    403.213          1      64634    112.374    11.1866    11.1858    103.006   2693.042     1.5372     1.4615     4.9353     4.6032     0.0305     0.0684     1.5372          5  0.000e+00
      98.71     0.0559          5   3.976015      1.191    -0.0601   28.51296  -89.00044    123.900    105.178  267.08503  267.14058 1.2730e-01 1.1139e+01    403.262          1      64635    112.409    11.1869    11.1858    103.039   2693.083     1.5385     1.4615     4.9353     4.6032     0.0305     0.0696     1.5385          5  0.000e+00
      98.71     0.0537          5   3.976015     -1.190    -0.0906   28.51296  -89.00044    123.899    105.041  267.08499  267.14054 1.2730e-01 1.1139e+01    403.213          1      64636    112.406    11.1869    11.1859    103.038   2693.125     1.5385     1.4603     4.9353     4.6056     0.0305     0.0684     1.5385          5  0.000e+00
      98.71     0.0516          5   3.976015      1.191    -0.0906   28.51296  -89.00044    123.900    105.177  267.08437  267.13990 1.2730e-01 1.1139e+01    403.262          1      64637    112.424    11.1871    11.1862    103.055   2693.167     1.5385     1.4615     4.9353     4.6081     0.0305     0.0684     1.5385          5  0.000e+00
      98.71     0.0516          5   3.976036     -1.190    -0.0601   28.51296  -89.00044    123.753    105.177  267.08510  267.14066 1.2730e-01 1.1139e+01    403.213          1      64638    112.380    11.1868    11.1860    103.011   2693.208     1.5372     1.4615     4.9353     4.6081     0.0305     0.0696     1.5372          5  0.000e+00
      98.71     0.0516          5   3.976049      1.191    -0.0906   28.51296  -89.00044    123.753    105.042  267.08439  267.13994 1.2730e-01 1.1139e+01    403.262          1      64639    112.384    11.1869    11.1861    103.014   2693.250     1.5372     1.4603     4.9353     4.6081     0.0305     0.0684     1.5372          5  0.000e+00
      98.71     0.0516          5   3.976049     -1.190    -0.0906   28.51296  -89.00044    124.046    105.042  267.08485  267.14041 1.2730e-01 1.1139e+01    403.213          1      64640    112.370    11.1868    11.1858    103.001   2693.292     1.5397     1.4603     4.9353     4.6081     0.0305     0.0684     1.5397          5  0.000e+00
      98.71     0.0516          5   3.976022      0.681    -0.0601   28.51296  -89.00044    123.900    105.042  267.08604  267.14162 1.2730e-01 1.1138e+01    403.241          1      64641    112.376    11.1866    11.1859    103.007   2693.333     1.5385     1.4603     4.9353     4.6081     0.0305     0.0696     1.5385          5  0.000e+00
