tests/data/CTD/g01l01s02.ros
* Sea-Bird SBE 9 Data File:
* FileName = D:\CTD DATA\2013\PE13-01 DiMarco\G01L01S02.hex
* Software Version Seasave V 7.21g
* Temperature SN = 4515
* Conductivity SN = 3079
* Number of Bytes Per Scan = 40
* Number of Voltage Words = 5
* Number of Scans Averaged by the Deck Unit = 1
* NMEA Latitude = 28 00.00 N
* NMEA Longitude = 089 15.03 W
* NMEA UTC (Time) = Jul 10 2012  23:05:44
* NMEA baud rate = 4800
# nquan = 31
# nvalues = 588                                   
# units = specified
# name 0 = altM: Altimeter [m]
# name 1 = bat: Beam Attenuation, Chelsea/Seatech [1/m]
# name 2 = bpos: Bottle Position in Carousel
# name 3 = c0S/m: Conductivity [S/m]
# name 4 = dz/dtM: Descent Rate [m/s]
# name 5 = wetCDOM: Fluorescence, WET Labs CDOM [mg/m^3]
# name 6 = latitude: Latitude [deg]
# name 7 = longitude: Longitude [deg]
# name 8 = sbeox0Mm/Kg: Oxygen, SBE 43 [umol/kg]
# name 9 = sbeox1Mm/Kg: Oxygen, SBE 43, 2 [umol/kg]
# name 10 = oxsolMm/Kg: Oxygen Saturation, Garcia & Gordon [umol/kg]
# name 11 = oxsatMm/Kg: Oxygen Saturation, Weiss [umol/kg]
# name 12 = par: PAR/Irradiance, Biospherical/Licor
# name 13 = pla: Plume Anomaly
# name 14 = prDM: Pressure, Digiquartz [db]
# name 15 = pumps: Pump Status
# name 16 = scan: Scan Count
# name 17 = sva: Specific Volume Anomaly [10^-8 * m^3/kg]
# name 18 = t090C: Temperature [ITS-90, deg C]
# name 19 = t190C: Temperature, 2 [ITS-90, deg C]
# name 20 = tsa: Thermosteric Anomaly [10^-8 * m^3/kg]
# name 21 = timeS: Time, Elapsed [seconds]
# name 22 = v0: Voltage 0
# name 23 = v1: Voltage 1
# name 24 = v2: Voltage 2
# name 25 = v3: Voltage 3
# name 26 = v4: Voltage 4
# name 27 = v5: Voltage 5
# name 28 = sbeox0V: Oxygen raw, SBE 43 [V]
# name 29 = nbf: Bottles Fired
# name 30 = flag:  0.000e+00
# interval = seconds: 0.0416667
# start_time = Jul 10 2012 23:05:44 [NMEA time, header]
# bad_flag = -9.990e-29
*END*
[from data line 468]
      98.58     0.0986         10   5.007575     -1.352     3.2977   27.99190  -89.25124    155.696    134.525  222.26547  221.84404 2.4781e-01 2.0230e+01    101.473          1     117757    216.672    20.2445    20.2483    213.162   4906.500     2.1294     2.0171     4.9292     4.5543     0.3175     0.2039     2.1294         10  0.000e+00
      98.61     0.0975         10   5.007493      1.353     3.2977   27.99190  -89.25124    155.583    134.525  222.27030  221.84892 2.4711e-01 2.0229e+01    101.529          1     117758    216.600    20.2430    20.2489    213.088   4906.542     2.1282     2.0171     4.9304     4.5556     0.3162     0.2039     2.1282         10  0.000e+00
      98.61     0.0975         10   5.007463      0.339     3.2977   27.99190  -89.25124    155.701    134.524  222.27160  221.85023 2.4781e-01 2.0228e+01    101.543          1     117759    216.588    20.2427    20.2496    213.075   4906.583     2.1294     2.0171     4.9304     4.5556     0.3175     0.2039     2.1294         10  0.000e+00
      98.61     0.0986         10   5.007381     -0.338     3.2977   27.99190  -89.25124    155.586    134.522  222.27495  221.85361 2.4781e-01 2.0228e+01    101.529          1     117760    216.559    20.2418    20.2503    213.046   4906.625     2.1282     2.0171     4.9304     4.5543     0.3175     0.2039     2.1282         10  0.000e+00
      98.61     0.0986         10   5.007202     -1.352     3.2977   27.99190  -89.25124    155.591    134.631  222.28327  221.86201 2.4852e-01 2.0225e+01    101.473          1     117761    216.459    20.2395    20.2499    212.949   4906.667     2.1282     2.0183     4.9304     4.5543     0.3187     0.2039     2.1282         10  0.000e+00
      98.61     0.0975         10   5.007091      2.537     3.2672   27.99190  -89.25124    155.597    134.635  222.28942  221.86821 2.4852e-01 2.0224e+01    101.578          1     117762    216.378    20.2378    20.2494    212.864   4906.708     2.1282     2.0183     4.9304     4.5556     0.3187     0.2027     2.1282         10  0.000e+00
      98.61     0.0975         10   5.006964     -2.536     3.3282   27.99190  -89.25124    155.597    134.528  222.29235  221.87115 2.4781e-01 2.0223e+01    101.473          1     117763    216.399    20.2373    20.2480    212.889   4906.750     2.1282     2.0171     4.9304     4.5556     0.3175     0.2051     2.1282         10  0.000e+00
      98.61     0.0975         10   5.007001      2.537     3.2977   27.99190  -89.25124    155.600    134.643  222.29247  221.87128 2.4711e-01 2.0223e+01    101.578          1     117764    216.367    20.2371    20.2457    212.853   4906.792     2.1282     2.0183     4.9304     4.5556     0.3162     0.2039     2.1282         10  0.000e+00
      98.61     0.0975         10   5.007113     -2.536     3.2977   27.99190  -89.25124    155.595    134.534  222.28817  221.86695 2.4711e-01 2.0224e+01    101.473          1     117765    216.388    20.2381    20.2445    212.878   4906.833     2.1282     2.0171     4.9304     4.5556     0.3162     0.2039     2.1282         10  0.000e+00
      98.61     0.0964         10   5.007277      1.353     3.2977   27.99190  -89.25124    155.592    134.535  222.28291  221.86166 2.4781e-01 2.0225e+01    101.529          1     117766    216.402    20.2393    20.2443    212.889   4906.875     2.1282     2.0171     4.9304     4.5568     0.3175     0.2039     2.1282         10  0.000e+00
      98.61     0.0975         10   5.007351      0.001     3.2977   27.99190  -89.25124    155.472    134.535  222.27861  221.85731 2.4922e-01 2.0226e+01    101.529          1     117767    216.469    20.2406    20.2443    212.956   4906.917     2.1270     2.0171     4.9304     4.5556     0.3199     0.2039     2.1270         10  0.000e+00
      98.61     0.0986         10   5.007478     -1.014     3.2977   27.99190  -89.25124    155.467    134.532  222.27283  221.85148 2.4922e-01 2.0228e+01    101.487          1     117768    216.529    20.2422    20.2453    213.018   4906.958     2.1270     2.0171     4.9304     4.5543     0.3199     0.2039     2.1270         10  0.000e+00
      98.61     0.0975         10   5.007590      1.015     3.2977   27.99190  -89.25124    155.464    134.531  222.26779  221.84640 2.4711e-01 2.0229e+01    101.529          1     117769    216.586    20.2435    20.2459    213.074   4907.000     2.1270     2.0171     4.9304     4.5556     0.3162     0.2039     2.1270         10  0.000e+00
      98.61     0.0975         10   5.007642      0.001     3.2977   27.99190  -89.25124    155.463    134.427  222.26654  221.84514 2.4296e-01 2.0230e+01    101.529          1     117770    216.576    20.2438    20.2441    213.063   4907.042     2.1270     2.0159     4.9304     4.5556     0.3089     0.2039     2.1270         10  0.000e+00
      98.61     0.0975         10   5.007657     -1.352     3.2977   27.99190  -89.25124    155.461    134.435  222.26489  221.84347 2.4159e-01 2.0230e+01    101.473          1     117771    216.610    20.2443    20.2401    213.100   4907.083     2.1270     2.0159     4.9304     4.5556     0.3065     0.2039     2.1270         10  0.000e+00
      98.61     0.0975         10   5.007694      0.001     3.2977   27.99190  -89.25124    155.460    134.440  222.26258  221.84114 2.4022e-01 2.0231e+01    101.473          1     117772    216.649    20.2450    20.2376    213.138   4907.125     2.1270     2.0159     4.9304     4.5556     0.3040     0.2039     2.1270         10  0.000e+00
      98.61     0.0975         10   5.007694      2.537     3.2977   27.99190  -89.25124    155.462    134.441  222.26367  221.84224 2.3551e-01 2.0230e+01    101.579          1     117773    216.622    20.2446    20.2380    213.107   4907.167     2.1270     2.0159     4.9304     4.5556     0.2955     0.2039     2.1270         10  0.000e+00
      98.61     0.0975         10   5.007731     -2.536     3.2977   27.99190  -89.25124    155.459    134.439  222.26161  221.84017 2.3419e-01 2.0231e+01    101.473          1     117774    216.643    20.2452    20.2380    213.133   4907.208     2.1270     2.0159     4.9304     4.5556     0.2930     0.2039     2.1270         10  0.000e+00
      98.61     0.0986         10   5.007739      0.001     3.2977   27.99190  -89.25124    155.458    134.435  222.26060  221.83914 2.3352e-01 2.0231e+01    101.473          1     117775    216.669    20.2455    20.2392    213.159   4907.250     2.1270     2.0159     4.9304     4.5543     0.2918     0.2039     2.1270         10  0.000e+00
      98.61     0.0975         10   5.007806      1.691     3.2977   27.99190  -89.25124    155.341    134.428  222.25838  221.83691 2.3024e-01 2.0232e+01    101.544          1     117776    216.681    20.2461    20.2427    213.168   4907.292     2.1258     2.0159     4.9304     4.5556     0.2857     0.2039     2.1258         10  0.000e+00
      98.61     0.0975         10   5.007858     -0.338     3.2977   27.99190  -89.25124    155.340    134.422  222.25692  221.83543 2.2959e-01 2.0232e+01    101.529          1     117777    216.676    20.2464    20.2455    213.163   4907.333     2.1258     2.0159     4.9304     4.5556     0.2845     0.2039     2.1258         10  0.000e+00
      98.61     0.0986         10   5.007895     -1.352     3.2977   27.99190  -89.25124    155.454    134.306  222.25448  221.83297 2.2959e-01 2.0233e+01    101.473          1     117778    216.714    20.2471    20.2478    213.204   4907.375     2.1270     2.0147     4.9304     4.5543     0.2845     0.2039     2.1270         10  0.000e+00
      98.56     0.1233         11   5.502629     -0.675     2.4430   27.99198  -89.25110    219.613    192.517  204.80329  204.29276 4.2749e+00 2.5020e+01     49.494          1     121322    353.292    25.0251    25.0196    351.498   5055.042     3.0061     2.8474     4.9280     4.5263     1.5519     0.1697     3.0061         11  0.000e+00
      98.58     0.1244         11   5.502675      0.000     2.4735   27.99198  -89.25110    219.611    192.614  204.80073  204.29020 4.2749e+00 2.5021e+01     49.494          1     121323    353.345    25.0260    25.0214    351.551   5055.083     3.0061     2.8486     4.9292     4.5250     1.5519     0.1709     3.0061         11  0.000e+00
      98.56     0.1244         11   5.502993     -0.506     2.4735   27.99198  -89.25110    219.706    192.624  204.79014  204.27959 4.2749e+00 2.5024e+01     49.473          1     121324    353.450    25.0292    25.0180    351.657   5055.125     3.0073     2.8486     4.9280     4.5250     1.5519     0.1709     3.0073         11  0.000e+00
      98.56     0.1244         11   5.503287      0.507     2.4735   27.99198  -89.25110    219.697    192.629  204.78105  204.27048 4.2870e+00 2.5027e+01     49.494          1     121325    353.524    25.0318    25.0164    351.730   5055.167     3.0073     2.8486     4.9280     4.5250     1.5531     0.1709     3.0073         11  0.000e+00
      98.58     0.1233         11   5.503504     -1.182     2.4735   27.99198  -89.25110    219.686    192.731  204.77168  204.26109 4.2749e+00 2.5030e+01     49.445          1     121326    353.673    25.0349    25.0155    351.881   5055.208     3.0073     2.8498     4.9292     4.5263     1.5519     0.1709     3.0073         11  0.000e+00
      98.56     0.1244         11   5.503590      1.859     2.4735   27.99198  -89.25110    219.684    192.733  204.76820  204.25760 4.2749e+00 2.5031e+01     49.523          1     121327    353.732    25.0360    25.0148    351.937   5055.250     3.0073     2.8498     4.9280     4.5250     1.5519     0.1709     3.0073         11  0.000e+00
      98.58     0.1233         11   5.503706     -1.858     2.4430   27.99198  -89.25110    219.678    192.814  204.76459  204.25399 4.2749e+00 2.5032e+01     49.445          1     121328    353.755    25.0371    25.0196    351.963   5055.292     3.0073     2.8510     4.9292     4.5263     1.5519     0.1697     3.0073         11  0.000e+00
      98.56     0.1244         11   5.504070      0.000     2.4430   27.99198  -89.25110    219.776    192.664  204.75590  204.24528 4.2870e+00 2.5034e+01     49.445          1     121329    353.750    25.0392    25.0370    351.957   5055.333     3.0085     2.8498     4.9280     4.5250     1.5531     0.1697     3.0085         11  0.000e+00
      98.58     0.1244         11   5.504434      0.676     2.4125   27.99198  -89.25110    219.657    192.728  204.74386  204.23323 4.2870e+00 2.5038e+01     49.473          1     121330    353.871    25.0428    25.0512    352.077   5055.375     3.0073     2.8510     4.9292     4.5250     1.5531     0.1685     3.0073         11  0.000e+00
      98.56     0.1244         11   5.504519     -0.675     2.3514   27.99198  -89.25110    219.653    192.619  204.74134  204.23070 4.2749e+00 2.5039e+01     49.445          1     121331    353.886    25.0436    25.0549    352.093   5055.417     3.0073     2.8498     4.9280     4.5250     1.5519     0.1661     3.0073         11  0.000e+00
      98.56     0.1244         11   5.504589      0.000     2.3514   27.99198  -89.25110    219.648    192.805  204.73638  204.22573 4.2749e+00 2.5041e+01     49.445          1     121332    354.007    25.0454    25.0593    352.215   5055.458     3.0073     2.8523     4.9280     4.5250     1.5519     0.1661     3.0073         11  0.000e+00
      98.58     0.1233         11   5.504760      0.676     2.3514   27.99198  -89.25110    219.641    192.784  204.72877  204.21810 4.2749e+00 2.5043e+01     49.473          1     121333    354.139    25.0479    25.0669    352.345   5055.500     3.0073     2.8523     4.9292     4.5263     1.5519     0.1661     3.0073         11  0.000e+00
      98.56     0.1233         11   5.505101      0.507     2.3819   27.99198  -89.25110    219.738    192.796  204.71906  204.20837 4.2749e+00 2.5046e+01     49.495          1     121334    354.194    25.0506    25.0629    352.399   5055.542     3.0085     2.8523     4.9280     4.5263     1.5519     0.1673     3.0085         11  0.000e+00
      98.58     0.1233         11   5.505372     -1.182     2.3819   27.99198  -89.25110    219.728    192.815  204.71084  204.20015 4.2749e+00 2.5048e+01     49.445          1     121335    354.251    25.0530    25.0540    352.458   5055.583     3.0085     2.8523     4.9292     4.5263     1.5519     0.1673     3.0085         11  0.000e+00
      98.58     0.1233         11   5.505535     -1.351     2.3514   27.99198  -89.25110    219.718    192.808  204.70336  204.19264 4.2749e+00 2.5051e+01     49.389          1     121336    354.378    25.0555    25.0569    352.588   5055.625     3.0085     2.8523     4.9292     4.5263     1.5519     0.1661     3.0085         11  0.000e+00
      98.58     0.1233         11   5.505550      2.028     2.3514   27.99198  -89.25110    219.717    192.801  204.70014  204.18942 4.2749e+00 2.5052e+01     49.474          1     121337    354.491    25.0568    25.0611    352.697   5055.667     3.0085     2.8523     4.9292     4.5263     1.5519     0.1661     3.0085         11  0.000e+00
      98.56     0.1233         11   5.505496     -0.675     2.3514   27.99198  -89.25110    219.720    192.797  204.70326  204.19254 4.2749e+00 2.5051e+01     49.445          1     121338    354.422    25.0557    25.0625    352.629   5055.708     3.0085     2.8523     4.9280     4.5263     1.5519     0.1661     3.0085         11  0.000e+00
      98.56     0.1233         11   5.505341      0.000     2.3819   27.99198  -89.25110    219.723    192.799  204.70571  204.19498 4.2749e+00 2.5051e+01     49.445          1     121339    354.471    25.0553    25.0611    352.678   5055.750     3.0085     2.8523     4.9280     4.5263     1.5519     0.1673     3.0085         11  0.000e+00
      98.56     0.1233         11   5.505225     -0.675     2.3514   27.99198  -89.25110    219.731    192.797  204.71479  204.20410 4.2749e+00 2.5047e+01     49.417          1     121340    354.235    25.0519    25.0606    352.443   5055.792     3.0085     2.8523     4.9280     4.5263     1.5519     0.1661     3.0085         11  0.000e+00
      98.58     0.1233         11   5.505318      1.859     2.3514   27.99198  -89.25110    219.732    192.784  204.71357  204.20288 4.2749e+00 2.5047e+01     49.495          1     121341    354.202    25.0521    25.0659    352.408   5055.833     3.0085     2.8523     4.9292     4.5263     1.5519     0.1661     3.0085         11  0.000e+00
      98.56     0.1233         11   5.505620     -2.533     2.3514   27.99198  -89.25110    219.718    192.782  204.70244  204.19172 4.2629e+00 2.5051e+01     49.389          1     121342    354.336    25.0555    25.0674    352.545   5055.875     3.0085     2.8523     4.9280     4.5263     1.5507     0.1661     3.0085         11  0.000e+00
      98.56     0.1233         11   5.505914      2.027     2.3819   27.99198  -89.25110    219.708    192.818  204.69162  204.18089 4.2870e+00 2.5054e+01     49.474          1     121343    354.479    25.0589    25.0549    352.685   5055.917     3.0085     2.8523     4.9280     4.5263     1.5531     0.1673     3.0085         11  0.000e+00
      98.58     0.1233         11   5.505922     -0.675     2.3819   27.99198  -89.25110    219.705    192.847  204.68969  204.17895 4.2870e+00 2.5055e+01     49.445          1     121344    354.542    25.0597    25.0438    352.749   5055.958     3.0085     2.8523     4.9292     4.5263     1.5531     0.1673     3.0085         11  0.000e+00
      98.58     0.1233         11   5.505930      0.000     2.3514   27.99198  -89.25110    219.706    192.758  204.68978  204.17904 4.2629e+00 2.5055e+01     49.446          1     121345    354.532    25.0596    25.0401    352.739   5056.000     3.0085     2.8510     4.9292     4.5263     1.5507     0.1661     3.0085         11  0.000e+00
