tests/data/CTD/g01l03s04.ros
* Sea-Bird SBE 9 Data File:
* FileName = D:\CTD DATA\2013\PE13-01 DiMarco\G01L03S04.hex
* Software Version Seasave V 7.21g
* Temperature SN = 4515
* Conductivity SN = 3079
* Number of Bytes Per Scan = 40
* Number of Voltage Words = 5
* Number of Scans Averaged by the Deck Unit = 1
* NMEA Latitude = 27 58.92 N
* NMEA Longitude = 088 45.18 W
* NMEA UTC (Time) = Jul 08 2012  05:48:18
* NMEA baud rate = 4800
# nquan = 31
# nvalues = 588                                   
# units = specified
# name 0 = altM: Altimeter [m]
# name 1 = bat: Beam Attenuation, Chelsea/Seatech [1/m]
# name 2 = bpos: Bottle Position in Carousel
# name 3 = c0S/m: Conductivity [S/m]
# name 4 = dz/dtM: Descent Rate [m/s]
# name 5 = wetCDOM: Fluorescence, WET Labs CDOM [mg/m^3]
# name 6 = latitude: Latitude [deg]
# name 7 = longitude: Longitude [deg]
# name 8 = sbeox0Mm/Kg: Oxygen, SBE 43 [umol/kg]
# name 9 = sbeox1Mm/Kg: Oxygen, SBE 43, 2 [umol/kg]
# name 10 = oxsolMm/Kg: Oxygen Saturation, Garcia & Gordon [umol/kg]
# name 11 = oxsatMm/Kg: Oxygen Saturation, Weiss [umol/kg]
# name 12 = par: PAR/Irradiance, Biospherical/Licor
# name 13 = pla: Plume Anomaly
# name 14 = prDM: Pressure, Digiquartz [db]
# name 15 = pumps: Pump Status
# name 16 = scan: Scan Count
# name 17 = sva: Specific Volume Anomaly [10^-8 * m^3/kg]
# name 18 = t090C: Temperature [ITS-90, deg C]
# name 19 = t190C: Temperature, 2 [ITS-90, deg C]
# name 20 = tsa: Thermosteric Anomaly [10^-8 * m^3/kg]
# name 21 = timeS: Time, Elapsed [seconds]
# name 22 = v0: Voltage 0
# name 23 = v1: Voltage 1
# name 24 = v2: Voltage 2
# name 25 = v3: Voltage 3
# name 26 = v4: Voltage 4
# name 27 = v5: Voltage 5
# name 28 = sbeox0V: Oxygen raw, SBE 43 [V]
# name 29 = nbf: Bottles Fired
# name 30 = flag:  0.000e+00
# interval = seconds: 0.0416667
# start_time = Jul 08 2012 05:48:18 [NMEA time, header]
# bad_flag = -9.990e-29
*END*
[from data line 562]
      98.58     0.0750         12   5.969481     -1.012    -1.8000   27.98778  -88.76944    198.579    176.223  190.21434  189.74139 1.1856e-01 2.9735e+01      1.279          1     180925    518.939    29.7283    29.7277    519.089   7538.500     2.9536     2.8132     4.9292     4.5812     0.0000     0.0000     2.9536         12  0.000e+00
      98.58     0.0750         12   5.969489     -0.169    -1.8000   27.98778  -88.76944    198.579    176.223  190.21435  189.74139 1.1856e-01 2.9735e+01      1.271          1     180926    518.932    29.7282    29.7279    519.082   7538.542     2.9536     2.8132     4.9292     4.5812     0.0000     0.0000     2.9536         12  0.000e+00
      98.58     0.0750         12   5.969514      0.169    -1.8000   27.98778  -88.76944    198.678    176.316  190.21415  189.74120 1.1856e-01 2.9735e+01      1.279          1     180927    518.921    29.7282    29.7281    519.070   7538.583     2.9548     2.8144     4.9292     4.5812     0.0000     0.0000     2.9548         12  0.000e+00
      98.56     0.0761         12   5.969522     -0.169    -1.8000   27.98778  -88.76944    198.678    176.316  190.21437  189.74141 1.1856e-01 2.9735e+01      1.271          1     180928    518.905    29.7281    29.7281    519.055   7538.625     2.9548     2.8144     4.9280     4.5800     0.0000     0.0000     2.9548         12  0.000e+00
      98.56     0.0761         12   5.969522     -1.013    -1.8000   27.98778  -88.76944    198.776    176.408  190.21442  189.74146 1.1856e-01 2.9735e+01      1.229          1     180929    518.899    29.7281    29.7284    519.051   7538.667     2.9560     2.8156     4.9280     4.5800     0.0000     0.0000     2.9560         12  0.000e+00
      98.58     0.0761         12   5.969522      1.013    -1.8000   27.98778  -88.76944    198.776    176.410  190.21402  189.74106 1.1856e-01 2.9735e+01      1.271          1     180930    518.919    29.7283    29.7281    519.069   7538.708     2.9560     2.8156     4.9292     4.5800     0.0000     0.0000     2.9560         12  0.000e+00
      98.56     0.0761         12   5.969409      0.169    -1.8000   27.98778  -88.76944    198.679    176.410  190.21535  189.74239 1.1856e-01 2.9735e+01      1.279          1     180931    518.957    29.7281    29.7281    519.107   7538.750     2.9548     2.8156     4.9280     4.5800     0.0000     0.0000     2.9548         12  0.000e+00
      98.58     0.0761         12   5.969449     -1.350    -1.8000   27.98780  -88.76946    198.777    176.502  190.21536  189.74239 1.1856e-01 2.9735e+01      1.222          1     180932    518.920    29.7279    29.7282    519.072   7538.792     2.9560     2.8168     4.9292     4.5800     0.0000     0.0000     2.9560         12  0.000e+00
      98.58     0.0750         12   5.969449      1.350    -1.8000   27.98780  -88.76946    198.778    176.503  190.21545  189.74248 1.1856e-01 2.9735e+01      1.279          1     180933    518.920    29.7279    29.7282    519.070   7538.833     2.9560     2.8168     4.9292     4.5812     0.0000     0.0000     2.9560         12  0.000e+00
      98.58     0.0750         12   5.969497     -1.350    -1.8000   27.98780  -88.76946    198.776    176.596  190.21504  189.74207 1.1856e-01 2.9735e+01      1.222          1     180934    518.893    29.7279    29.7282    519.045   7538.875     2.9560     2.8181     4.9292     4.5812     0.0000     0.0000     2.9560         12  0.000e+00
      98.56     0.0761         12   5.969522      0.169    -1.8000   27.98780  -88.76946    198.777    176.596  190.21512  189.74216 1.1856e-01 2.9735e+01      1.229          1     180935    518.870    29.7277    29.7282    519.022   7538.917     2.9560     2.8181     4.9280     4.5800     0.0000     0.0000     2.9560         12  0.000e+00
      98.56     0.0761         12   5.969481      1.013    -1.8000   27.98780  -88.76946    198.778    176.690  190.21518  189.74222 1.1856e-01 2.9735e+01      1.271          1     180936    518.904    29.7279    29.7284    519.054   7538.958     2.9560     2.8193     4.9280     4.5800     0.0000     0.0000     2.9560         12  0.000e+00
      98.58     0.0761         12   5.969506     -1.013    -1.8000   27.98780  -88.76946    198.777    176.689  190.21525  189.74229 1.1856e-01 2.9735e+01      1.229          1     180937    518.878    29.7277    29.7283    519.030   7539.000     2.9560     2.8193     4.9292     4.5800     0.0000     0.0000     2.9560         12  0.000e+00
      98.58     0.0750         12   5.969522      0.000    -1.8000   27.98780  -88.76946    198.875    176.783  190.21484  189.74188 1.1856e-01 2.9735e+01      1.229          1     180938    518.882    29.7279    29.7282    519.033   7539.042     2.9573     2.8205     4.9292     4.5812     0.0000     0.0000     2.9573         12  0.000e+00
      98.56     0.0761         12   5.969538     -0.169    -1.8000   27.98780  -88.76946    198.875    176.783  190.21499  189.74203 1.1856e-01 2.9735e+01      1.222          1     180939    518.862    29.7277    29.7281    519.014   7539.083     2.9573     2.8205     4.9280     4.5800     0.0000     0.0000     2.9573         12  0.000e+00
      98.58     0.0750         12   5.969522      0.169    -1.8000   27.98780  -88.76946    198.875    176.784  190.21484  189.74188 1.1856e-01 2.9735e+01      1.229          1     180940    518.882    29.7279    29.7281    519.033   7539.125     2.9573     2.8205     4.9292     4.5812     0.0000     0.0000     2.9573         12  0.000e+00
      98.56     0.0761         12   5.969562     -0.168    -1.8000   27.98780  -88.76946    198.874    176.784  190.21409  189.74114 1.1856e-01 2.9735e+01      1.222          1     180941    518.879    29.7281    29.7279    519.031   7539.167     2.9573     2.8205     4.9280     4.5800     0.0000     0.0000     2.9573         12  0.000e+00
      98.56     0.0761         12   5.969498      1.350    -1.8000   27.98780  -88.76946    198.778    176.878  190.21498  189.74202 1.1856e-01 2.9735e+01      1.279          1     180942    518.900    29.7279    29.7281    519.049   7539.208     2.9560     2.8217     4.9280     4.5800     0.0000     0.0000     2.9560         12  0.000e+00
      98.56     0.0761         12   5.969433     -1.350    -1.8000   27.98780  -88.76946    198.776    176.877  190.21514  189.74218 1.1856e-01 2.9735e+01      1.222          1     180943    518.942    29.7281    29.7281    519.094   7539.250     2.9560     2.8217     4.9280     4.5800     0.0000     0.0000     2.9560         12  0.000e+00
      98.58     0.0750         12   5.969457      0.169    -1.8000   27.98780  -88.76946    198.776    176.877  190.21487  189.74191 1.1856e-01 2.9735e+01      1.229          1     180944    518.934    29.7281    29.7279    519.085   7539.292     2.9560     2.8217     4.9292     4.5812     0.0000     0.0000     2.9560         12  0.000e+00
      98.58     0.0750         12   5.969473     -0.169    -1.8000   27.98780  -88.76946    198.876    176.878  190.21523  189.74227 1.1856e-01 2.9735e+01      1.222          1     180945    518.905    29.7279    29.7273    519.057   7539.333     2.9573     2.8217     4.9292     4.5812     0.0000     0.0000     2.9573         12  0.000e+00
      98.56     0.0761         12   5.969417      0.169    -1.8000   27.98780  -88.76946    198.777    176.879  190.21520  189.74224 1.1856e-01 2.9735e+01      1.229          1     180946    518.953    29.7281    29.7271    519.105   7539.375     2.9560     2.8217     4.9280     4.5800     0.0000     0.0000     2.9560         12  0.000e+00
      98.58     0.0772         12   5.969417      1.013    -1.8000   27.98780  -88.76946    198.876    176.879  190.21493  189.74197 1.1856e-01 2.9735e+01      1.272          1     180947    518.968    29.7282    29.7275    519.117   7539.417     2.9573     2.8217     4.9292     4.5788     0.0000     0.0000     2.9573         12  0.000e+00
      98.58     0.0793         12   5.969497     -1.013    -1.8000   27.98780  -88.76946    198.875    176.785  190.21427  189.74131 1.1856e-01 2.9735e+01      1.229          1     180948    518.926    29.7282    29.7275    519.077   7539.458     2.9573     2.8205     4.9292     4.5763     0.0000     0.0000     2.9573         12  0.000e+00
      98.56     0.0814         12   5.969481      1.013    -1.8000   27.98780  -88.76946    198.876    176.785  190.21434  189.74139 1.1856e-01 2.9735e+01      1.272          1     180949    518.939    29.7283    29.7277    519.089   7539.500     2.9573     2.8205     4.9280     4.5739     0.0000     0.0000     2.9573         12  0.000e+00
      98.56     0.0804         12   5.969473     -1.012    -1.8000   27.98780  -88.76946    198.974    176.783  190.21481  189.74185 1.1856e-01 2.9735e+01      1.229          1     180950    518.923    29.7281    29.7279    519.074   7539.542     2.9585     2.8205     4.9280     4.5751     0.0000     0.0000     2.9585         12  0.000e+00
