tests/data/CTD/g01l06s03.ros
* Sea-Bird SBE 9 Data File:
* FileName = D:\CTD DATA\2013\PE13-01 DiMarco\G01L06s03.hex
* Software Version Seasave V 7.21g
* Temperature SN = 4515
* Conductivity SN = 3079
* Number of Bytes Per Scan = 40
* Number of Voltage Words = 5
* Number of Scans Averaged by the Deck Unit = 1
* NMEA Latitude = 28 14.96 N
* NMEA Longitude = 087 59.94 W
* NMEA UTC (Time) = Jul 07 2012  12:07:36
* NMEA baud rate = 4800
# nquan = 31
# nvalues = 588                                   
# units = specified
# name 0 = altM: Altimeter [m]
# name 1 = bat: Beam Attenuation, Chelsea/Seatech [1/m]
# name 2 = bpos: Bottle Position in Carousel
# name 3 = c0S/m: Conductivity [S/m]
# name 4 = dz/dtM: Descent Rate [m/s]
# name 5 = wetCDOM: Fluorescence, WET Labs CDOM [mg/m^3]
# name 6 = latitude: Latitude [deg]
# name 7 = longitude: Longitude [deg]
# name 8 = sbeox0Mm/Kg: Oxygen, SBE 43 [umol/kg]
# name 9 = sbeox1Mm/Kg: Oxygen, SBE 43, 2 [umol/kg]
# name 10 = oxsolMm/Kg: Oxygen Saturation, Garcia & Gordon [umol/kg]
# name 11 = oxsatMm/Kg: Oxygen Saturation, Weiss [umol/kg]
# name 12 = par: PAR/Irradiance, Biospherical/Licor
# name 13 = pla: Plume Anomaly
# name 14 = prDM: Pressure, Digiquartz [db]
# name 15 = pumps: Pump Status
# name 16 = scan: Scan Count
# name 17 = sva: Specific Volume Anomaly [10^-8 * m^3/kg]
# name 18 = t090C: Temperature [ITS-90, deg C]
# name 19 = t190C: Temperature, 2 [ITS-90, deg C]
# name 20 = tsa: Thermosteric Anomaly [10^-8 * m^3/kg]
# name 21 = timeS: Time, Elapsed [seconds]
# name 22 = v0: Voltage 0
# name 23 = v1: Voltage 1
# name 24 = v2: Voltage 2
# name 25 = v3: Voltage 3
# name 26 = v4: Voltage 4
# name 27 = v5: Voltage 5
# name 28 = sbeox0V: Oxygen raw, SBE 43 [V]
# name 29 = nbf: Bottles Fired
# name 30 = flag:  0.000e+00
# interval = seconds: 0.0416667
# start_time = Jul 07 2012 12:07:36 [NMEA time, header]
# bad_flag = -9.990e-29
*END*
[from data line 141]
      98.68     0.0379          3   3.357875      0.699    -1.8000   28.23890  -87.98260    217.361    184.248  312.69944  313.48239 1.1856e-01 4.1343e+00   1819.443          1     138825     53.394     4.2872     4.2858     35.545   5784.333     1.7827     1.6838     4.9341     4.6239     0.0000     0.0000     1.7827          3  0.000e+00
      98.66     0.0379          3   3.357894      0.699    -1.8000   28.23890  -87.98260    217.361    184.056  312.69847  313.48140 1.1856e-01 4.1344e+00   1819.472          1     138826     53.388     4.2873     4.2860     35.537   5784.375     1.7827     1.6825     4.9328     4.6239     0.0000     0.0000     1.7827          3  0.000e+00
      98.66     0.0379          3   3.357888     -1.396    -1.8000   28.23890  -87.98260    217.359    184.055  312.69833  313.48126 1.1856e-01 4.1345e+00   1819.414          1     138827     53.395     4.2874     4.2858     35.545   5784.417     1.7827     1.6825     4.9328     4.6239     0.0000     0.0000     1.7827          3  0.000e+00
      98.66     0.0379          3   3.357926      1.398    -1.8000   28.23890  -87.98260    217.361    184.057  312.69857  313.48155 1.1856e-01 4.1342e+00   1819.472          1     138828     53.343     4.2871     4.2858     35.493   5784.458     1.7827     1.6825     4.9328     4.6239     0.0000     0.0000     1.7827          3  0.000e+00
      98.68     0.0379          3   3.357862     -1.396    -1.8000   28.23890  -87.98260    217.360    184.055  312.69927  313.48220 1.1856e-01 4.1344e+00   1819.414          1     138829     53.412     4.2873     4.2860     35.563   5784.500     1.7827     1.6825     4.9341     4.6239     0.0000     0.0000     1.7827          3  0.000e+00
      98.66     0.0379          3   3.357919      1.398    -1.8000   28.23890  -87.98260    217.568    184.057  312.69753  313.48047 1.1856e-01 4.1345e+00   1819.472          1     138830     53.370     4.2874     4.2858     35.520   5784.542     1.7839     1.6825     4.9328     4.6239     0.0000     0.0000     1.7839          3  0.000e+00
      98.66     0.0379          4   3.351644     -1.391    -1.8000   28.23806  -87.98142    214.998    182.320  312.51416  313.29349 1.1856e-01 4.1790e+00   1615.925          1     146558     51.955     4.3126     4.3114     35.942   6106.542     1.8034     1.7033     4.9328     4.6239     0.0000     0.0000     1.8034          4  0.000e+00
      98.66     0.0379          4   3.351631     -1.391    -1.8000   28.23806  -87.98142    214.997    182.506  312.51493  313.29427 1.1856e-01 4.1789e+00   1615.867          1     146559     51.955     4.3125     4.3112     35.942   6106.583     1.8034     1.7045     4.9328     4.6239     0.0000     0.0000     1.8034          4  0.000e+00
      98.66     0.0368          4   3.351631      6.787    -1.8000   28.23806  -87.98142    215.005    182.512  312.51548  313.29483 1.1856e-01 4.1788e+00   1616.149          1     146560     51.963     4.3125     4.3114     35.948   6106.625     1.8034     1.7045     4.9328     4.6252     0.0000     0.0000     1.8034          4  0.000e+00
      98.66     0.0368          4   3.351644     -4.175    -1.8000   28.23806  -87.98142    215.000    182.509  312.51470  313.29405 1.1856e-01 4.1789e+00   1615.976          1     146561     51.949     4.3125     4.3112     35.935   6106.667     1.8034     1.7045     4.9328     4.6252     0.0000     0.0000     1.8034          4  0.000e+00
      98.68     0.0368          4   3.351593      1.393    -1.8000   28.23806  -87.98142    215.002    182.510  312.51639  313.29573 1.1856e-01 4.1789e+00   1616.034          1     146562     51.990     4.3125     4.3113     35.977   6106.708     1.8034     1.7045     4.9341     4.6252     0.0000     0.0000     1.8034          4  0.000e+00
      98.66     0.0368          4   3.351650     -2.435    -1.8000   28.23806  -87.98142    214.999    182.507  312.51521  313.29458 1.1856e-01 4.1788e+00   1615.932          1     146563     51.928     4.3124     4.3114     35.915   6106.750     1.8034     1.7045     4.9328     4.6252     0.0000     0.0000     1.8034          4  0.000e+00
      98.66     0.0368          4   3.351644      2.437    -1.8000   28.23804  -87.98142    215.001    182.322  312.51428  313.29361 1.1856e-01 4.1790e+00   1616.034          1     146564     51.960     4.3126     4.3113     35.946   6106.792     1.8034     1.7033     4.9328     4.6252     0.0000     0.0000     1.8034          4  0.000e+00
      98.66     0.0379          4   3.351644     -1.391    -1.8000   28.23804  -87.98142    215.000    182.508  312.51470  313.29405 1.1856e-01 4.1789e+00   1615.976          1     146565     51.949     4.3125     4.3114     35.935   6106.833     1.8034     1.7045     4.9328     4.6239     0.0000     0.0000     1.8034          4  0.000e+00
      98.66     0.0368          4   3.351612      1.567    -1.8000   28.23804  -87.98142    215.002    182.511  312.51588  313.29522 1.1856e-01 4.1789e+00   1616.041          1     146566     51.974     4.3125     4.3111     35.961   6106.875     1.8034     1.7045     4.9328     4.6252     0.0000     0.0000     1.8034          4  0.000e+00
      98.66     0.0368          4   3.351612     -0.173    -1.8000   28.23804  -87.98142    215.001    182.510  312.51490  313.29421 1.1856e-01 4.1790e+00   1616.034          1     146567     51.991     4.3127     4.3113     35.978   6106.917     1.8034     1.7045     4.9328     4.6252     0.0000     0.0000     1.8034          4  0.000e+00
      98.66     0.0368          4   3.351631      0.001    -1.8000   28.23804  -87.98142    215.001    182.509  312.51463  313.29395 1.1856e-01 4.1790e+00   1616.034          1     146568     51.971     4.3126     4.3114     35.957   6106.958     1.8034     1.7045     4.9328     4.6252     0.0000     0.0000     1.8034          4  0.000e+00
      98.66     0.0379          4   3.351600     -1.217    -1.8000   28.23804  -87.98142    215.000    182.508  312.51544  313.29475 1.1856e-01 4.1790e+00   1615.983          1     146569     51.996     4.3126     4.3113     35.983   6107.000     1.8034     1.7045     4.9328     4.6239     0.0000     0.0000     1.8034          4  0.000e+00
      98.66     0.0368          4   3.351657      2.437    -1.8000   28.23804  -87.98142    215.204    182.511  312.51375  313.29307 1.1856e-01 4.1790e+00   1616.084          1     146570     51.956     4.3127     4.3114     35.941   6107.042     1.8046     1.7045     4.9328     4.6252     0.0000     0.0000     1.8046          4  0.000e+00
      98.66     0.0368          4   3.351644     -1.217    -1.8000   28.23804  -87.98142    215.002    182.510  312.51574  313.29511 1.1856e-01 4.1787e+00   1616.034          1     146571     51.934     4.3124     4.3112     35.920   6107.083     1.8034     1.7045     4.9328     4.6252     0.0000     0.0000     1.8034          4  0.000e+00
      98.66     0.0368          4   3.351619      0.175    -1.8000   28.23804  -87.98142    215.002    182.321  312.51547  313.29480 1.1856e-01 4.1789e+00   1616.041          1     146572     51.973     4.3125     4.3115     35.960   6107.125     1.8034     1.7033     4.9328     4.6252     0.0000     0.0000     1.8034          4  0.000e+00
      98.66     0.0368          4   3.351657     -0.173    -1.8000   28.23804  -87.98142    215.001    182.322  312.51393  313.29327 1.1856e-01 4.1790e+00   1616.034          1     146573     51.949     4.3126     4.3112     35.935   6107.167     1.8034     1.7033     4.9328     4.6252     0.0000     0.0000     1.8034          4  0.000e+00
      98.66     0.0368          4   3.351606      1.219    -1.8000   28.23804  -87.98142    215.205    182.323  312.51513  313.29444 1.1856e-01 4.1790e+00   1616.085          1     146574     51.999     4.3127     4.3114     35.985   6107.208     1.8046     1.7033     4.9328     4.6252     0.0000     0.0000     1.8046          4  0.000e+00
      98.66     0.0368          4   3.351625      0.175    -1.8000   28.23804  -87.98142    215.206    182.511  312.51559  313.29494 1.1856e-01 4.1788e+00   1616.092          1     146575     51.966     4.3125     4.3113     35.952   6107.250     1.8046     1.7045     4.9328     4.6252     0.0000     0.0000     1.8046          4  0.000e+00
      98.66     0.0368          4   3.351619     -1.391    -1.8000   28.23804  -87.98142    215.205    182.509  312.51619  313.29555 1.1856e-01 4.1788e+00   1616.034          1     146576     51.960     4.3124     4.3114     35.947   6107.292     1.8046     1.7045     4.9328     4.6252     0.0000     0.0000     1.8046          4  0.000e+00
      98.68     0.0368          4   3.351606      0.001    -1.8000   28.23804  -87.98142    215.204    182.323  312.51532  313.29463 1.1856e-01 4.1790e+00   1616.034          1     146577     51.992     4.3126     4.3112     35.979   6107.333     1.8046     1.7033     4.9341     4.6252     0.0000     0.0000     1.8046          4  0.000e+00
      98.66     0.0379          4   3.351612      2.785    -1.8000   28.23804  -87.98142    215.005    182.325  312.51576  313.29509 1.1856e-01 4.1789e+00   1616.150          1     146578     51.983     4.3125     4.3114     35.969   6107.375     1.8034     1.7033     4.9328     4.6239     0.0000     0.0000     1.8034          4  0.000e+00
      98.66     0.0379          4   3.351606     -2.783    -1.8000   28.23804  -87.98142    214.800    182.322  312.51605  313.29539 1.1856e-01 4.1789e+00   1616.034          1     146579     51.979     4.3125     4.3114     35.966   6107.417     1.8022     1.7033     4.9328     4.6239     0.0000     0.0000     1.8022          4  0.000e+00
      98.66     0.0379          4   3.351587      1.219    -1.8000   28.23804  -87.98142    215.003    182.323  312.51565  313.29495 1.1856e-01 4.1790e+00   1616.085          1     146580     52.015     4.3127     4.3115     36.002   6107.458     1.8034     1.7033     4.9328     4.6239     0.0000     0.0000     1.8034          4  0.000e+00
      98.66     0.0368          4   3.351644      0.175    -1.8000   28.23804  -87.98142    215.004    182.323  312.51580  313.29518 1.1856e-01 4.1787e+00   1616.092          1     146581     51.937     4.3124     4.3114     35.922   6107.500     1.8034     1.7033     4.9328     4.6252     0.0000     0.0000     1.8034          4  0.000e+00
      98.66     0.0379          4   3.351650     -0.173    -1.8000   28.23804  -87.98142    214.800    182.323  312.51465  313.29400 1.1856e-01 4.1789e+00   1616.085          1     146582     51.948     4.3125     4.3113     35.934   6107.542     1.8022     1.7033     4.9328     4.6239     0.0000     0.0000     1.8022          4  0.000e+00
      98.66     0.0368          4   3.351612      0.001    -1.8000   28.23804  -87.98142    215.004    182.323  312.51593  313.29527 1.1856e-01 4.1788e+00   1616.085          1     146583     51.976     4.3125     4.3114     35.963   6107.583     1.8034     1.7033     4.9328     4.6252     0.0000     0.0000     1.8034          4  0.000e+00
      98.66     0.0379          4   3.351612      1.567    -1.8000   28.23804  -87.98142    215.005    182.326  312.51576  313.29509 1.1856e-01 4.1789e+00   1616.150          1     146584     51.984     4.3125     4.3112     35.969   6107.625     1.8034     1.7033     4.9328     4.6239     0.0000     0.0000     1.8034          4  0.000e+00
      98.66     0.0368          4   3.351657     -0.173    -1.8000   28.23804  -87.98142    215.004    182.324  312.51478  313.29414 1.1856e-01 4.1788e+00   1616.143          1     146585     51.941     4.3125     4.3115     35.926   6107.667     1.8034     1.7033     4.9328     4.6252     0.0000     0.0000     1.8034          4  0.000e+00
      98.66     0.0368          4   3.351606     -1.391    -1.8000   28.23804  -87.98142    215.003    182.323  312.51586  313.29519 1.1856e-01 4.1789e+00   1616.085          1     146586     51.986     4.3125     4.3112     35.972   6107.708     1.8034     1.7033     4.9328     4.6252     0.0000     0.0000     1.8034          4  0.000e+00
      98.66     0.0368          4   3.351625      0.175    -1.8000   28.23804  -87.98142    215.004    182.509  312.51559  313.29494 1.1856e-01 4.1788e+00   1616.092          1     146587     51.966     4.3125     4.3116     35.952   6107.750     1.8034     1.7045     4.9328     4.6252     0.0000     0.0000     1.8034          4  0.000e+00
      98.66     0.0368          4   3.351619      1.219    -1.8000   28.23804  -87.98142    215.005    182.512  312.51558  313.29491 1.1856e-01 4.1789e+00   1616.143          1     146588     51.978     4.3125     4.3113     35.963   6107.792     1.8034     1.7045     4.9328     4.6252     0.0000     0.0000     1.8034          4  0.000e+00
      98.66     0.0379          4   3.351606     -1.391    -1.8000   28.23804  -87.98142    215.004    182.511  312.51683  313.29620 1.1856e-01 4.1787e+00   1616.085          1     146589     51.969     4.3124     4.3112     35.955   6107.833     1.8034     1.7045     4.9328     4.6239     0.0000     0.0000     1.8034          4  0.000e+00
      98.66     0.0368          4   3.351612      1.567    -1.8000   28.23804  -87.98142    215.005    182.512  312.51576  313.29509 1.1856e-01 4.1789e+00   1616.150          1     146590     51.984     4.3125     4.3113     35.969   6107.875     1.8034     1.7045     4.9328     4.6252     0.0000     0.0000     1.8034          4  0.000e+00
      98.66     0.0379          4   3.351606     -0.173    -1.8000   28.23804  -87.98142    215.005    182.511  312.51617  313.29551 1.1856e-01 4.1788e+00   1616.143          1     146591     51.984     4.3125     4.3116     35.970   6107.917     1.8034     1.7045     4.9328     4.6239     0.0000     0.0000     1.8034          4  0.000e+00
      98.66     0.0379          4   3.351587      0.001    -1.8000   28.23804  -87.98142    215.006    182.325  312.51717  313.29652 1.1856e-01 4.1787e+00   1616.143          1     146592     51.992     4.3124     4.3112     35.978   6107.958     1.8034     1.7033     4.9328     4.6239     0.0000     0.0000     1.8034          4  0.000e+00
      98.68     0.0379          4   3.351600      0.175    -1.8000   28.23804  -87.98142    215.006    182.325  312.51708  313.29644 1.1856e-01 4.1787e+00   1616.150          1     146593     51.977     4.3124     4.3113     35.963   6108.000     1.8034     1.7033     4.9341     4.6239     0.0000     0.0000     1.8034          4  0.000e+00
      98.66     0.0379          4   3.351638     -1.565    -1.8000   28.23804  -87.98142    215.004    182.322  312.51669  313.29609 1.1856e-01 4.1786e+00   1616.085          1     146594     51.929     4.3122     4.3116     35.915   6108.042     1.8034     1.7033     4.9328     4.6239     0.0000     0.0000     1.8034          4  0.000e+00
      98.66     0.0379          4   3.351638      1.567    -1.8000   28.23804  -87.98142    215.005    182.512  312.51531  313.29466 1.1856e-01 4.1788e+00   1616.150          1     146595     51.958     4.3125     4.3114     35.943   6108.083     1.8034     1.7045     4.9328     4.6239     0.0000     0.0000     1.8034          4  0.000e+00
      98.66     0.0379          4   3.351644     -0.173    -1.8000   28.23804  -87.98142    215.004    182.325  312.51489  313.29423 1.1856e-01 4.1789e+00   1616.143          1     146596     51.956     4.3125     4.3115     35.941   6108.125     1.8034     1.7033     4.9328     4.6239     0.0000     0.0000     1.8034          4  0.000e+00
      98.66     0.0379          4   3.351612      0.001    -1.8000   28.23804  -87.98142    215.005    182.512  312.51600  313.29534 1.1856e-01 4.1788e+00   1616.143          1     146597     51.979     4.3125     4.3112     35.965   6108.167     1.8034     1.7045     4.9328     4.6239     0.0000     0.0000     1.8034          4  0.000e+00
