tests/data/CTD/g01l02s02.ros
* Sea-Bird SBE 9 Data File:
* FileName = D:\CTD DATA\2013\PE13-01 DiMarco\G01L02S02.hex
* Software Version Seasave V 7.21g
* Temperature SN = 4515
* Conductivity SN = 3079
* Number of Bytes Per Scan = 40
* Number of Voltage Words = 5
* Number of Scans Averaged by the Deck Unit = 1
* NMEA Latitude = 28 30.49 N
* NMEA Longitude = 089 00.19 W
* NMEA UTC (Time) = Jul 08 2012  14:16:42
* NMEA baud rate = 4800
# nquan = 31
# nvalues = 588                                   
# units = specified
# name 0 = altM: Altimeter [m]
# name 1 = bat: Beam Attenuation, Chelsea/Seatech [1/m]
# name 2 = bpos: Bottle Position in Carousel
# name 3 = c0S/m: Conductivity [S/m]
# name 4 = dz/dtM: Descent Rate [m/s]
# name 5 = wetCDOM: Fluorescence, WET Labs CDOM [mg/m^3]
# name 6 = latitude: Latitude [deg]
# name 7 = longitude: Longitude [deg]
# name 8 = sbeox0Mm/Kg: Oxygen, SBE 43 [umol/kg]
# name 9 = sbeox1Mm/Kg: Oxygen, SBE 43, 2 [umol/kg]
# name 10 = oxsolMm/Kg: Oxygen Saturation, Garcia & Gordon [umol/kg]
# name 11 = oxsatMm/Kg: Oxygen Saturation, Weiss [umol/kg]
# name 12 = par: PAR/Irradiance, Biospherical/Licor
# name 13 = pla: Plume Anomaly
# name 14 = prDM: Pressure, Digiquartz [db]
# name 15 = pumps: Pump Status
# name 16 = scan: Scan Count
# name 17 = sva: Specific Volume Anomaly [10^-8 * m^3/kg]
# name 18 = t090C: Temperature [ITS-90, deg C]
# name 19 = t190C: Temperature, 2 [ITS-90, deg C]
# name 20 = tsa: Thermosteric Anomaly [10^-8 * m^3/kg]
# name 21 = timeS: Time, Elapsed [seconds]
# name 22 = v0: Voltage 0
# name 23 = v1: Voltage 1
# name 24 = v2: Voltage 2
# name 25 = v3: Voltage 3
# name 26 = v4: Voltage 4
# name 27 = v5: Voltage 5
# name 28 = sbeox0V: Oxygen raw, SBE 43 [V]
# name 29 = nbf: Bottles Fired
# name 30 = flag:  0.000e+00
# interval = seconds: 0.0416667
# start_time = Jul 08 2012 14:16:42 [NMEA time, header]
# bad_flag = -9.990e-29
*END*
[from data line 515]
      98.58     0.0782         11   5.527557      0.000     0.2147   28.51420  -88.99920    223.940    195.668  204.02992  203.51825 8.4916e+01 2.5247e+01     50.350          1      80765    359.749    25.2515    25.2529    357.913   3365.167     3.0647     2.8938     4.9292     4.5775     2.8498     0.0806     3.0647         11  0.000e+00
      98.58     0.0793         11   5.527534      0.000     0.2147   28.51420  -88.99920    223.832    195.566  204.02890  203.51723 8.5395e+01 2.5247e+01     50.350          1      80766    359.808    25.2521    25.2532    357.972   3365.208     3.0635     2.8926     4.9292     4.5763     2.8523     0.0806     3.0635         11  0.000e+00
      98.58     0.0793         11   5.527580     -0.506     0.2147   28.51420  -88.99920    223.829    195.665  204.02661  203.51493 8.5155e+01 2.5248e+01     50.329          1      80767    359.850    25.2529    25.2534    358.015   3365.250     3.0635     2.8938     4.9292     4.5763     2.8510     0.0806     3.0635         11  0.000e+00
      98.58     0.0782         11   5.527673      0.507     0.2147   28.51420  -88.99920    223.935    195.668  204.02455  203.51287 8.4916e+01 2.5248e+01     50.350          1      80768    359.845    25.2534    25.2528    358.009   3365.292     3.0647     2.8938     4.9292     4.5775     2.8498     0.0806     3.0647         11  0.000e+00
      98.56     0.0793         11   5.527634     -1.182     0.2147   28.51420  -88.99920    223.826    195.767  204.02441  203.51273 8.5155e+01 2.5249e+01     50.301          1      80769    359.881    25.2536    25.2527    358.047   3365.333     3.0635     2.8950     4.9280     4.5763     2.8510     0.0806     3.0635         11  0.000e+00
      98.58     0.0782         11   5.527603      1.183     0.1841   28.51420  -88.99920    223.828    195.768  204.02482  203.51313 8.4916e+01 2.5249e+01     50.350          1      80770    359.898    25.2535    25.2527    358.062   3365.375     3.0635     2.8950     4.9292     4.5775     2.8498     0.0794     3.0635         11  0.000e+00
      98.58     0.0772         11   5.527565     -0.506     0.1841   28.51420  -88.99920    223.935    195.768  204.02560  203.51392 8.5155e+01 2.5248e+01     50.329          1      80771    359.902    25.2534    25.2528    358.067   3365.417     3.0647     2.8950     4.9292     4.5788     2.8510     0.0794     3.0647         11  0.000e+00
      98.58     0.0761         11   5.527588     -0.675     0.2147   28.51420  -88.99920    223.827    195.767  204.02528  203.51360 8.5395e+01 2.5248e+01     50.301          1      80772    359.891    25.2534    25.2528    358.057   3365.458     3.0635     2.8950     4.9292     4.5800     2.8523     0.0806     3.0635         11  0.000e+00
      98.58     0.0761         11   5.527650      0.000     0.1841   28.51420  -88.99920    223.827    195.869  204.02476  203.51308 8.5155e+01 2.5248e+01     50.301          1      80773    359.854    25.2534    25.2525    358.020   3365.500     3.0635     2.8962     4.9292     4.5800     2.8510     0.0794     3.0635         11  0.000e+00
      98.58     0.0772         11   5.527720      0.000     0.1841   28.51420  -88.99920    223.825    195.868  204.02366  203.51198 8.5395e+01 2.5249e+01     50.301          1      80774    359.833    25.2535    25.2524    357.998   3365.542     3.0635     2.8962     4.9292     4.5788     2.8523     0.0794     3.0635         11  0.000e+00
      98.58     0.0772         11   5.527774      0.676     0.1841   28.51420  -88.99920    223.824    195.967  204.02140  203.50972 8.5155e+01 2.5249e+01     50.329          1      80775    359.871    25.2543    25.2530    358.035   3365.583     3.0635     2.8974     4.9292     4.5788     2.8510     0.0794     3.0635         11  0.000e+00
      98.56     0.0782         11   5.527790     -0.675     0.1841   28.51420  -88.99920    223.821    195.963  204.01999  203.50830 8.5395e+01 2.5250e+01     50.301          1      80776    359.907    25.2548    25.2539    358.073   3365.625     3.0635     2.8974     4.9280     4.5775     2.8523     0.0794     3.0635         11  0.000e+00
      98.58     0.0772         11   5.527798      0.000     0.1841   28.51420  -88.99920    223.821    196.062  204.01942  203.50773 8.5395e+01 2.5250e+01     50.301          1      80777    359.922    25.2550    25.2546    358.088   3365.667     3.0635     2.8987     4.9292     4.5788     2.8523     0.0794     3.0635         11  0.000e+00
      98.58     0.0772         11   5.527829     -0.506     0.1841   28.51420  -88.99920    223.820    196.060  204.01877  203.50708 8.5395e+01 2.5250e+01     50.280          1      80778    359.916    25.2552    25.2552    358.083   3365.708     3.0635     2.8987     4.9292     4.5788     2.8523     0.0794     3.0635         11  0.000e+00
      98.58     0.0782         11   5.527798      0.507     0.1841   28.51420  -88.99920    223.714    196.061  204.01950  203.50781 8.5395e+01 2.5250e+01     50.301          1      80779    359.919    25.2550    25.2553    358.084   3365.750     3.0623     2.8987     4.9292     4.5775     2.8523     0.0794     3.0623         11  0.000e+00
      98.56     0.0772         11   5.527751     -1.351     0.1841   28.51420  -88.99920    223.713    196.160  204.01985  203.50816 8.5635e+01 2.5250e+01     50.245          1      80780    359.943    25.2550    25.2554    358.111   3365.792     3.0623     2.8999     4.9280     4.5788     2.8535     0.0794     3.0623         11  0.000e+00
      98.58     0.0772         11   5.527720      1.352     0.1841   28.51420  -88.99920    223.822    196.061  204.02067  203.50898 8.5635e+01 2.5250e+01     50.301          1      80781    359.945    25.2548    25.2554    358.110   3365.833     3.0635     2.8987     4.9292     4.5788     2.8535     0.0794     3.0635         11  0.000e+00
      98.58     0.0772         11   5.527697     -1.857     0.1841   28.51420  -88.99920    223.714    196.059  204.02128  203.50959 8.5395e+01 2.5250e+01     50.223          1      80782    359.937    25.2546    25.2553    358.106   3365.875     3.0623     2.8987     4.9292     4.5788     2.8523     0.0794     3.0623         11  0.000e+00
      98.58     0.0761         11   5.527658      1.858     0.1841   28.51420  -88.99920    223.825    196.161  204.02335  203.51167 8.5635e+01 2.5249e+01     50.301          1      80783    359.900    25.2539    25.2554    358.066   3365.917     3.0635     2.8999     4.9292     4.5800     2.8535     0.0794     3.0635         11  0.000e+00
      98.58     0.0772         11   5.527611     -1.351     0.1841   28.51420  -88.99920    223.825    196.159  204.02470  203.51302 8.5635e+01 2.5249e+01     50.245          1      80784    359.887    25.2535    25.2555    358.055   3365.958     3.0635     2.8999     4.9292     4.5788     2.8535     0.0794     3.0635         11  0.000e+00
      98.58     0.0772         11   5.527471      1.352     0.1841   28.51420  -88.99920    223.830    196.261  204.02808  203.51640 8.5635e+01 2.5248e+01     50.301          1      80785    359.891    25.2527    25.2553    358.057   3366.000     3.0635     2.9011     4.9292     4.5788     2.8535     0.0794     3.0635         11  0.000e+00
      98.58     0.0772         11   5.527425     -1.857     0.2147   28.51420  -88.99920    223.724    196.259  204.03033  203.51865 8.5877e+01 2.5247e+01     50.224          1      80786    359.842    25.2519    25.2554    358.012   3366.042     3.0623     2.9011     4.9292     4.5788     2.8547     0.0806     3.0623         11  0.000e+00
      98.56     0.0772         11   5.527425      0.507     0.1841   28.51420  -88.99920    223.726    196.260  204.03158  203.51991 8.5635e+01 2.5246e+01     50.245          1      80787    359.797    25.2514    25.2553    357.965   3366.083     3.0623     2.9011     4.9280     4.5788     2.8535     0.0794     3.0623         11  0.000e+00
      98.58     0.0772         11   5.527332      0.000     0.1841   28.51420  -88.99920    223.834    196.260  204.03324  203.52156 8.5635e+01 2.5246e+01     50.245          1      80788    359.819    25.2510    25.2554    357.987   3366.125     3.0635     2.9011     4.9292     4.5788     2.8535     0.0794     3.0635         11  0.000e+00
      98.58     0.1082         12   5.905609      1.013     0.1536   28.51442  -88.99908    201.593    176.992  190.91088  190.43325 1.0968e+03 2.9651e+01      1.269          1      82925    543.025    29.6443    29.6584    543.176   3455.167     2.9817     2.8168     4.9292     4.5433     3.9609     0.0781     2.9817         12  0.000e+00
      98.58     0.1082         12   5.905074      0.169     0.0926   28.51442  -88.99908    201.599    176.990  190.91603  190.43837 1.0968e+03 2.9651e+01      1.276          1      82926    543.256    29.6439    29.6582    543.406   3455.208     2.9817     2.8168     4.9292     4.5433     3.9609     0.0757     2.9817         12  0.000e+00
      98.56     0.1093         12   5.904563     -1.349     0.0926   28.51442  -88.99908    201.603    176.993  190.92132  190.44362 1.1154e+03 2.9650e+01      1.219          1      82927    543.457    29.6434    29.6581    543.610   3455.250     2.9817     2.8168     4.9280     4.5421     3.9683     0.0757     2.9817         12  0.000e+00
      98.58     0.1082         12   5.904260      3.882     0.0926   28.51442  -88.99908    201.610    177.001  190.92470  190.44698 1.1899e+03 2.9650e+01      1.381          1      82928    543.581    29.6430    29.6579    543.727   3455.292     2.9817     2.8168     4.9292     4.5433     3.9963     0.0757     2.9817         12  0.000e+00
      98.58     0.1082         12   5.904204     -2.531     0.0926   28.51442  -88.99908    201.609    177.100  190.92591  190.44817 1.2307e+03 2.9649e+01      1.276          1      82929    543.570    29.6426    29.6575    543.721   3455.333     2.9817     2.8181     4.9292     4.5433     4.0110     0.0757     2.9817         12  0.000e+00
      98.56     0.1093         12   5.904420      1.182     0.0926   28.51442  -88.99908    201.510    177.018  190.92530  190.44756 1.2238e+03 2.9649e+01      1.325          1      82930    543.422    29.6421    29.6567    543.570   3455.375     2.9805     2.8168     4.9280     4.5421     4.0085     0.0757     2.9805         12  0.000e+00
      98.56     0.1115         12   5.904531      0.169     0.0926   28.51442  -88.99908    201.610    177.034  190.92517  190.44743 1.0604e+03 2.9649e+01      1.332          1      82931    543.335    29.6417    29.6551    543.483   3455.417     2.9817     2.8168     4.9280     4.5397     3.9463     0.0757     2.9817         12  0.000e+00
      98.58     0.1125         12   5.904428     -0.168     0.0926   28.51442  -88.99908    201.610    177.051  190.92566  190.44792 9.8562e+02 2.9649e+01      1.325          1      82932    543.400    29.6419    29.6536    543.548   3455.458     2.9817     2.8168     4.9292     4.5385     3.9145     0.0757     2.9817         12  0.000e+00
      98.58     0.1125         12   5.904252      0.169     0.1231   28.51442  -88.99908    201.612    177.071  190.92745  190.44970 9.8010e+02 2.9649e+01      1.332          1      82933    543.473    29.6417    29.6519    543.620   3455.500     2.9817     2.8168     4.9292     4.5385     3.9121     0.0769     2.9817         12  0.000e+00
      98.56     0.1136         12   5.904124      1.182     0.0926   28.51442  -88.99908    201.615    177.085  190.92893  190.45118 1.1312e+03 2.9648e+01      1.381          1      82934    543.521    29.6415    29.6505    543.667   3455.542     2.9817     2.8168     4.9280     4.5372     3.9744     0.0757     2.9817         12  0.000e+00
      98.56     0.1136         12   5.904100     -1.349     0.0926   28.51442  -88.99908    201.614    177.184  190.92946  190.45170 1.2447e+03 2.9648e+01      1.325          1      82935    543.515    29.6413    29.6495    543.663   3455.583     2.9817     2.8181     4.9280     4.5372     4.0159     0.0757     2.9817         12  0.000e+00
      98.56     0.1136         12   5.904172      1.351     0.0926   28.51442  -88.99908    201.614    177.192  190.92854  190.45079 1.2623e+03 2.9648e+01      1.381          1      82936    543.497    29.6415    29.6490    543.643   3455.625     2.9817     2.8181     4.9280     4.5372     4.0220     0.0757     2.9817         12  0.000e+00
      98.56     0.1136         12   5.904244     -0.168     0.0926   28.51442  -88.99908    201.613    177.104  190.92795  190.45020 1.2766e+03 2.9648e+01      1.374          1      82937    543.462    29.6415    29.6482    543.608   3455.667     2.9817     2.8168     4.9280     4.5372     4.0269     0.0757     2.9817         12  0.000e+00
      98.56     0.1136         12   5.904356     -1.012     0.0926   28.51442  -88.99908    201.512    177.202  190.92703  190.44928 1.2983e+03 2.9648e+01      1.332          1      82938    543.404    29.6415    29.6477    543.552   3455.708     2.9805     2.8181     4.9280     4.5372     4.0342     0.0757     2.9805         12  0.000e+00
      98.56     0.1125         12   5.904611      0.000     0.0926   28.51442  -88.99908    201.510    177.204  190.92529  190.44756 1.3019e+03 2.9648e+01      1.332          1      82939    543.265    29.6413    29.6479    543.412   3455.750     2.9805     2.8181     4.9280     4.5385     4.0354     0.0757     2.9805         12  0.000e+00
      98.58     0.1125         12   5.904827      1.013     0.0926   28.51442  -88.99908    201.509    177.208  190.92319  190.44547 1.3466e+03 2.9648e+01      1.374          1      82940    543.176    29.6415    29.6480    543.322   3455.792     2.9805     2.8181     4.9292     4.5385     4.0501     0.0757     2.9805         12  0.000e+00
      98.58     0.1125         12   5.904994     -1.012     0.0926   28.51442  -88.99908    201.506    177.211  190.92138  190.44367 1.4086e+03 2.9649e+01      1.332          1      82941    543.108    29.6417    29.6479    543.256   3455.833     2.9805     2.8181     4.9292     4.5385     4.0696     0.0757     2.9805         12  0.000e+00
      98.56     0.1136         12   5.905178      1.013     0.0926   28.51442  -88.99908    201.404    177.212  190.91834  190.44065 1.4245e+03 2.9649e+01      1.374          1      82942    543.085    29.6425    29.6477    543.230   3455.875     2.9792     2.8181     4.9280     4.5372     4.0745     0.0757     2.9792         12  0.000e+00
      98.56     0.1136         12   5.905466     -1.012     0.0926   28.51442  -88.99908    201.399    177.207  190.91399  190.43633 1.3772e+03 2.9650e+01      1.332          1      82943    543.022    29.6434    29.6471    543.169   3455.917     2.9792     2.8181     4.9280     4.5372     4.0598     0.0757     2.9792         12  0.000e+00
      98.58     0.1125         12   5.905745      0.000     0.0926   28.51442  -88.99908    201.394    177.208  190.90980  190.43217 1.2910e+03 2.9651e+01      1.332          1      82944    542.963    29.6443    29.6466    543.110   3455.958     2.9792     2.8181     4.9292     4.5385     4.0317     0.0757     2.9792         12  0.000e+00
      98.58     0.1136         12   5.905833      1.013     0.0926   28.51442  -88.99908    201.395    177.307  190.90945  190.43182 1.2658e+03 2.9651e+01      1.374          1      82945    542.908    29.6441    29.6455    543.054   3456.000     2.9792     2.8193     4.9292     4.5372     4.0232     0.0757     2.9792         12  0.000e+00
      98.56     0.1136         12   5.905553     -1.012     0.0926   28.51442  -88.99908    201.296    177.310  190.91094  190.43330 1.1933e+03 2.9651e+01      1.332          1      82946    543.074    29.6445    29.6445    543.222   3456.042     2.9780     2.8193     4.9280     4.5372     3.9976     0.0757     2.9780         12  0.000e+00
