tests/data/CTD/g01l05s04m.ros
* Sea-Bird SBE 9 Data File:
* FileName = D:\CTD DATA\2013\PE13-01 DiMarco\G01L05s04m.hex
* Software Version Seasave V 7.21g
* Temperature SN = 4515
* Conductivity SN = 3079
* Number of Bytes Per Scan = 40
* Number of Voltage Words = 5
* Number of Scans Averaged by the Deck Unit = 1
* NMEA Latitude = 28 14.97 N
* NMEA Longitude = 088 14.98 W
* NMEA UTC (Time) = Jul 07 2012  16:32:56
* NMEA baud rate = 4800
# nquan = 31
# nvalues = 588                                   
# units = specified
# name 0 = altM: Altimeter [m]
# name 1 = bat: Beam Attenuation, Chelsea/Seatech [1/m]
# name 2 = bpos: Bottle Position in Carousel
# name 3 = c0S/m: Conductivity [S/m]
# name 4 = dz/dtM: Descent Rate [m/s]
# name 5 = wetCDOM: Fluorescence, WET Labs CDOM [mg/m^3]
# name 6 = latitude: Latitude [deg]
# name 7 = longitude: Longitude [deg]
# name 8 = sbeox0Mm/Kg: Oxygen, SBE 43 [umol/kg]
# name 9 = sbeox1Mm/Kg: Oxygen, SBE 43, 2 [umol/kg]
# name 10 = oxsolMm/Kg: Oxygen Saturation, Garcia & Gordon [umol/kg]
# name 11 = oxsatMm/Kg: Oxygen Saturation, Weiss [umol/kg]
# name 12 = par: PAR/Irradiance, Biospherical/Licor
# name 13 = pla: Plume Anomaly
# name 14 = prDM: Pressure, Digiquartz [db]
# name 15 = pumps: Pump Status
# name 16 = scan: Scan Count
# name 17 = sva: Specific Volume Anomaly [10^-8 * m^3/kg]
# name 18 = t090C: Temperature [ITS-90, deg C]
# name 19 = t190C: Temperature, 2 [ITS-90, deg C]
# name 20 = tsa: Thermosteric Anomaly [10^-8 * m^3/kg]
# name 21 = timeS: Time, Elapsed [seconds]
# name 22 = v0: Voltage 0
# name 23 = v1: Voltage 1
# name 24 = v2: Voltage 2
# name 25 = v3: Voltage 3
# name 26 = v4: Voltage 4
# name 27 = v5: Voltage 5
# name 28 = sbeox0V: Oxygen raw, SBE 43 [V]
# name 29 = nbf: Bottles Fired
# name 30 = flag:  0.000e+00
# interval = seconds: 0.0416667
# start_time = Jul 07 2012 16:32:56 [NMEA time, header]
# bad_flag = -9.990e-29
*END*
[from data line 468]
      98.68     0.0421         10   4.213814      0.170    -1.8000   28.25708  -88.22800    128.098    109.767  254.99953  254.90436 1.1856e-01 1.3281e+01    302.896          1     156227    126.187    13.3203    13.3177    118.095   6509.417     1.6398     1.5629     4.9341     4.6190     0.0000     0.0000     1.6398         10  0.000e+00
      98.68     0.0421         10   4.213828     -0.169    -1.8000   28.25708  -88.22800    128.097    109.767  254.99753  254.90232 1.1856e-01 1.3281e+01    302.889          1     156228    126.222    13.3208    13.3174    118.130   6509.458     1.6398     1.5629     4.9341     4.6190     0.0000     0.0000     1.6398         10  0.000e+00
      98.68     0.0421         10   4.213856      0.170    -1.8000   28.25708  -88.22800    128.097    109.767  254.99706  254.90186 1.1856e-01 1.3281e+01    302.896          1     156229    126.203    13.3208    13.3178    118.111   6509.500     1.6398     1.5629     4.9341     4.6190     0.0000     0.0000     1.6398         10  0.000e+00
      98.68     0.0410         10   4.213870     -0.169    -1.8000   28.25708  -88.22800    128.096    109.767  254.99682  254.90162 1.1856e-01 1.3281e+01    302.889          1     156230    126.193    13.3208    13.3177    118.101   6509.542     1.6398     1.5629     4.9341     4.6203     0.0000     0.0000     1.6398         10  0.000e+00
      98.68     0.0421         10   4.213918      0.170    -1.8000   28.25708  -88.22800    128.095    109.766  254.99483  254.89961 1.1856e-01 1.3282e+01    302.896          1     156231    126.190    13.3211    13.3181    118.097   6509.583     1.6398     1.5629     4.9341     4.6190     0.0000     0.0000     1.6398         10  0.000e+00
      98.68     0.0410         10   4.213884     -0.169    -1.8000   28.25708  -88.22800    128.096    109.639  254.99541  254.90019 1.1856e-01 1.3282e+01    302.889          1     156232    126.213    13.3211    13.3178    118.121   6509.625     1.6398     1.5617     4.9341     4.6203     0.0000     0.0000     1.6398         10  0.000e+00
      98.68     0.0421         10   4.213891      1.359    -1.8000   28.25708  -88.22800    128.234    109.640  254.99475  254.89951 1.1856e-01 1.3282e+01    302.946          1     156233    126.227    13.3213    13.3178    118.133   6509.667     1.6410     1.5617     4.9341     4.6190     0.0000     0.0000     1.6410         10  0.000e+00
      98.68     0.0421         10   4.213877     -1.357    -1.8000   28.25708  -88.22800    128.096    109.639  254.99612  254.90090 1.1856e-01 1.3281e+01    302.889          1     156234    126.203    13.3209    13.3179    118.111   6509.708     1.6398     1.5617     4.9341     4.6190     0.0000     0.0000     1.6398         10  0.000e+00
      98.68     0.0410         10   4.213870      1.359    -1.8000   28.25708  -88.22800    128.097    109.767  254.99628  254.90106 1.1856e-01 1.3281e+01    302.946          1     156235    126.211    13.3209    13.3178    118.118   6509.750     1.6398     1.5629     4.9341     4.6203     0.0000     0.0000     1.6398         10  0.000e+00
      98.68     0.0410         10   4.213891     -1.357    -1.8000   28.25708  -88.22800    128.096    109.767  254.99632  254.90112 1.1856e-01 1.3281e+01    302.889          1     156236    126.182    13.3208    13.3179    118.090   6509.792     1.6398     1.5629     4.9341     4.6203     0.0000     0.0000     1.6398         10  0.000e+00
      98.68     0.0410         10   4.213793      0.170    -1.8000   28.25708  -88.22800    128.097    109.639  254.99870  254.90351 1.1856e-01 1.3281e+01    302.896          1     156237    126.232    13.3206    13.3178    118.140   6509.833     1.6398     1.5617     4.9341     4.6203     0.0000     0.0000     1.6398         10  0.000e+00
      98.68     0.0421         10   4.213779      1.189    -1.8000   28.25708  -88.22800    128.099    109.767  255.00015  254.90498 1.1856e-01 1.3281e+01    302.946          1     156238    126.214    13.3203    13.3177    118.121   6509.875     1.6398     1.5629     4.9341     4.6190     0.0000     0.0000     1.6398         10  0.000e+00
      98.68     0.0421         10   4.213793     -1.188    -1.8000   28.25708  -88.22800    128.098    109.766  255.00046  254.90531 1.1856e-01 1.3281e+01    302.896          1     156239    126.187    13.3201    13.3179    118.095   6509.917     1.6398     1.5629     4.9341     4.6190     0.0000     0.0000     1.6398         10  0.000e+00
      98.68     0.0410         10   4.213793      1.189    -1.8000   28.25708  -88.22800    128.236    109.639  254.99933  254.90414 1.1856e-01 1.3281e+01    302.946          1     156240    126.220    13.3204    13.3180    118.126   6509.958     1.6410     1.5617     4.9341     4.6203     0.0000     0.0000     1.6410         10  0.000e+00
      98.68     0.0421         10   4.213849     -1.188    -1.8000   28.25708  -88.22800    128.235    109.639  254.99894  254.90377 1.1856e-01 1.3281e+01    302.896          1     156241    126.163    13.3203    13.3179    118.071   6510.000     1.6410     1.5617     4.9341     4.6190     0.0000     0.0000     1.6410         10  0.000e+00
      98.68     0.0421         10   4.213786      1.189    -1.8000   28.25708  -88.22800    128.237    109.639  255.00003  254.90486 1.1856e-01 1.3281e+01    302.946          1     156242    126.210    13.3203    13.3179    118.116   6510.042     1.6410     1.5617     4.9341     4.6190     0.0000     0.0000     1.6410         10  0.000e+00
      98.68     0.0421         10   4.213759     -1.188    -1.8000   28.25708  -88.22800    128.236    109.766  255.00046  254.90529 1.1856e-01 1.3281e+01    302.896          1     156243    126.226    13.3203    13.3178    118.134   6510.083     1.6410     1.5629     4.9341     4.6190     0.0000     0.0000     1.6410         10  0.000e+00
      98.68     0.0410         10   4.213759      1.189    -1.8000   28.25708  -88.22800    128.237    109.767  255.00050  254.90533 1.1856e-01 1.3281e+01    302.946          1     156244    126.229    13.3203    13.3178    118.136   6510.125     1.6410     1.5629     4.9341     4.6203     0.0000     0.0000     1.6410         10  0.000e+00
      98.68     0.0421         10   4.213779      0.001    -1.8000   28.25708  -88.22800    128.099    109.640  254.99956  254.90438 1.1856e-01 1.3281e+01    302.946          1     156245    126.229    13.3204    13.3178    118.136   6510.167     1.6398     1.5617     4.9341     4.6190     0.0000     0.0000     1.6398         10  0.000e+00
      98.68     0.0410         10   4.213877     -1.357    -1.8000   28.25708  -88.22800    128.234    109.639  254.99671  254.90150 1.1856e-01 1.3281e+01    302.889          1     156246    126.188    13.3208    13.3177    118.096   6510.208     1.6410     1.5617     4.9341     4.6203     0.0000     0.0000     1.6410         10  0.000e+00
      98.68     0.0410         10   4.213904      1.359    -1.8000   28.25708  -88.22800    128.234    109.640  254.99496  254.89973 1.1856e-01 1.3282e+01    302.946          1     156247    126.206    13.3211    13.3178    118.112   6510.250     1.6410     1.5617     4.9341     4.6203     0.0000     0.0000     1.6410         10  0.000e+00
      98.68     0.0410         10   4.213904      0.001    -1.8000   28.25708  -88.22800    128.096    109.767  254.99511  254.89988 1.1856e-01 1.3282e+01    302.946          1     156248    126.202    13.3211    13.3178    118.108   6510.292     1.6398     1.5629     4.9341     4.6203     0.0000     0.0000     1.6398         10  0.000e+00
      98.58     0.0665         11   5.265454      0.000    -1.8000   28.25742  -88.22704    199.858    175.160  212.90909  212.42714 1.1856e-01 2.2688e+01    101.233          1     162975    283.839    22.7028    22.7142    280.125   6790.583     2.6813     2.5507     4.9292     4.5910     0.0000     0.0000     2.6813         11  0.000e+00
      98.56     0.0665         11   5.265446      1.184    -1.8000   28.25742  -88.22704    199.860    175.162  212.90975  212.42780 1.1856e-01 2.2687e+01    101.282          1     162976    283.827    22.7026    22.7137    280.111   6790.625     2.6813     2.5507     4.9280     4.5910     0.0000     0.0000     2.6813         11  0.000e+00
      98.56     0.0676         11   5.265446     -1.014    -1.8000   28.25742  -88.22704    199.747    175.161  212.91010  212.42816 1.1856e-01 2.2687e+01    101.240          1     162977    283.811    22.7025    22.7133    280.097   6790.667     2.6801     2.5507     4.9280     4.5897     0.0000     0.0000     2.6801         11  0.000e+00
      98.56     0.0665         11   5.265446     -0.168    -1.8000   28.25742  -88.22704    199.859    175.057  212.91056  212.42862 1.1856e-01 2.2687e+01    101.233          1     162978    283.795    22.7023    22.7131    280.081   6790.708     2.6813     2.5495     4.9280     4.5910     0.0000     0.0000     2.6813         11  0.000e+00
      98.56     0.0665         11   5.265408      0.000    -1.8000   28.25742  -88.22704    199.860    175.062  212.91143  212.42950 1.1856e-01 2.2687e+01    101.233          1     162979    283.800    22.7021    22.7117    280.086   6790.750     2.6813     2.5495     4.9280     4.5910     0.0000     0.0000     2.6813         11  0.000e+00
      98.56     0.0676         11   5.265401      0.001    -1.8000   28.25742  -88.22704    199.860    175.070  212.91106  212.42911 1.1856e-01 2.2687e+01    101.233          1     162980    283.820    22.7023    22.7087    280.106   6790.792     2.6813     2.5495     4.9280     4.5897     0.0000     0.0000     2.6813         11  0.000e+00
      98.56     0.0686         11   5.265401      1.184    -1.8000   28.25742  -88.22704    199.861    175.075  212.91108  212.42914 1.1856e-01 2.2687e+01    101.282          1     162981    283.823    22.7023    22.7074    280.108   6790.833     2.6813     2.5495     4.9280     4.5885     0.0000     0.0000     2.6813         11  0.000e+00
      98.58     0.0686         11   5.265363     -1.183    -1.8000   28.25742  -88.22704    199.748    174.972  212.91193  212.42999 1.1856e-01 2.2687e+01    101.233          1     162982    283.826    22.7021    22.7064    280.112   6790.875     2.6801     2.5482     4.9292     4.5885     0.0000     0.0000     2.6801         11  0.000e+00
      98.58     0.0686         11   5.265355      1.522    -1.8000   28.25742  -88.22704    199.862    174.974  212.91204  212.43010 1.1856e-01 2.2687e+01    101.296          1     162983    283.834    22.7021    22.7060    280.118   6790.917     2.6813     2.5482     4.9292     4.5885     0.0000     0.0000     2.6813         11  0.000e+00
      98.58     0.0676         11   5.265317     -1.521    -1.8000   28.25742  -88.22704    199.862    174.971  212.91289  212.43095 1.1856e-01 2.2687e+01    101.233          1     162984    283.835    22.7019    22.7065    280.121   6790.958     2.6813     2.5482     4.9292     4.5897     0.0000     0.0000     2.6813         11  0.000e+00
      98.56     0.0686         11   5.265310      0.001    -1.8000   28.25742  -88.22704    199.750    174.970  212.91334  212.43141 1.1856e-01 2.2687e+01    101.233          1     162985    283.826    22.7018    22.7067    280.113   6791.000     2.6801     2.5482     4.9280     4.5885     0.0000     0.0000     2.6801         11  0.000e+00
      98.58     0.0676         11   5.265173      1.184    -1.8000   28.25742  -88.22704    199.753    174.971  212.91578  212.43385 1.1856e-01 2.2686e+01    101.282          1     162986    283.874    22.7014    22.7069    280.159   6791.042     2.6801     2.5482     4.9292     4.5897     0.0000     0.0000     2.6801         11  0.000e+00
      98.58     0.0676         11   5.265097     -1.183    -1.8000   28.25742  -88.22704    199.752    174.972  212.91612  212.43418 1.1856e-01 2.2686e+01    101.233          1     162987    283.930    22.7016    22.7062    280.217   6791.083     2.6801     2.5482     4.9292     4.5897     0.0000     0.0000     2.6801         11  0.000e+00
      98.56     0.0686         11   5.264990      1.184    -1.8000   28.25742  -88.22704    199.755    174.870  212.91740  212.43545 1.1856e-01 2.2686e+01    101.282          1     162988    283.990    22.7016    22.7057    280.275   6791.125     2.6801     2.5470     4.9280     4.5885     0.0000     0.0000     2.6801         11  0.000e+00
      98.56     0.0686         11   5.265020     -1.183    -1.8000   28.25742  -88.22704    199.755    174.870  212.91917  212.43724 1.1856e-01 2.2686e+01    101.233          1     162989    283.895    22.7007    22.7051    280.182   6791.167     2.6801     2.5470     4.9280     4.5885     0.0000     0.0000     2.6801         11  0.000e+00
      98.56     0.0686         11   5.265180      1.522    -1.8000   28.25742  -88.22704    199.757    174.871  212.91977  212.43787 1.1856e-01 2.2685e+01    101.296          1     162990    283.729    22.6998    22.7051    280.012   6791.208     2.6801     2.5470     4.9280     4.5885     0.0000     0.0000     2.6801         11  0.000e+00
      98.56     0.0676         11   5.265188     -1.521    -1.8000   28.25742  -88.22704    199.754    174.872  212.91827  212.43636 1.1856e-01 2.2685e+01    101.233          1     162991    283.769    22.7003    22.7046    280.055   6791.250     2.6801     2.5470     4.9280     4.5897     0.0000     0.0000     2.6801         11  0.000e+00
      98.56     0.0686         11   5.265211      1.184    -1.8000   28.25742  -88.22704    199.756    174.769  212.91851  212.43661 1.1856e-01 2.2685e+01    101.282          1     162992    283.743    22.7001    22.7042    280.027   6791.292     2.6801     2.5458     4.9280     4.5885     0.0000     0.0000     2.6801         11  0.000e+00
      98.58     0.0676         11   5.265287     -2.536    -1.8000   28.25742  -88.22704    199.751    174.767  212.91624  212.43433 1.1856e-01 2.2686e+01    101.177          1     162993    283.742    22.7007    22.7039    280.030   6791.333     2.6801     2.5458     4.9292     4.5897     0.0000     0.0000     2.6801         11  0.000e+00
      98.56     0.0686         11   5.265310      2.537    -1.8000   28.25742  -88.22704    199.752    174.768  212.91429  212.43236 1.1856e-01 2.2686e+01    101.282          1     162994    283.797    22.7014    22.7042    280.082   6791.375     2.6801     2.5458     4.9280     4.5885     0.0000     0.0000     2.6801         11  0.000e+00
      98.56     0.0686         11   5.265378     -1.183    -1.8000   28.25742  -88.22704    199.748    174.767  212.91177  212.42983 1.1856e-01 2.2687e+01    101.233          1     162995    283.817    22.7021    22.7044    280.103   6791.417     2.6801     2.5458     4.9280     4.5885     0.0000     0.0000     2.6801         11  0.000e+00
      98.58     0.0686         11   5.265401      1.522    -1.8000   28.25742  -88.22704    199.749    174.664  212.91109  212.42914 1.1856e-01 2.2687e+01    101.296          1     162996    283.824    22.7023    22.7042    280.108   6791.458     2.6801     2.5446     4.9292     4.5885     0.0000     0.0000     2.6801         11  0.000e+00
      98.56     0.0686         11   5.265431     -1.521    -1.8000   28.25742  -88.22704    199.747    174.662  212.91072  212.42879 1.1856e-01 2.2687e+01    101.233          1     162997    283.803    22.7023    22.7044    280.089   6791.500     2.6801     2.5446     4.9280     4.5885     0.0000     0.0000     2.6801         11  0.000e+00
      98.58     0.0686         11   5.265446      1.184    -1.8000   28.25742  -88.22704    199.860    174.662  212.91012  212.42818 1.1856e-01 2.2687e+01    101.282          1     162998    283.814    22.7025    22.7046    280.098   6791.542     2.6813     2.5446     4.9292     4.5885     0.0000     0.0000     2.6813         11  0.000e+00
