tests/data/CTD/g01l06s05.ros
* Sea-Bird SBE 9 Data File:
* FileName = D:\CTD DATA\2013\PE13-01 DiMarco\G01L06S05.hex
* Software Version Seasave V 7.21g
* Temperature SN = 4515
* Conductivity SN = 3079
* Number of Bytes Per Scan = 40
* Number of Voltage Words = 5
* Number of Scans Averaged by the Deck Unit = 1
* NMEA Latitude = 27 44.99 N
* NMEA Longitude = 087 59.95 W
* NMEA UTC (Time) = Jul 09 2012  17:01:20
* NMEA baud rate = 4800
# nquan = 31
# nvalues = 588                                   
# units = specified
# name 0 = altM: Altimeter [m]
# name 1 = bat: Beam Attenuation, Chelsea/Seatech [1/m]
# name 2 = bpos: Bottle Position in Carousel
# name 3 = c0S/m: Conductivity [S/m]
# name 4 = dz/dtM: Descent Rate [m/s]
# name 5 = wetCDOM: Fluorescence, WET Labs CDOM [mg/m^3]
# name 6 = latitude: Latitude [deg]
# name 7 = longitude: Longitude [deg]
# name 8 = sbeox0Mm/Kg: Oxygen, SBE 43 [umol/kg]
# name 9 = sbeox1Mm/Kg: Oxygen, SBE 43, 2 [umol/kg]
# name 10 = oxsolMm/Kg: Oxygen Saturation, Garcia & Gordon [umol/kg]
# name 11 = oxsatMm/Kg: Oxygen Saturation, Weiss [umol/kg]
# name 12 = par: PAR/Irradiance, Biospherical/Licor
# name 13 = pla: Plume Anomaly
# name 14 = prDM: Pressure, Digiquartz [db]
# name 15 = pumps: Pump Status
# name 16 = scan: Scan Count
# name 17 = sva: Specific Volume Anomaly [10^-8 * m^3/kg]
# name 18 = t090C: Temperature [ITS-90, deg C]
# name 19 = t190C: Temperature, 2 [ITS-90, deg C]
# name 20 = tsa: Thermosteric Anomaly [10^-8 * m^3/kg]
# name 21 = timeS: Time, Elapsed [seconds]
# name 22 = v0: Voltage 0
# name 23 = v1: Voltage 1
# name 24 = v2: Voltage 2
# name 25 = v3: Voltage 3
# name 26 = v4: Voltage 4
# name 27 = v5: Voltage 5
# name 28 = sbeox0V: Oxygen raw, SBE 43 [V]
# name 29 = nbf: Bottles Fired
# name 30 = flag:  0.000e+00
# interval = seconds: 0.0416667
# start_time = Jul 09 2012 17:01:20 [NMEA time, header]
# bad_flag = -9.990e-29
*END*
[from data line 515]
      98.58     0.0814         11   5.733378     -0.506    -1.8000   27.74636  -87.97694    210.982    184.530  196.49179  195.98412 1.1856e-01 2.7733e+01     50.937          1     171348    468.208    27.7385    27.7407    466.298   7139.458     3.0085     2.8364     4.9292     4.5739     0.0000     0.0000     3.0085         11  0.000e+00
      98.56     0.0825         11   5.733441      0.507    -1.8000   27.74636  -87.97694    210.879    184.528  196.49170  195.98402 1.1856e-01 2.7733e+01     50.958          1     171349    468.159    27.7383    27.7417    466.249   7139.500     3.0073     2.8364     4.9280     4.5726     0.0000     0.0000     3.0073         11  0.000e+00
      98.56     0.0825         11   5.733394      0.000    -1.8000   27.74636  -87.97694    210.880    184.526  196.49250  195.98482 1.1856e-01 2.7733e+01     50.958          1     171350    468.168    27.7381    27.7424    466.258   7139.542     3.0073     2.8364     4.9280     4.5726     0.0000     0.0000     3.0073         11  0.000e+00
      98.58     0.0825         11   5.733441      0.676    -1.8000   27.74636  -87.97694    210.985    184.527  196.49330  195.98562 1.1856e-01 2.7732e+01     50.987          1     171351    468.098    27.7376    27.7426    466.187   7139.583     3.0085     2.8364     4.9292     4.5726     0.0000     0.0000     3.0085         11  0.000e+00
      98.58     0.0825         11   5.733496     -0.676    -1.8000   27.74636  -87.97694    210.983    184.527  196.49281  195.98513 1.1856e-01 2.7732e+01     50.958          1     171352    468.068    27.7376    27.7419    466.158   7139.625     3.0085     2.8364     4.9292     4.5726     0.0000     0.0000     3.0085         11  0.000e+00
      98.56     0.0825         11   5.733512      1.352    -1.8000   27.74636  -87.97694    210.986    184.528  196.49390  195.98622 1.1856e-01 2.7732e+01     51.015          1     171353    468.016    27.7370    27.7420    466.104   7139.667     3.0085     2.8364     4.9280     4.5726     0.0000     0.0000     3.0085         11  0.000e+00
      98.58     0.0836         11   5.733473     -0.675    -1.8000   27.74636  -87.97694    210.883    184.526  196.49424  195.98656 1.1856e-01 2.7732e+01     50.987          1     171354    468.035    27.7370    27.7422    466.123   7139.708     3.0073     2.8364     4.9292     4.5714     0.0000     0.0000     3.0073         11  0.000e+00
      98.56     0.0836         11   5.733496     -0.676    -1.8000   27.74636  -87.97694    210.984    184.620  196.49364  195.98596 1.1856e-01 2.7732e+01     50.958          1     171355    468.036    27.7372    27.7437    466.126   7139.750     3.0085     2.8376     4.9280     4.5714     0.0000     0.0000     3.0085         11  0.000e+00
      98.58     0.0825         11   5.733473      1.352    -1.8000   27.74636  -87.97694    210.986    184.618  196.49425  195.98657 1.1856e-01 2.7732e+01     51.015          1     171356    468.036    27.7370    27.7448    466.124   7139.792     3.0085     2.8376     4.9292     4.5726     0.0000     0.0000     3.0085         11  0.000e+00
      98.58     0.0825         11   5.733425     -0.676    -1.8000   27.74636  -87.97694    210.986    184.613  196.49481  195.98713 1.1856e-01 2.7732e+01     50.987          1     171357    468.053    27.7369    27.7466    466.142   7139.833     3.0085     2.8376     4.9292     4.5726     0.0000     0.0000     3.0085         11  0.000e+00
      98.58     0.0825         11   5.733205     -0.675    -1.8000   27.74636  -87.97694    210.987    184.609  196.49621  195.98852 1.1856e-01 2.7732e+01     50.959          1     171358    468.184    27.7372    27.7483    466.274   7139.875     3.0085     2.8376     4.9292     4.5726     0.0000     0.0000     3.0085         11  0.000e+00
      98.56     0.0814         11   5.732605      1.352    -1.8000   27.74636  -87.97694    210.997    184.608  196.50470  195.99697 1.1856e-01 2.7730e+01     51.015          1     171359    468.367    27.7357    27.7492    466.455   7139.917     3.0085     2.8376     4.9280     4.5739     0.0000     0.0000     3.0085         11  0.000e+00
      98.56     0.0825         11   5.732140     -0.675    -1.8000   27.74636  -87.97694    210.901    184.606  196.51160  196.00384 1.1856e-01 2.7729e+01     50.987          1     171360    468.492    27.7345    27.7497    466.581   7139.958     3.0073     2.8376     4.9280     4.5726     0.0000     0.0000     3.0073         11  0.000e+00
      98.58     0.0825         11   5.732053      0.676    -1.8000   27.74636  -87.97694    210.901    184.608  196.51040  196.00264 1.1856e-01 2.7730e+01     51.015          1     171361    468.615    27.7354    27.7505    466.703   7140.000     3.0073     2.8376     4.9292     4.5726     0.0000     0.0000     3.0073         11  0.000e+00
      98.56     0.0825         11   5.732408     -1.351    -1.8000   27.74636  -87.97694    210.996    184.618  196.50482  195.99709 1.1856e-01 2.7731e+01     50.959          1     171362    468.527    27.7365    27.7497    466.617   7140.042     3.0085     2.8376     4.9280     4.5726     0.0000     0.0000     3.0085         11  0.000e+00
      98.56     0.0825         11   5.732810      0.676    -1.8000   27.74636  -87.97694    210.889    184.647  196.50008  195.99236 1.1856e-01 2.7732e+01     50.987          1     171363    468.371    27.7370    27.7435    466.460   7140.083     3.0073     2.8376     4.9280     4.5726     0.0000     0.0000     3.0073         11  0.000e+00
      98.56     0.0814         11   5.732440      0.676    -1.8000   27.74636  -87.97694    210.995    184.705  196.50252  195.99479 1.1856e-01 2.7732e+01     51.015          1     171364    468.594    27.7374    27.7298    466.682   7140.125     3.0085     2.8376     4.9280     4.5739     0.0000     0.0000     3.0085         11  0.000e+00
      98.56     0.0825         11   5.730934     -1.351    -1.8000   27.74636  -87.97694    210.932    184.810  196.54127  196.03341 1.1856e-01 2.7721e+01     50.959          1     171365    468.357    27.7258    27.6907    466.448   7140.167     3.0073     2.8376     4.9280     4.5726     0.0000     0.0000     3.0073         11  0.000e+00
      98.58     0.0814         11   5.729105      0.676    -1.8000   27.74636  -87.97694    211.008    185.019  196.61089  196.10282 1.1856e-01 2.7696e+01     50.987          1     171366    467.194    27.7015    27.6450    465.284   7140.208     3.0073     2.8388     4.9292     4.5739     0.0000     0.0000     3.0073         11  0.000e+00
      98.58     0.0825         11   5.727789      0.676    -1.8000   27.74636  -87.97694    211.048    185.108  196.64752  196.13933 1.1856e-01 2.7685e+01     51.015          1     171367    466.887    27.6902    27.6090    464.976   7140.250     3.0073     2.8388     4.9292     4.5726     0.0000     0.0000     3.0073         11  0.000e+00
      98.58     0.0825         11   5.726946     -2.533    -1.8000   27.74636  -87.97694    210.961    185.186  196.66542  196.15717 1.1856e-01 2.7680e+01     50.909          1     171368    466.898    27.6854    27.5728    464.992   7140.292     3.0061     2.8388     4.9292     4.5726     0.0000     0.0000     3.0061         11  0.000e+00
      98.58     0.0825         11   5.726284      2.534    -1.8000   27.74636  -87.97694    210.988    185.233  196.68857  196.18025 1.1856e-01 2.7672e+01     51.015          1     171369    466.566    27.6776    27.5528    464.656   7140.333     3.0061     2.8388     4.9292     4.5726     0.0000     0.0000     3.0061         11  0.000e+00
      98.58     0.0814         11   5.725748     -1.858    -1.8000   27.74636  -87.97694    211.005    185.262  196.70552  196.19715 1.1856e-01 2.7667e+01     50.938          1     171370    466.355    27.6720    27.5376    464.447   7140.375     3.0061     2.8388     4.9292     4.5739     0.0000     0.0000     3.0061         11  0.000e+00
      98.56     0.0825         11   5.725449      0.507    -1.8000   27.74636  -87.97694    210.920    185.273  196.72233  196.21391 1.1856e-01 2.7660e+01     50.959          1     171371    465.955    27.6656    27.5309    464.047   7140.417     3.0049     2.8388     4.9280     4.5726     0.0000     0.0000     3.0049         11  0.000e+00
      98.56     0.0729         12   5.911308      0.169    -1.8000   27.74642  -87.97634    199.095    176.431  191.28894  190.80817 1.1856e-01 2.9450e+01      0.886          1     173643    522.871    29.4427    29.4311    523.037   7235.083     2.9463     2.8034     4.9280     4.5836     0.0000     0.0000     2.9463         12  0.000e+00
      98.56     0.0718         12   5.911212     -3.881    -1.8000   27.74642  -87.97634    198.993    176.429  191.29003  190.80925 1.1856e-01 2.9449e+01      0.724          1     173644    522.893    29.4425    29.4302    523.066   7235.125     2.9451     2.8034     4.9280     4.5849     0.0000     0.0000     2.9451         12  0.000e+00
      98.58     0.0697         12   5.911148      2.700    -1.8000   27.74642  -87.97634    199.096    176.432  191.29138  190.81059 1.1856e-01 2.9449e+01      0.836          1     173645    522.900    29.4422    29.4302    523.068   7235.167     2.9463     2.8034     4.9292     4.5873     0.0000     0.0000     2.9463         12  0.000e+00
      98.56     0.0697         12   5.911140     -0.169    -1.8000   27.74642  -87.97634    199.097    176.430  191.29187  190.81107 1.1856e-01 2.9449e+01      0.829          1     173646    522.886    29.4420    29.4312    523.055   7235.208     2.9463     2.8034     4.9280     4.5873     0.0000     0.0000     2.9463         12  0.000e+00
      98.56     0.0697         12   5.911140      0.169    -1.8000   27.74642  -87.97634    199.098    176.429  191.29265  190.81185 1.1856e-01 2.9448e+01      0.836          1     173647    522.854    29.4416    29.4319    523.023   7235.250     2.9463     2.8034     4.9280     4.5873     0.0000     0.0000     2.9463         12  0.000e+00
      98.58     0.0697         12   5.911172     -1.181    -1.8000   27.74642  -87.97634    199.097    176.429  191.29273  190.81193 1.1856e-01 2.9448e+01      0.787          1     173648    522.821    29.4414    29.4312    522.992   7235.292     2.9463     2.8034     4.9292     4.5873     0.0000     0.0000     2.9463         12  0.000e+00
      98.58     0.0686         12   5.911108      1.013    -1.8000   27.74642  -87.97634    199.198    176.336  191.29327  190.81246 1.1856e-01 2.9448e+01      0.829          1     173649    522.855    29.4414    29.4308    523.024   7235.333     2.9475     2.8022     4.9292     4.5885     0.0000     0.0000     2.9475         12  0.000e+00
      98.58     0.0686         12   5.910948     -1.012    -1.8000   27.74642  -87.97634    199.199    176.334  191.29578  190.81496 1.1856e-01 2.9448e+01      0.787          1     173650    522.882    29.4408    29.4312    523.052   7235.375     2.9475     2.8022     4.9292     4.5885     0.0000     0.0000     2.9475         12  0.000e+00
      98.56     0.0697         12   5.910893     -0.337    -1.8000   27.74642  -87.97634    199.203    176.425  191.29937  190.81851 1.1856e-01 2.9446e+01      0.773          1     173651    522.780    29.4394    29.4321    522.952   7235.417     2.9475     2.8034     4.9280     4.5873     0.0000     0.0000     2.9475         12  0.000e+00
      98.56     0.0697         12   5.910893      1.519    -1.8000   27.74642  -87.97634    199.304    176.424  191.29974  190.81889 1.1856e-01 2.9446e+01      0.836          1     173652    522.770    29.4392    29.4334    522.939   7235.458     2.9487     2.8034     4.9280     4.5873     0.0000     0.0000     2.9487         12  0.000e+00
      98.58     0.0697         12   5.910829     -1.519    -1.8000   27.74642  -87.97634    199.303    176.422  191.30025  190.81939 1.1856e-01 2.9446e+01      0.773          1     173653    522.797    29.4392    29.4334    522.969   7235.500     2.9487     2.8034     4.9292     4.5873     0.0000     0.0000     2.9487         12  0.000e+00
      98.56     0.0697         12   5.910797      1.519    -1.8000   27.74642  -87.97634    199.304    176.425  191.29975  190.81890 1.1856e-01 2.9446e+01      0.836          1     173654    522.849    29.4396    29.4328    523.018   7235.542     2.9487     2.8034     4.9280     4.5873     0.0000     0.0000     2.9487         12  0.000e+00
      98.58     0.0697         12   5.910869     -1.519    -1.8000   27.74642  -87.97632    199.300    176.424  191.29722  190.81638 1.1856e-01 2.9447e+01      0.773          1     173655    522.888    29.4405    29.4328    523.059   7235.583     2.9487     2.8034     4.9292     4.5873     0.0000     0.0000     2.9487         12  0.000e+00
      98.58     0.0697         12   5.910901      1.519    -1.8000   27.74642  -87.97632    199.302    176.427  191.29776  190.81692 1.1856e-01 2.9447e+01      0.837          1     173656    522.844    29.4401    29.4322    523.013   7235.625     2.9487     2.8034     4.9292     4.5873     0.0000     0.0000     2.9487         12  0.000e+00
      98.58     0.0697         12   5.910964     -1.519    -1.8000   27.74642  -87.97632    199.400    176.427  191.29721  190.81637 1.1856e-01 2.9447e+01      0.773          1     173657    522.809    29.4401    29.4319    522.980   7235.667     2.9499     2.8034     4.9292     4.5873     0.0000     0.0000     2.9499         12  0.000e+00
      98.58     0.0686         12   5.911020      0.338    -1.8000   27.74642  -87.97632    199.399    176.524  191.29633  190.81550 1.1856e-01 2.9447e+01      0.787          1     173658    522.800    29.4403    29.4308    522.970   7235.708     2.9499     2.8046     4.9292     4.5885     0.0000     0.0000     2.9499         12  0.000e+00
      98.56     0.0708         12   5.911044      1.013    -1.8000   27.74642  -87.97632    199.400    176.526  191.29614  190.81531 1.1856e-01 2.9447e+01      0.830          1     173659    522.791    29.4403    29.4302    522.960   7235.750     2.9499     2.8046     4.9280     4.5861     0.0000     0.0000     2.9499         12  0.000e+00
      98.58     0.0697         12   5.911116     -1.012    -1.8000   27.74642  -87.97632    199.498    176.526  191.29518  190.81436 1.1856e-01 2.9447e+01      0.787          1     173660    522.767    29.4405    29.4300    522.938   7235.792     2.9512     2.8046     4.9292     4.5873     0.0000     0.0000     2.9512         12  0.000e+00
      98.58     0.0697         12   5.911140     -0.337    -1.8000   27.74642  -87.97632    199.498    176.526  191.29534  190.81451 1.1856e-01 2.9447e+01      0.773          1     173661    522.740    29.4403    29.4299    522.911   7235.833     2.9512     2.8046     4.9292     4.5873     0.0000     0.0000     2.9512         12  0.000e+00
      98.56     0.0697         12   5.911108      1.519    -1.8000   27.74642  -87.97632    199.499    176.621  191.29526  190.81444 1.1856e-01 2.9447e+01      0.837          1     173662    522.774    29.4405    29.4297    522.943   7235.875     2.9512     2.8059     4.9280     4.5873     0.0000     0.0000     2.9512         12  0.000e+00
      98.56     0.0708         12   5.911084     -1.519    -1.8000   27.74642  -87.97632    199.398    176.619  191.29544  190.81462 1.1856e-01 2.9447e+01      0.773          1     173663    522.782    29.4405    29.4301    522.953   7235.917     2.9499     2.8059     4.9280     4.5861     0.0000     0.0000     2.9499         12  0.000e+00
      98.56     0.0697         12   5.911156      0.338    -1.8000   27.74642  -87.97632    199.497    176.619  191.29485  190.81403 1.1856e-01 2.9447e+01      0.787          1     173664    522.747    29.4405    29.4305    522.918   7235.958     2.9512     2.8059     4.9280     4.5873     0.0000     0.0000     2.9512         12  0.000e+00
