tests/data/CTD/g01l03s05.ros
* Sea-Bird SBE 9 Data File:
* FileName = D:\CTD DATA\2013\PE13-01 DiMarco\G01L03S05.hex
* Software Version Seasave V 7.21g
* Temperature SN = 4515
* Conductivity SN = 3079
* Number of Bytes Per Scan = 40
* Number of Voltage Words = 5
* Number of Scans Averaged by the Deck Unit = 1
* NMEA Latitude = 27 45.01 N
* NMEA Longitude = 088 44.95 W
* NMEA UTC (Time) = Jul 10 2012  16:10:28
* NMEA baud rate = 4800
# nquan = 31
# nvalues = 588                                   
# units = specified
# name 0 = altM: Altimeter [m]
# name 1 = bat: Beam Attenuation, Chelsea/Seatech [1/m]
# name 2 = bpos: Bottle Position in Carousel
# name 3 = c0S/m: Conductivity [S/m]
# name 4 = dz/dtM: Descent Rate [m/s]
# name 5 = wetCDOM: Fluorescence, WET Labs CDOM [mg/m^3]
# name 6 = latitude: Latitude [deg]
# name 7 = longitude: Longitude [deg]
# name 8 = sbeox0Mm/Kg: Oxygen, SBE 43 [umol/kg]
# name 9 = sbeox1Mm/Kg: Oxygen, SBE 43, 2 [umol/kg]
# name 10 = oxsolMm/Kg: Oxygen Saturation, Garcia & Gordon [umol/kg]
# name 11 = oxsatMm/Kg: Oxygen Saturation, Weiss [umol/kg]
# name 12 = par: PAR/Irradiance, Biospherical/Licor
# name 13 = pla: Plume Anomaly
# name 14 = prDM: Pressure, Digiquartz [db]
# name 15 = pumps: Pump Status
# name 16 = scan: Scan Count
# name 17 = sva: Specific Volume Anomaly [10^-8 * m^3/kg]
# name 18 = t090C: Temperature [ITS-90, deg C]
# name 19 = t190C: Temperature, 2 [ITS-90, deg C]
# name 20 = tsa: Thermosteric Anomaly [10^-8 * m^3/kg]
# name 21 = timeS: Time, Elapsed [seconds]
# name 22 = v0: Voltage 0
# name 23 = v1: Voltage 1
# name 24 = v2: Voltage 2
# name 25 = v3: Voltage 3
# name 26 = v4: Voltage 4
# name 27 = v5: Voltage 5
# name 28 = sbeox0V: Oxygen raw, SBE 43 [V]
# name 29 = nbf: Bottles Fired
# name 30 = flag:  0.000e+00
# interval = seconds: 0.0416667
# start_time = Jul 10 2012 16:10:28 [NMEA time, header]
# bad_flag = -9.990e-29
*END*
[from data line 47]
      98.63     0.0527          1   3.346536     -1.392    -1.8000   27.76588  -88.73620    221.340    187.470  313.15684  313.94859 1.1856e-01 4.0874e+00   1671.763          1      73879     50.928     4.2253     4.2246     34.680   3078.250     1.8291     1.7253     4.9316     4.6068     0.0000     0.0000     1.8291          1  0.000e+00
      98.66     0.0527          1   3.346530      0.871    -1.8000   27.76588  -88.73620    221.341    187.470  313.15705  313.94880 1.1856e-01 4.0874e+00   1671.800          1      73880     50.935     4.2253     4.2248     34.687   3078.292     1.8291     1.7253     4.9328     4.6068     0.0000     0.0000     1.8291          1  0.000e+00
      98.66     0.0474          2   3.343142     -0.346    -1.8000   27.76738  -88.73480    216.141    183.253  312.51400  313.29318 1.1856e-01 4.1986e+00   1414.082          1      82077     50.160     4.3133     4.3128     36.086   3419.833     1.8449     1.7411     4.9328     4.6129     0.0000     0.0000     1.8449          2  0.000e+00
      98.66     0.0474          2   3.343110      1.388    -1.8000   27.76738  -88.73480    216.144    183.255  312.51639  313.29560 1.1856e-01 4.1983e+00   1414.139          1      82078     50.164     4.3130     4.3126     36.090   3419.875     1.8449     1.7411     4.9328     4.6129     0.0000     0.0000     1.8449          2  0.000e+00
      98.66     0.0474          2   3.343116      0.001    -1.8000   27.76738  -88.73480    216.144    183.255  312.51573  313.29493 1.1856e-01 4.1984e+00   1414.139          1      82079     50.167     4.3131     4.3126     36.093   3419.917     1.8449     1.7411     4.9328     4.6129     0.0000     0.0000     1.8449          2  0.000e+00
      98.66     0.0474          2   3.343123     -3.986    -1.8000   27.76738  -88.73480    216.336    183.251  312.51512  313.29432 1.1856e-01 4.1984e+00   1413.973          1      82080     50.158     4.3132     4.3128     36.086   3419.958     1.8462     1.7411     4.9328     4.6129     0.0000     0.0000     1.8462          2  0.000e+00
      98.66     0.0463          2   3.343148      1.387    -1.8000   27.76738  -88.73480    216.140    183.253  312.51474  313.29395 1.1856e-01 4.1984e+00   1414.031          1      82081     50.135     4.3131     4.3126     36.061   3420.000     1.8449     1.7411     4.9328     4.6142     0.0000     0.0000     1.8449          2  0.000e+00
      98.66     0.0474          2   3.343110      1.214    -1.8000   27.76738  -88.73480    216.142    183.253  312.51559  313.29479 1.1856e-01 4.1984e+00   1414.082          1      82082     50.174     4.3132     4.3128     36.101   3420.042     1.8449     1.7411     4.9328     4.6129     0.0000     0.0000     1.8449          2  0.000e+00
      98.66     0.0463          2   3.343154      0.001    -1.8000   27.76738  -88.73480    216.142    183.072  312.51462  313.29384 1.1856e-01 4.1984e+00   1414.082          1      82083     50.132     4.3131     4.3126     36.058   3420.083     1.8449     1.7399     4.9328     4.6142     0.0000     0.0000     1.8449          2  0.000e+00
      98.66     0.0474          2   3.343186     -0.866    -1.8000   27.76738  -88.73480    216.139    183.071  312.51274  313.29194 1.1856e-01 4.1986e+00   1414.046          1      82084     50.120     4.3133     4.3126     36.046   3420.125     1.8449     1.7399     4.9328     4.6129     0.0000     0.0000     1.8449          2  0.000e+00
      98.66     0.0474          2   3.343142      0.868    -1.8000   27.76738  -88.73480    216.142    183.071  312.51497  313.29418 1.1856e-01 4.1984e+00   1414.082          1      82085     50.143     4.3131     4.3128     36.069   3420.167     1.8449     1.7399     4.9328     4.6129     0.0000     0.0000     1.8449          2  0.000e+00
      98.66     0.0474          2   3.343142      0.001    -1.8000   27.76738  -88.73480    216.142    183.071  312.51473  313.29393 1.1856e-01 4.1984e+00   1414.082          1      82086     50.147     4.3132     4.3127     36.073   3420.208     1.8449     1.7399     4.9328     4.6129     0.0000     0.0000     1.8449          2  0.000e+00
      98.66     0.0474          2   3.343129     -1.212    -1.8000   27.76738  -88.73480    216.141    183.252  312.51526  313.29447 1.1856e-01 4.1984e+00   1414.031          1      82087     50.151     4.3131     4.3126     36.078   3420.250     1.8449     1.7411     4.9328     4.6129     0.0000     0.0000     1.8449          2  0.000e+00
      98.66     0.0474          2   3.343129      0.001    -1.8000   27.76738  -88.73480    216.140    183.252  312.51502  313.29422 1.1856e-01 4.1984e+00   1414.031          1      82088     50.156     4.3132     4.3128     36.082   3420.292     1.8449     1.7411     4.9328     4.6129     0.0000     0.0000     1.8449          2  0.000e+00
      98.66     0.0474          2   3.343167      0.001    -1.8000   27.76738  -88.73480    216.140    183.252  312.51494  313.29419 1.1856e-01 4.1982e+00   1414.031          1      82089     50.106     4.3130     4.3126     36.032   3420.333     1.8449     1.7411     4.9328     4.6129     0.0000     0.0000     1.8449          2  0.000e+00
      98.66     0.0474          2   3.343142      1.214    -1.8000   27.76738  -88.73480    216.142    183.254  312.51473  313.29393 1.1856e-01 4.1984e+00   1414.082          1      82090     50.147     4.3132     4.3125     36.073   3420.375     1.8449     1.7411     4.9328     4.6129     0.0000     0.0000     1.8449          2  0.000e+00
      98.66     0.0453          2   3.343129     -1.212    -1.8000   27.76738  -88.73480    216.140    183.253  312.51429  313.29347 1.1856e-01 4.1986e+00   1414.032          1      82091     50.169     4.3133     4.3127     36.095   3420.417     1.8449     1.7411     4.9328     4.6154     0.0000     0.0000     1.8449          2  0.000e+00
      98.66     0.0463          2   3.343148      1.561    -1.8000   27.76738  -88.73480    216.141    183.254  312.51384  313.29302 1.1856e-01 4.1986e+00   1414.097          1      82092     50.155     4.3133     4.3126     36.081   3420.458     1.8449     1.7411     4.9328     4.6142     0.0000     0.0000     1.8449          2  0.000e+00
      98.66     0.0474          2   3.343173     -1.559    -1.8000   27.76738  -88.73480    215.941    183.253  312.51235  313.29152 1.1856e-01 4.1987e+00   1414.032          1      82093     50.144     4.3135     4.3125     36.069   3420.500     1.8437     1.7411     4.9328     4.6129     0.0000     0.0000     1.8437          2  0.000e+00
      98.66     0.0463          2   3.343161      0.001    -1.8000   27.76738  -88.73480    216.140    183.252  312.51415  313.29336 1.1856e-01 4.1984e+00   1414.032          1      82094     50.128     4.3132     4.3129     36.054   3420.542     1.8449     1.7411     4.9328     4.6142     0.0000     0.0000     1.8449          2  0.000e+00
      98.66     0.0463          2   3.343135      0.001    -1.8000   27.76738  -88.73480    216.140    183.434  312.51412  313.29329 1.1856e-01 4.1986e+00   1414.032          1      82095     50.163     4.3133     4.3128     36.090   3420.583     1.8449     1.7424     4.9328     4.6142     0.0000     0.0000     1.8449          2  0.000e+00
      98.66     0.0463          2   3.343142      0.001    -1.8000   27.76738  -88.73480    216.140    183.253  312.51394  313.29312 1.1856e-01 4.1986e+00   1414.032          1      82096     50.158     4.3133     4.3126     36.084   3420.625     1.8449     1.7411     4.9328     4.6142     0.0000     0.0000     1.8449          2  0.000e+00
      98.66     0.0463          2   3.343154      0.001    -1.8000   27.76738  -88.73480    216.139    183.252  312.51360  313.29278 1.1856e-01 4.1986e+00   1414.032          1      82097     50.147     4.3133     4.3127     36.073   3420.667     1.8449     1.7411     4.9328     4.6142     0.0000     0.0000     1.8449          2  0.000e+00
      98.66     0.0463          2   3.343110      1.214    -1.8000   27.76738  -88.73480    216.142    183.254  312.51584  313.29504 1.1856e-01 4.1984e+00   1414.082          1      82098     50.170     4.3131     4.3126     36.097   3420.708     1.8449     1.7411     4.9328     4.6142     0.0000     0.0000     1.8449          2  0.000e+00
      98.66     0.0463          2   3.343135     -1.212    -1.8000   27.76738  -88.73480    216.140    183.252  312.51484  313.29405 1.1856e-01 4.1984e+00   1414.032          1      82099     50.150     4.3132     4.3127     36.077   3420.750     1.8449     1.7411     4.9328     4.6142     0.0000     0.0000     1.8449          2  0.000e+00
      98.66     0.0463          2   3.343129      0.348    -1.8000   27.76740  -88.73476    216.141    183.253  312.51528  313.29448 1.1856e-01 4.1984e+00   1414.046          1      82100     50.152     4.3131     4.3126     36.079   3420.792     1.8449     1.7411     4.9328     4.6142     0.0000     0.0000     1.8449          2  0.000e+00
      98.66     0.0463          2   3.343148     -0.346    -1.8000   27.76740  -88.73476    216.140    183.253  312.51450  313.29370 1.1856e-01 4.1984e+00   1414.032          1      82101     50.139     4.3132     4.3126     36.066   3420.833     1.8449     1.7411     4.9328     4.6142     0.0000     0.0000     1.8449          2  0.000e+00
      98.66     0.0474          2   3.343135      0.001    -1.8000   27.76740  -88.73476    215.944    183.252  312.51581  313.29505 1.1856e-01 4.1982e+00   1414.032          1      82102     50.133     4.3130     4.3127     36.060   3420.875     1.8437     1.7411     4.9328     4.6129     0.0000     0.0000     1.8437          2  0.000e+00
      98.66     0.0463          2   3.343142      0.001    -1.8000   27.76740  -88.73476    216.140    183.253  312.51467  313.29388 1.1856e-01 4.1984e+00   1414.032          1      82103     50.145     4.3132     4.3126     36.071   3420.917     1.8449     1.7411     4.9328     4.6142     0.0000     0.0000     1.8449          2  0.000e+00
      98.63     0.0463          2   3.343129      0.001    -1.8000   27.76740  -88.73476    216.140    183.252  312.51429  313.29347 1.1856e-01 4.1986e+00   1414.032          1      82104     50.169     4.3133     4.3127     36.095   3420.958     1.8449     1.7411     4.9316     4.6142     0.0000     0.0000     1.8449          2  0.000e+00
      98.66     0.0463          2   3.343148      0.001    -1.8000   27.76740  -88.73476    215.942    183.434  312.51377  313.29295 1.1856e-01 4.1986e+00   1414.032          1      82105     50.152     4.3133     4.3128     36.079   3421.000     1.8437     1.7424     4.9328     4.6142     0.0000     0.0000     1.8437          2  0.000e+00
      98.66     0.0463          2   3.343148      0.001    -1.8000   27.76740  -88.73476    216.140    183.253  312.51474  313.29395 1.1856e-01 4.1984e+00   1414.032          1      82106     50.135     4.3131     4.3126     36.061   3421.042     1.8449     1.7411     4.9328     4.6142     0.0000     0.0000     1.8449          2  0.000e+00
      98.66     0.0463          2   3.343129      0.001    -1.8000   27.76740  -88.73476    216.140    183.252  312.51429  313.29347 1.1856e-01 4.1986e+00   1414.032          1      82107     50.169     4.3133     4.3127     36.095   3421.083     1.8449     1.7411     4.9328     4.6142     0.0000     0.0000     1.8449          2  0.000e+00
      98.66     0.0463          2   3.343148      0.001    -1.8000   27.76740  -88.73476    216.140    183.252  312.51474  313.29395 1.1856e-01 4.1984e+00   1414.032          1      82108     50.135     4.3131     4.3126     36.061   3421.125     1.8449     1.7411     4.9328     4.6142     0.0000     0.0000     1.8449          2  0.000e+00
      98.66     0.0463          2   3.343135      0.348    -1.8000   27.76740  -88.73476    216.141    183.253  312.51486  313.29406 1.1856e-01 4.1984e+00   1414.047          1      82109     50.151     4.3132     4.3126     36.077   3421.167     1.8449     1.7411     4.9328     4.6142     0.0000     0.0000     1.8449          2  0.000e+00
      98.66     0.0463          2   3.343142     -0.346    -1.8000   27.76740  -88.73476    216.140    183.252  312.51394  313.29312 1.1856e-01 4.1986e+00   1414.032          1      82110     50.158     4.3133     4.3128     36.084   3421.208     1.8449     1.7411     4.9328     4.6142     0.0000     0.0000     1.8449          2  0.000e+00
      98.66     0.0453          2   3.343154      0.001    -1.8000   27.76740  -88.73476    216.140    183.252  312.51432  313.29353 1.1856e-01 4.1984e+00   1414.032          1      82111     50.134     4.3132     4.3126     36.060   3421.250     1.8449     1.7411     4.9328     4.6154     0.0000     0.0000     1.8449          2  0.000e+00
      98.66     0.0463          2   3.343135      0.001    -1.8000   27.76740  -88.73476    216.140    183.251  312.51509  313.29430 1.1856e-01 4.1984e+00   1414.032          1      82112     50.146     4.3131     4.3129     36.072   3421.292     1.8449     1.7411     4.9328     4.6142     0.0000     0.0000     1.8449          2  0.000e+00
      98.66     0.0463          2   3.343186      0.001    -1.8000   27.76740  -88.73476    216.140    183.253  312.51418  313.29343 1.1856e-01 4.1983e+00   1414.032          1      82113     50.094     4.3130     4.3125     36.019   3421.333     1.8449     1.7411     4.9328     4.6142     0.0000     0.0000     1.8449          2  0.000e+00
      98.66     0.0463          2   3.343123      0.001    -1.8000   27.76740  -88.73476    216.140    183.252  312.51446  313.29364 1.1856e-01 4.1986e+00   1414.032          1      82114     50.174     4.3133     4.3126     36.101   3421.375     1.8449     1.7411     4.9328     4.6142     0.0000     0.0000     1.8449          2  0.000e+00
      98.66     0.0463          2   3.343167     -1.386    -1.8000   27.76740  -88.73476    216.139    183.250  312.51464  313.29388 1.1856e-01 4.1983e+00   1413.975          1      82115     50.107     4.3130     4.3129     36.034   3421.417     1.8449     1.7411     4.9328     4.6142     0.0000     0.0000     1.8449          2  0.000e+00
      98.66     0.0463          2   3.343135      1.388    -1.8000   27.76740  -88.73476    215.943    183.252  312.51412  313.29330 1.1856e-01 4.1986e+00   1414.033          1      82116     50.163     4.3133     4.3126     36.090   3421.458     1.8437     1.7411     4.9328     4.6142     0.0000     0.0000     1.8437          2  0.000e+00
      98.66     0.0463          2   3.343123      0.348    -1.8000   27.76740  -88.73476    216.141    183.253  312.51593  313.29516 1.1856e-01 4.1983e+00   1414.047          1      82117     50.149     4.3130     4.3127     36.076   3421.500     1.8449     1.7411     4.9328     4.6142     0.0000     0.0000     1.8449          2  0.000e+00
      98.66     0.0463          2   3.343148     -0.346    -1.8000   27.76740  -88.73476    216.140    183.252  312.51474  313.29396 1.1856e-01 4.1984e+00   1414.033          1      82118     50.135     4.3131     4.3128     36.061   3421.542     1.8449     1.7411     4.9328     4.6142     0.0000     0.0000     1.8449          2  0.000e+00
      98.66     0.0463          2   3.343135      0.001    -1.8000   27.76740  -88.73476    216.140    183.252  312.51484  313.29405 1.1856e-01 4.1984e+00   1414.033          1      82119     50.150     4.3132     4.3128     36.077   3421.583     1.8449     1.7411     4.9328     4.6142     0.0000     0.0000     1.8449          2  0.000e+00
      98.66     0.0463          2   3.343167      0.001    -1.8000   27.76740  -88.73476    216.140    183.252  312.51422  313.29344 1.1856e-01 4.1984e+00   1414.033          1      82120     50.119     4.3131     4.3127     36.045   3421.625     1.8449     1.7411     4.9328     4.6142     0.0000     0.0000     1.8449          2  0.000e+00
