tests/data/CTD/g01l03s01m-m2.ros
* Sea-Bird SBE 9 Data File:
* FileName = D:\CTD DATA\2013\PE13-01 DiMarco\G01L03S01M-M2.hex
* Software Version Seasave V 7.21g
* Temperature SN = 4515
* Conductivity SN = 3079
* Number of Bytes Per Scan = 40
* Number of Voltage Words = 5
* Number of Scans Averaged by the Deck Unit = 1
* NMEA Latitude = 28 44.57 N
* NMEA Longitude = 088 44.45 W
* NMEA UTC (Time) = Jul 05 2012  22:15:57
* NMEA baud rate = 4800
# nquan = 31
# nvalues = 588                                   
# units = specified
# name 0 = altM: Altimeter [m]
# name 1 = bat: Beam Attenuation, Chelsea/Seatech [1/m]
# name 2 = bpos: Bottle Position in Carousel
# name 3 = c0S/m: Conductivity [S/m]
# name 4 = dz/dtM: Descent Rate [m/s]
# name 5 = wetCDOM: Fluorescence, WET Labs CDOM [mg/m^3]
# name 6 = latitude: Latitude [deg]
# name 7 = longitude: Longitude [deg]
# name 8 = sbeox0Mm/Kg: Oxygen, SBE 43 [umol/kg]
# name 9 = sbeox1Mm/Kg: Oxygen, SBE 43, 2 [umol/kg]
# name 10 = oxsolMm/Kg: Oxygen Saturation, Garcia & Gordon [umol/kg]
# name 11 = oxsatMm/Kg: Oxygen Saturation, Weiss [umol/kg]
# name 12 = par: PAR/Irradiance, Biospherical/Licor
# name 13 = pla: Plume Anomaly
# name 14 = prDM: Pressure, Digiquartz [db]
# name 15 = pumps: Pump Status
# name 16 = scan: Scan Count
# name 17 = sva: Specific Volume Anomaly [10^-8 * m^3/kg]
# name 18 = t090C: Temperature [ITS-90, deg C]
# name 19 = t190C: Temperature, 2 [ITS-90, deg C]
# name 20 = tsa: Thermosteric Anomaly [10^-8 * m^3/kg]
# name 21 = timeS: Time, Elapsed [seconds]
# name 22 = v0: Voltage 0
# name 23 = v1: Voltage 1
# name 24 = v2: Voltage 2
# name 25 = v3: Voltage 3
# name 26 = v4: Voltage 4
# name 27 = v5: Voltage 5
# name 28 = sbeox0V: Oxygen raw, SBE 43 [V]
# name 29 = nbf: Bottles Fired
# name 30 = flag:  0.000e+00
# interval = seconds: 0.0416667
# start_time = Jul 05 2012 22:15:57 [NMEA time, header]
# bad_flag = -9.990e-29
*END*
[from data line 281]
      98.73     0.0368          6   3.700729      1.364     3.5114   28.73006  -88.72928    123.948    105.282  283.17562  283.45509 1.2268e-01 8.5301e+00    505.734          1      96365     94.898     8.5824     8.5820     85.545   4015.167     1.4652     1.3956     4.9365     4.6252     0.0147     0.2125     1.4652          6  0.000e+00
      98.73     0.0368          6   3.700768     -1.362     3.4503   28.73006  -88.72928    123.947    105.281  283.17452  283.45399 1.2303e-01 8.5301e+00    505.677          1      96366     94.868     8.5825     8.5818     85.516   4015.208     1.4652     1.3956     4.9365     4.6252     0.0159     0.2100     1.4652          6  0.000e+00
      98.73     0.0357          6   3.700735      0.171     3.4503   28.73006  -88.72928    123.947    105.281  283.17543  283.45490 1.2303e-01 8.5301e+00    505.684          1      96367     94.890     8.5824     8.5823     85.538   4015.250     1.4652     1.3956     4.9365     4.6264     0.0159     0.2100     1.4652          6  0.000e+00
      98.73     0.0357          6   3.700722      1.194     3.4503   28.73006  -88.72928    124.106    105.136  283.17557  283.45504 1.2303e-01 8.5301e+00    505.734          1      96368     94.907     8.5825     8.5821     85.554   4015.292     1.4664     1.3944     4.9365     4.6264     0.0159     0.2100     1.4664          6  0.000e+00
      98.71     0.0357          6   3.700768     -1.362     3.4503   28.73006  -88.72928    123.946    105.281  283.17395  283.45341 1.2303e-01 8.5303e+00    505.677          1      96369     94.880     8.5826     8.5821     85.528   4015.333     1.4652     1.3956     4.9353     4.6264     0.0159     0.2100     1.4652          6  0.000e+00
      98.73     0.0357          6   3.700735      0.001     3.4503   28.73006  -88.72928    124.105    105.281  283.17543  283.45490 1.2303e-01 8.5301e+00    505.677          1      96370     94.890     8.5824     8.5821     85.538   4015.375     1.4664     1.3956     4.9365     4.6264     0.0159     0.2100     1.4664          6  0.000e+00
      98.73     0.0357          6   3.700722      0.171     3.4503   28.73006  -88.72928    123.947    105.135  283.17629  283.45578 1.2303e-01 8.5299e+00    505.684          1      96371     94.889     8.5823     8.5821     85.537   4015.417     1.4652     1.3944     4.9365     4.6264     0.0159     0.2100     1.4652          6  0.000e+00
      98.73     0.0368          6   3.700696      1.194     3.4503   28.73006  -88.72928    123.948    105.136  283.17634  283.45580 1.2303e-01 8.5301e+00    505.734          1      96372     94.924     8.5824     8.5823     85.571   4015.458     1.4652     1.3944     4.9365     4.6252     0.0159     0.2100     1.4652          6  0.000e+00
      98.73     0.0357          6   3.700735     -1.362     3.4503   28.73006  -88.72928    123.947    105.280  283.17447  283.45392 1.2303e-01 8.5303e+00    505.677          1      96373     94.910     8.5827     8.5823     85.558   4015.500     1.4652     1.3956     4.9365     4.6264     0.0159     0.2100     1.4652          6  0.000e+00
      98.73     0.0357          6   3.700755      0.001     3.4503   28.73006  -88.72928    123.946    105.135  283.17366  283.45310 1.2303e-01 8.5304e+00    505.677          1      96374     94.903     8.5828     8.5823     85.550   4015.542     1.4652     1.3944     4.9365     4.6264     0.0159     0.2100     1.4652          6  0.000e+00
      98.73     0.0357          6   3.700728      0.171     3.4503   28.73006  -88.72928    124.105    105.280  283.17481  283.45426 1.2303e-01 8.5303e+00    505.684          1      96375     94.912     8.5826     8.5826     85.559   4015.583     1.4664     1.3956     4.9365     4.6264     0.0159     0.2100     1.4664          6  0.000e+00
      98.73     0.0357          6   3.700742     -0.170     3.4503   28.73006  -88.72928    124.105    105.280  283.17509  283.45456 1.2303e-01 8.5301e+00    505.677          1      96376     94.889     8.5825     8.5824     85.537   4015.625     1.4664     1.3956     4.9365     4.6264     0.0159     0.2100     1.4664          6  0.000e+00
      98.73     0.0357          6   3.700755      0.001     3.4503   28.73006  -88.72928    124.104    105.135  283.17366  283.45310 1.2303e-01 8.5304e+00    505.677          1      96377     94.903     8.5828     8.5824     85.550   4015.667     1.4664     1.3944     4.9365     4.6264     0.0159     0.2100     1.4664          6  0.000e+00
      98.71     0.0410          7   3.837816     -2.040     3.5419   28.72912  -88.72862    123.660    105.170  274.69741  274.85539 1.2338e-01 9.8803e+00    404.314          1     102641    103.334     9.9252     9.9259     94.855   4276.667     1.5067     1.4347     4.9353     4.6203     0.0171     0.2137     1.5067          7  0.000e+00
      98.71     0.0410          7   3.837829      3.742     3.5419   28.72912  -88.72862    123.813    105.172  274.69728  274.85526 1.2338e-01 9.8803e+00    404.470          1     102642    103.332     9.9252     9.9262     94.850   4276.708     1.5079     1.4347     4.9353     4.6203     0.0171     0.2137     1.5079          7  0.000e+00
      98.71     0.0410          7   3.837809     -3.740     3.5419   28.72912  -88.72862    123.660    105.169  274.69755  274.85552 1.2303e-01 9.8803e+00    404.314          1     102643    103.339     9.9252     9.9262     94.860   4276.750     1.5067     1.4347     4.9353     4.6203     0.0159     0.2137     1.5067          7  0.000e+00
      98.71     0.0400          7   3.837829      2.552     3.5419   28.72912  -88.72862    123.812    105.032  274.69724  274.85521 1.2303e-01 9.8803e+00    404.421          1     102644    103.330     9.9252     9.9261     94.848   4276.792     1.5079     1.4335     4.9353     4.6215     0.0159     0.2137     1.5079          7  0.000e+00
      98.71     0.0410          7   3.837836     -1.190     3.5419   28.72912  -88.72862    123.661    105.032  274.69706  274.85504 1.2338e-01 9.8803e+00    404.371          1     102645    103.322     9.9252     9.9259     94.842   4276.833     1.5067     1.4335     4.9353     4.6203     0.0171     0.2137     1.5067          7  0.000e+00
      98.71     0.0410          7   3.837836      0.001     3.5419   28.72912  -88.72862    123.661    105.033  274.69759  274.85558 1.2338e-01 9.8802e+00    404.371          1     102646    103.310     9.9251     9.9254     94.830   4276.875     1.5067     1.4335     4.9353     4.6203     0.0171     0.2137     1.5067          7  0.000e+00
      98.71     0.0410          7   3.837836      0.001     3.5419   28.72912  -88.72862    123.660    105.033  274.69582  274.85377 1.2303e-01 9.8806e+00    404.371          1     102647    103.349     9.9256     9.9256     94.869   4276.917     1.5067     1.4335     4.9353     4.6203     0.0159     0.2137     1.5067          7  0.000e+00
      98.71     0.0410          7   3.837836      0.001     3.5724   28.72912  -88.72862    123.660    105.033  274.69635  274.85431 1.2338e-01 9.8805e+00    404.371          1     102648    103.338     9.9254     9.9254     94.857   4276.958     1.5067     1.4335     4.9353     4.6203     0.0171     0.2149     1.5067          7  0.000e+00
      98.71     0.0410          7   3.837856      1.191     3.5724   28.72912  -88.72862    123.661    105.174  274.69599  274.85395 1.2338e-01 9.8805e+00    404.421          1     102649    103.325     9.9254     9.9251     94.844   4277.000     1.5067     1.4347     4.9353     4.6203     0.0171     0.2149     1.5067          7  0.000e+00
      98.71     0.0410          7   3.837869     -3.060     3.5724   28.72912  -88.72862    123.809    105.034  274.69437  274.85230 1.2338e-01 9.8808e+00    404.293          1     102650    103.335     9.9257     9.9248     94.857   4277.042     1.5079     1.4335     4.9353     4.6203     0.0171     0.2149     1.5079          7  0.000e+00
      98.71     0.0410          7   3.837896      3.062     3.5724   28.72912  -88.72862    123.660    105.175  274.69323  274.85115 1.2338e-01 9.8810e+00    404.421          1     102651    103.338     9.9259     9.9246     94.856   4277.083     1.5067     1.4347     4.9353     4.6203     0.0171     0.2149     1.5067          7  0.000e+00
      98.71     0.0421          7   3.837876     -1.190     3.5724   28.72912  -88.72862    123.660    105.174  274.69501  274.85296 1.2338e-01 9.8806e+00    404.371          1     102652    103.319     9.9256     9.9248     94.839   4277.125     1.5067     1.4347     4.9353     4.6190     0.0171     0.2149     1.5067          7  0.000e+00
      98.71     0.0410          7   3.837849      0.001     3.5724   28.72912  -88.72862    123.811    105.174  274.69484  274.85277 1.2338e-01 9.8808e+00    404.371          1     102653    103.355     9.9257     9.9248     94.875   4277.167     1.5079     1.4347     4.9353     4.6203     0.0171     0.2149     1.5079          7  0.000e+00
      98.71     0.0410          7   3.837883      1.191     3.5724   28.72912  -88.72862    123.660    105.174  274.69421  274.85215 1.2338e-01 9.8808e+00    404.421          1     102654    103.332     9.9257     9.9249     94.851   4277.208     1.5067     1.4347     4.9353     4.6203     0.0171     0.2149     1.5067          7  0.000e+00
      98.71     0.0410          7   3.837876     -2.550     3.5724   28.72912  -88.72862    123.658    105.033  274.69354  274.85146 1.2338e-01 9.8810e+00    404.315          1     102655    103.347     9.9259     9.9249     94.868   4277.250     1.5067     1.4335     4.9353     4.6203     0.0171     0.2149     1.5067          7  0.000e+00
      98.71     0.0410          7   3.837869      1.361     3.5724   28.72912  -88.72862    123.659    105.034  274.69444  274.85237 1.2373e-01 9.8808e+00    404.372          1     102656    103.340     9.9257     9.9251     94.859   4277.292     1.5067     1.4335     4.9353     4.6203     0.0183     0.2149     1.5067          7  0.000e+00
      98.73     0.0410          7   3.837896      0.001     3.5724   28.72912  -88.72862    123.810    105.173  274.69319  274.85111 1.2338e-01 9.8810e+00    404.372          1     102657    103.335     9.9259     9.9251     94.855   4277.333     1.5079     1.4347     4.9365     4.6203     0.0171     0.2149     1.5079          7  0.000e+00
      98.71     0.0410          7   3.837849      0.001     3.5724   28.72912  -88.72862    123.811    105.173  274.69555  274.85350 1.2338e-01 9.8806e+00    404.372          1     102658    103.339     9.9256     9.9249     94.859   4277.375     1.5079     1.4347     4.9353     4.6203     0.0171     0.2149     1.5079          7  0.000e+00
      98.73     0.0400          7   3.837789      0.001     3.5724   28.72912  -88.72862    123.813    105.034  274.69942  274.85742 1.2338e-01 9.8800e+00    404.372          1     102659    103.326     9.9249     9.9251     94.846   4277.417     1.5079     1.4335     4.9365     4.6215     0.0171     0.2149     1.5079          7  0.000e+00
      98.71     0.0410          7   3.837796     -0.679     3.5724   28.72912  -88.72862    123.662    105.033  274.70120  274.85926 1.2338e-01 9.8795e+00    404.343          1     102660    103.276     9.9244     9.9251     94.797   4277.458     1.5067     1.4335     4.9353     4.6203     0.0171     0.2149     1.5067          7  0.000e+00
      98.73     0.0400          7   3.837776      0.681     3.5724   28.72912  -88.72862    123.813    105.034  274.70092  274.85896 1.2338e-01 9.8796e+00    404.372          1     102661    103.309     9.9246     9.9249     94.829   4277.500     1.5079     1.4335     4.9365     4.6215     0.0171     0.2149     1.5079          7  0.000e+00
      98.71     0.0410          7   3.837769     -1.360     3.5724   28.72912  -88.72862    123.661    105.172  274.70030  274.85832 1.2338e-01 9.8798e+00    404.315          1     102662    103.326     9.9248     9.9253     94.848   4277.542     1.5067     1.4347     4.9353     4.6203     0.0171     0.2149     1.5067          7  0.000e+00
      98.73     0.0410          7   3.837742      1.361     3.5724   28.72912  -88.72862    123.663    105.173  274.70231  274.86036 1.2338e-01 9.8795e+00    404.372          1     102663    103.318     9.9244     9.9249     94.839   4277.583     1.5067     1.4347     4.9365     4.6203     0.0171     0.2149     1.5067          7  0.000e+00
      98.73     0.0410          7   3.837702      0.001     3.5724   28.72912  -88.72862    123.663    105.034  274.70241  274.86043 1.2338e-01 9.8796e+00    404.372          1     102664    103.364     9.9246     9.9251     94.885   4277.625     1.5067     1.4335     4.9365     4.6203     0.0171     0.2149     1.5067          7  0.000e+00
      98.71     0.0410          7   3.837729      0.001     3.5724   28.72912  -88.72862    123.663    105.034  274.70187  274.85990 1.2338e-01 9.8796e+00    404.372          1     102665    103.344     9.9246     9.9251     94.864   4277.667     1.5067     1.4335     4.9353     4.6203     0.0171     0.2149     1.5067          7  0.000e+00
      98.71     0.0410          7   3.837809      0.001     3.5724   28.72912  -88.72862    123.813    105.034  274.69901  274.85702 1.2338e-01 9.8800e+00    404.372          1     102666    103.311     9.9249     9.9251     94.831   4277.708     1.5079     1.4335     4.9353     4.6203     0.0171     0.2149     1.5079          7  0.000e+00
      98.73     0.0400          7   3.837856     -1.360     3.5724   28.72912  -88.72862    123.811    105.033  274.69660  274.85459 1.2338e-01 9.8803e+00    404.315          1     102667    103.304     9.9252     9.9249     94.825   4277.750     1.5079     1.4335     4.9365     4.6215     0.0171     0.2149     1.5079          7  0.000e+00
      98.71     0.0421          7   3.837849      1.361     3.5724   28.72912  -88.72862    123.660    105.034  274.69608  274.85404 1.2338e-01 9.8805e+00    404.372          1     102668    103.327     9.9254     9.9249     94.847   4277.792     1.5067     1.4335     4.9353     4.6190     0.0171     0.2149     1.5067          7  0.000e+00
      98.71     0.0421          7   3.837809     -1.360     3.5724   28.72912  -88.72862    123.660    105.033  274.69755  274.85552 1.2338e-01 9.8803e+00    404.315          1     102669    103.339     9.9252     9.9249     94.860   4277.833     1.5067     1.4335     4.9353     4.6190     0.0171     0.2149     1.5067          7  0.000e+00
      98.71     0.0410          7   3.837803      2.041     3.5724   28.72912  -88.72862    123.813    105.035  274.69917  274.85718 1.2338e-01 9.8799e+00    404.400          1     102670    103.317     9.9249     9.9249     94.837   4277.875     1.5079     1.4335     4.9353     4.6203     0.0171     0.2149     1.5079          7  0.000e+00
      98.73     0.0410          7   3.837729     -2.040     3.5724   28.72912  -88.72862    123.662    105.034  274.70253  274.86057 1.2338e-01 9.8795e+00    404.315          1     102671    103.325     9.9244     9.9249     94.847   4277.917     1.5067     1.4335     4.9365     4.6203     0.0171     0.2149     1.5067          7  0.000e+00
      98.73     0.0410          7   3.837729      2.552     3.5724   28.72912  -88.72862    123.814    105.036  274.70120  274.85922 1.2338e-01 9.8798e+00    404.422          1     102672    103.362     9.9248     9.9246     94.882   4277.958     1.5079     1.4335     4.9365     4.6203     0.0171     0.2149     1.5079          7  0.000e+00
      98.71     0.0410          7   3.837836     -2.550     3.5724   28.72912  -88.72862    123.811    105.034  274.69771  274.85571 1.2338e-01 9.8801e+00    404.315          1     102673    103.303     9.9251     9.9249     94.824   4278.000     1.5079     1.4335     4.9353     4.6203     0.0171     0.2149     1.5079          7  0.000e+00
