tests/data/CTD/g01l03s02.ros
* Sea-Bird SBE 9 Data File:
* FileName = D:\CTD DATA\2013\PE13-01 DiMarco\G01L03S02.hex
* Software Version Seasave V 7.21g
* Temperature SN = 4515
* Conductivity SN = 3079
* Number of Bytes Per Scan = 40
* Number of Voltage Words = 5
* Number of Scans Averaged by the Deck Unit = 1
* NMEA Latitude = 28 30.02 N
* NMEA Longitude = 088 45.03 W
* NMEA UTC (Time) = Jul 08 2012  00:20:26
* NMEA baud rate = 4800
# nquan = 31
# nvalues = 588                                   
# units = specified
# name 0 = altM: Altimeter [m]
# name 1 = bat: Beam Attenuation, Chelsea/Seatech [1/m]
# name 2 = bpos: Bottle Position in Carousel
# name 3 = c0S/m: Conductivity [S/m]
# name 4 = dz/dtM: Descent Rate [m/s]
# name 5 = wetCDOM: Fluorescence, WET Labs CDOM [mg/m^3]
# name 6 = latitude: Latitude [deg]
# name 7 = longitude: Longitude [deg]
# name 8 = sbeox0Mm/Kg: Oxygen, SBE 43 [umol/kg]
# name 9 = sbeox1Mm/Kg: Oxygen, SBE 43, 2 [umol/kg]
# name 10 = oxsolMm/Kg: Oxygen Saturation, Garcia & Gordon [umol/kg]
# name 11 = oxsatMm/Kg: Oxygen Saturation, Weiss [umol/kg]
# name 12 = par: PAR/Irradiance, Biospherical/Licor
# name 13 = pla: Plume Anomaly
# name 14 = prDM: Pressure, Digiquartz [db]
# name 15 = pumps: Pump Status
# name 16 = scan: Scan Count
# name 17 = sva: Specific Volume Anomaly [10^-8 * m^3/kg]
# name 18 = t090C: Temperature [ITS-90, deg C]
# name 19 = t190C: Temperature, 2 [ITS-90, deg C]
# name 20 = tsa: Thermosteric Anomaly [10^-8 * m^3/kg]
# name 21 = timeS: Time, Elapsed [seconds]
# name 22 = v0: Voltage 0
# name 23 = v1: Voltage 1
# name 24 = v2: Voltage 2
# name 25 = v3: Voltage 3
# name 26 = v4: Voltage 4
# name 27 = v5: Voltage 5
# name 28 = sbeox0V: Oxygen raw, SBE 43 [V]
# name 29 = nbf: Bottles Fired
# name 30 = flag:  0.000e+00
# interval = seconds: 0.0416667
# start_time = Jul 08 2012 00:20:26 [NMEA time, header]
# bad_flag = -9.990e-29
*END*
[from data line 94]
      98.66     0.0612          2   3.343177      0.001     3.5114   28.50496  -88.75450    210.365    178.368  311.77548  312.54049 1.3172e-01 4.3166e+00   1211.132          1      58553     49.850     4.4139     4.4145     37.498   2439.667     1.8474     1.7436     4.9328     4.5971     0.0452     0.2125     1.8474          2  0.000e+00
      98.66     0.0612          2   3.343164      0.519     3.4808   28.50496  -88.75450    210.366    178.368  311.77610  312.54111 1.3172e-01 4.3166e+00   1211.154          1      58554     49.858     4.4138     4.4146     37.505   2439.708     1.8474     1.7436     4.9328     4.5971     0.0452     0.2112     1.8474          2  0.000e+00
      98.66     0.0601          2   3.343171     -0.517     3.4808   28.50496  -88.75450    210.365    178.367  311.77494  312.53992 1.3172e-01 4.3168e+00   1211.132          1      58555     49.869     4.4140     4.4146     37.516   2439.750     1.8474     1.7436     4.9328     4.5983     0.0452     0.2112     1.8474          2  0.000e+00
      98.66     0.0612          2   3.343184      0.001     3.4808   28.50496  -88.75450    210.173    178.367  311.77531  312.54032 1.3172e-01 4.3166e+00   1211.132          1      58556     49.845     4.4139     4.4146     37.492   2439.792     1.8462     1.7436     4.9328     4.5971     0.0452     0.2112     1.8462          2  0.000e+00
      98.66     0.0644          3   3.370570      3.792     3.3893   28.50522  -88.75520    194.454    165.191  309.09388  309.80812 1.2986e-01 4.6907e+00   1110.025          1      65047     54.821     4.7819     4.7819     42.641   2710.250     1.7741     1.6789     4.9328     4.5934     0.0391     0.2076     1.7741          3  0.000e+00
      98.66     0.0644          3   3.370557     -2.412     3.3893   28.50522  -88.75520    194.264    165.015  309.09411  309.80834 1.2912e-01 4.6907e+00   1109.924          1      65048     54.827     4.7819     4.7821     42.649   2710.292     1.7729     1.6777     4.9328     4.5934     0.0366     0.2076     1.7729          3  0.000e+00
      98.66     0.0644          3   3.370551     -1.378     3.3587   28.50522  -88.75520    194.450    165.014  309.09374  309.80796 1.3023e-01 4.6908e+00   1109.867          1      65049     54.838     4.7820     4.7821     42.661   2710.333     1.7741     1.6777     4.9328     4.5934     0.0403     0.2063     1.7741          3  0.000e+00
      98.66     0.0644          3   3.370570      2.586     3.3893   28.50522  -88.75520    194.453    165.016  309.09453  309.80879 1.3023e-01 4.6906e+00   1109.975          1      65050     54.806     4.7818     4.7821     42.627   2710.375     1.7741     1.6777     4.9328     4.5934     0.0403     0.2076     1.7741          3  0.000e+00
      98.66     0.0633          3   3.370582     -3.791     3.3893   28.50522  -88.75520    194.449    165.013  309.09401  309.80828 1.2986e-01 4.6906e+00   1109.817          1      65051     54.788     4.7818     4.7819     42.610   2710.417     1.7741     1.6777     4.9328     4.5946     0.0391     0.2076     1.7741          3  0.000e+00
      98.68     0.0633          3   3.370557      1.207     3.3893   28.50522  -88.75520    194.450    165.015  309.09404  309.80828 1.2986e-01 4.6907e+00   1109.867          1      65052     54.824     4.7819     4.7817     42.647   2710.458     1.7741     1.6777     4.9341     4.5946     0.0391     0.2076     1.7741          3  0.000e+00
      98.66     0.0644          3   3.370570      0.001     3.3893   28.50522  -88.75520    194.449    165.014  309.09299  309.80721 1.3023e-01 4.6909e+00   1109.867          1      65053     54.827     4.7821     4.7821     42.648   2710.500     1.7741     1.6777     4.9328     4.5934     0.0403     0.2076     1.7741          3  0.000e+00
      98.66     0.0633          3   3.370582      0.001     3.3587   28.50522  -88.75520    194.450    165.014  309.09407  309.80834 1.2986e-01 4.6906e+00   1109.867          1      65054     54.790     4.7818     4.7821     42.612   2710.542     1.7741     1.6777     4.9328     4.5946     0.0391     0.2063     1.7741          3  0.000e+00
      98.66     0.0633          3   3.370557      1.380     3.3893   28.50522  -88.75520    194.451    165.015  309.09340  309.80761 1.2986e-01 4.6909e+00   1109.924          1      65055     54.840     4.7821     4.7821     42.662   2710.583     1.7741     1.6777     4.9328     4.5946     0.0391     0.2076     1.7741          3  0.000e+00
      98.66     0.0644          3   3.370595     -3.963     3.3893   28.50522  -88.75520    194.445    165.011  309.09054  309.80472 1.2986e-01 4.6912e+00   1109.759          1      65056     54.830     4.7824     4.7821     42.652   2710.625     1.7741     1.6777     4.9328     4.5934     0.0391     0.2076     1.7741          3  0.000e+00
      98.66     0.0644          3   3.370633      2.586     3.3893   28.50522  -88.75520    194.447    165.013  309.08965  309.80383 1.2986e-01 4.6912e+00   1109.867          1      65057     54.803     4.7824     4.7822     42.623   2710.667     1.7741     1.6777     4.9328     4.5934     0.0391     0.2076     1.7741          3  0.000e+00
      98.66     0.0644          3   3.370621      0.001     3.3893   28.50522  -88.75520    194.448    165.014  309.09069  309.80490 1.3023e-01 4.6911e+00   1109.867          1      65058     54.800     4.7822     4.7821     42.621   2710.708     1.7741     1.6777     4.9328     4.5934     0.0403     0.2076     1.7741          3  0.000e+00
      98.66     0.0644          3   3.370589     -1.206     3.3587   28.50522  -88.75520    194.447    165.012  309.09149  309.80568 1.3023e-01 4.6911e+00   1109.817          1      65059     54.825     4.7822     4.7821     42.647   2710.750     1.7741     1.6777     4.9328     4.5934     0.0403     0.2063     1.7741          3  0.000e+00
      98.66     0.0644          3   3.370582      0.001     3.3893   28.50522  -88.75520    194.448    165.012  309.09331  309.80755 1.2986e-01 4.6907e+00   1109.817          1      65060     54.800     4.7819     4.7821     42.623   2710.792     1.7741     1.6777     4.9328     4.5934     0.0391     0.2076     1.7741          3  0.000e+00
      98.66     0.0644          3   3.370557      0.001     3.3893   28.50522  -88.75520    194.261    165.012  309.09399  309.80822 1.2986e-01 4.6907e+00   1109.817          1      65061     54.822     4.7819     4.7822     42.645   2710.833     1.7729     1.6777     4.9328     4.5934     0.0391     0.2076     1.7729          3  0.000e+00
      98.66     0.0633          3   3.370551      0.001     3.3893   28.50522  -88.75520    194.450    165.012  309.09580  309.81010 1.3023e-01 4.6904e+00   1109.817          1      65062     54.797     4.7816     4.7824     42.621   2710.875     1.7741     1.6777     4.9328     4.5946     0.0403     0.2076     1.7741          3  0.000e+00
      98.66     0.0644          3   3.370525     -1.378     3.3893   28.50522  -88.75520    194.262    165.011  309.09666  309.81095 1.3023e-01 4.6904e+00   1109.759          1      65063     54.812     4.7815     4.7820     42.636   2710.917     1.7729     1.6777     4.9328     4.5934     0.0403     0.2076     1.7729          3  0.000e+00
      98.66     0.0644          3   3.370519      1.380     3.3893   28.50522  -88.75520    194.450    165.012  309.09665  309.81093 1.3023e-01 4.6904e+00   1109.817          1      65064     54.824     4.7816     4.7822     42.648   2710.958     1.7741     1.6777     4.9328     4.5934     0.0403     0.2076     1.7741          3  0.000e+00
      98.66     0.0644          3   3.370538     -1.378     3.3893   28.50522  -88.75520    194.448    165.011  309.09514  309.80939 1.3023e-01 4.6906e+00   1109.760          1      65065     54.823     4.7818     4.7821     42.646   2711.000     1.7741     1.6777     4.9328     4.5934     0.0403     0.2076     1.7741          3  0.000e+00
      98.66     0.0644          3   3.370551      0.001     3.3893   28.50522  -88.75520    194.448    165.011  309.09480  309.80906 1.3023e-01 4.6906e+00   1109.760          1      65066     54.812     4.7818     4.7821     42.635   2711.042     1.7741     1.6777     4.9328     4.5934     0.0403     0.2076     1.7741          3  0.000e+00
      98.66     0.0644          3   3.370544      0.001     3.3893   28.50522  -88.75520    194.448    164.838  309.09497  309.80922 1.2986e-01 4.6906e+00   1109.760          1      65067     54.817     4.7818     4.7822     42.641   2711.083     1.7741     1.6764     4.9328     4.5934     0.0391     0.2076     1.7741          3  0.000e+00
      98.66     0.0644          3   3.370544      1.380     3.3893   28.50522  -88.75520    194.262    165.012  309.09503  309.80929 1.3023e-01 4.6906e+00   1109.817          1      65068     54.820     4.7818     4.7822     42.643   2711.125     1.7729     1.6777     4.9328     4.5934     0.0403     0.2076     1.7729          3  0.000e+00
      98.66     0.0633          3   3.370595     -2.585     3.3587   28.50522  -88.75520    194.445    164.838  309.09214  309.80637 1.2986e-01 4.6909e+00   1109.709          1      65069     54.798     4.7821     4.7821     42.621   2711.167     1.7741     1.6764     4.9328     4.5946     0.0391     0.2063     1.7741          3  0.000e+00
      98.66     0.0644          3   3.370589      1.207     3.3893   28.50522  -88.75520    194.446    165.011  309.09236  309.80659 1.2986e-01 4.6909e+00   1109.760          1      65070     54.805     4.7821     4.7822     42.628   2711.208     1.7741     1.6777     4.9328     4.5934     0.0391     0.2076     1.7741          3  0.000e+00
      98.66     0.0644          3   3.370601      0.001     3.3893   28.50522  -88.75520    194.445    165.011  309.09108  309.80528 1.3023e-01 4.6911e+00   1109.760          1      65071     54.812     4.7822     4.7821     42.634   2711.250     1.7741     1.6777     4.9328     4.5934     0.0403     0.2076     1.7741          3  0.000e+00
      98.66     0.0644          3   3.370614     -1.206     3.3893   28.50522  -88.75520    194.443    165.010  309.08927  309.80343 1.2986e-01 4.6914e+00   1109.709          1      65072     54.824     4.7825     4.7822     42.647   2711.292     1.7741     1.6777     4.9328     4.5934     0.0391     0.2076     1.7741          3  0.000e+00
      98.66     0.0633          3   3.370614      1.207     3.3893   28.50522  -88.75520    194.631    165.012  309.08933  309.80348 1.3023e-01 4.6914e+00   1109.760          1      65073     54.827     4.7825     4.7821     42.648   2711.333     1.7753     1.6777     4.9328     4.5946     0.0403     0.2076     1.7753          3  0.000e+00
      98.66     0.0644          3   3.370652     -1.206     3.3587   28.50522  -88.75520    194.629    164.838  309.08825  309.80242 1.3023e-01 4.6914e+00   1109.710          1      65074     54.792     4.7825     4.7819     42.613   2711.375     1.7753     1.6764     4.9328     4.5934     0.0403     0.2063     1.7753          3  0.000e+00
      98.66     0.0644          3   3.370627      0.001     3.3893   28.50522  -88.75520    194.443    164.837  309.08893  309.80309 1.3023e-01 4.6914e+00   1109.710          1      65075     54.813     4.7825     4.7821     42.636   2711.417     1.7741     1.6764     4.9328     4.5934     0.0403     0.2076     1.7741          3  0.000e+00
      98.66     0.0644          3   3.370652      0.001     3.4198   28.50522  -88.75520    194.441    164.838  309.08707  309.80120 1.3023e-01 4.6916e+00   1109.710          1      65076     54.813     4.7828     4.7819     42.635   2711.458     1.7741     1.6764     4.9328     4.5934     0.0403     0.2088     1.7741          3  0.000e+00
      98.66     0.0644          3   3.370671      0.001     3.4198   28.50522  -88.75520    194.253    165.010  309.08539  309.79948 1.2986e-01 4.6918e+00   1109.710          1      65077     54.819     4.7830     4.7821     42.640   2711.500     1.7729     1.6777     4.9328     4.5934     0.0391     0.2088     1.7729          3  0.000e+00
      98.66     0.0644          3   3.370646      1.207     3.4198   28.50522  -88.75520    194.442    165.013  309.08683  309.80094 1.3023e-01 4.6917e+00   1109.760          1      65078     54.830     4.7829     4.7817     42.651   2711.542     1.7741     1.6777     4.9328     4.5934     0.0403     0.2088     1.7741          3  0.000e+00
      98.66     0.0644          3   3.370659     -1.206     3.4198   28.50522  -88.75520    194.440    165.013  309.08573  309.79982 1.3023e-01 4.6918e+00   1109.710          1      65079     54.829     4.7830     4.7816     42.651   2711.583     1.7741     1.6777     4.9328     4.5934     0.0403     0.2088     1.7741          3  0.000e+00
      98.66     0.0644          3   3.370671      0.001     3.4198   28.50522  -88.75520    194.439    165.014  309.08444  309.79851 1.2986e-01 4.6920e+00   1109.710          1      65080     54.836     4.7832     4.7812     42.657   2711.625     1.7741     1.6777     4.9328     4.5934     0.0391     0.2088     1.7741          3  0.000e+00
      98.66     0.0644          3   3.370646      0.001     3.4198   28.50522  -88.75520    194.253    165.012  309.08607  309.80015 1.2986e-01 4.6918e+00   1109.710          1      65081     54.840     4.7830     4.7816     42.662   2711.667     1.7729     1.6777     4.9328     4.5934     0.0391     0.2088     1.7729          3  0.000e+00
      98.68     0.0633          3   3.370640      0.001     3.4198   28.50522  -88.75520    194.441    165.013  309.08694  309.80105 1.2986e-01 4.6917e+00   1109.710          1      65082     54.833     4.7829     4.7814     42.654   2711.708     1.7741     1.6777     4.9341     4.5946     0.0391     0.2088     1.7741          3  0.000e+00
      98.68     0.0633          3   3.370659      0.001     3.4198   28.50522  -88.75520    194.627    165.013  309.08478  309.79884 1.2949e-01 4.6920e+00   1109.710          1      65083     54.847     4.7832     4.7812     42.668   2711.750     1.7753     1.6777     4.9341     4.5946     0.0379     0.2088     1.7753          3  0.000e+00
      98.66     0.0633          3   3.370690      1.207     3.4198   28.50522  -88.75520    194.441    164.841  309.08493  309.79904 1.3023e-01 4.6918e+00   1109.760          1      65084     54.805     4.7830     4.7814     42.625   2711.792     1.7741     1.6764     4.9328     4.5946     0.0403     0.2088     1.7741          3  0.000e+00
      98.66     0.0644          3   3.370652     -1.206     3.4198   28.50522  -88.75520    194.440    164.840  309.08495  309.79901 1.3023e-01 4.6920e+00   1109.710          1      65085     54.852     4.7832     4.7812     42.673   2711.833     1.7741     1.6764     4.9328     4.5934     0.0403     0.2088     1.7741          3  0.000e+00
      98.66     0.0644          3   3.370640      0.001     3.3893   28.50522  -88.75520    194.441    165.012  309.08694  309.80105 1.2986e-01 4.6917e+00   1109.710          1      65086     54.833     4.7829     4.7817     42.654   2711.875     1.7741     1.6777     4.9328     4.5934     0.0391     0.2076     1.7741          3  0.000e+00
      98.66     0.0644          3   3.370684      0.001     3.4198   28.50522  -88.75520    194.439    165.011  309.08410  309.79817 1.2986e-01 4.6920e+00   1109.710          1      65087     54.825     4.7832     4.7817     42.646   2711.917     1.7741     1.6777     4.9328     4.5934     0.0391     0.2088     1.7741          3  0.000e+00
      98.66     0.0633          3   3.370652      1.207     3.4198   28.50522  -88.75520    194.628    165.011  309.08501  309.79907 1.3023e-01 4.6920e+00   1109.760          1      65088     54.854     4.7832     4.7821     42.675   2711.958     1.7753     1.6777     4.9328     4.5946     0.0403     0.2088     1.7753          3  0.000e+00
