tests/data/CTD/g01l06s04.ros
* Sea-Bird SBE 9 Data File:
* FileName = D:\CTD DATA\2013\PE13-01 DiMarco\G01L06S04.hex
* Software Version Seasave V 7.21g
* Temperature SN = 4515
* Conductivity SN = 3079
* Number of Bytes Per Scan = 40
* Number of Voltage Words = 5
* Number of Scans Averaged by the Deck Unit = 1
* NMEA Latitude = 27 59.99 N
* NMEA Longitude = 087 59.97 W
* NMEA UTC (Time) = Jul 09 2012  13:15:48
* NMEA baud rate = 4800
# nquan = 31
# nvalues = 588                                   
# units = specified
# name 0 = altM: Altimeter [m]
# name 1 = bat: Beam Attenuation, Chelsea/Seatech [1/m]
# name 2 = bpos: Bottle Position in Carousel
# name 3 = c0S/m: Conductivity [S/m]
# name 4 = dz/dtM: Descent Rate [m/s]
# name 5 = wetCDOM: Fluorescence, WET Labs CDOM [mg/m^3]
# name 6 = latitude: Latitude [deg]
# name 7 = longitude: Longitude [deg]
# name 8 = sbeox0Mm/Kg: Oxygen, SBE 43 [umol/kg]
# name 9 = sbeox1Mm/Kg: Oxygen, SBE 43, 2 [umol/kg]
# name 10 = oxsolMm/Kg: Oxygen Saturation, Garcia & Gordon [umol/kg]
# name 11 = oxsatMm/Kg: Oxygen Saturation, Weiss [umol/kg]
# name 12 = par: PAR/Irradiance, Biospherical/Licor
# name 13 = pla: Plume Anomaly
# name 14 = prDM: Pressure, Digiquartz [db]
# name 15 = pumps: Pump Status
# name 16 = scan: Scan Count
# name 17 = sva: Specific Volume Anomaly [10^-8 * m^3/kg]
# name 18 = t090C: Temperature [ITS-90, deg C]
# name 19 = t190C: Temperature, 2 [ITS-90, deg C]
# name 20 = tsa: Thermosteric Anomaly [10^-8 * m^3/kg]
# name 21 = timeS: Time, Elapsed [seconds]
# name 22 = v0: Voltage 0
# name 23 = v1: Voltage 1
# name 24 = v2: Voltage 2
# name 25 = v3: Voltage 3
# name 26 = v4: Voltage 4
# name 27 = v5: Voltage 5
# name 28 = sbeox0V: Oxygen raw, SBE 43 [V]
# name 29 = nbf: Bottles Fired
# name 30 = flag:  0.000e+00
# interval = seconds: 0.0416667
# start_time = Jul 09 2012 13:15:48 [NMEA time, header]
# bad_flag = -9.990e-29
*END*
      98.66     0.0421          1   3.376557     -2.113    -1.8000   28.00230  -87.98924    221.258    186.788  312.74263  313.52667 1.1856e-01 4.0795e+00   2294.183          1      93205     57.422     4.2802     4.2788     35.216   3883.500     1.7277     1.6288     4.9328     4.6190     0.0000     0.0000     1.7277          1  0.000e+00
      98.66     0.0421          1   3.376570      2.115    -1.8000   28.00230  -87.98924    221.039    186.791  312.74189  313.52592 1.1856e-01 4.0796e+00   2294.271          1      93206     57.423     4.2803     4.2786     35.217   3883.542     1.7265     1.6288     4.9328     4.6190     0.0000     0.0000     1.7265          1  0.000e+00
      98.68     0.0421          1   3.376583     -0.880    -1.8000   28.00230  -87.98924    221.038    186.790  312.74199  313.52604 1.1856e-01 4.0795e+00   2294.234          1      93207     57.402     4.2802     4.2784     35.196   3883.583     1.7265     1.6288     4.9341     4.6190     0.0000     0.0000     1.7265          1  0.000e+00
      98.68     0.0421          1   3.376583     -0.528    -1.8000   28.00230  -87.98924    221.037    186.789  312.74148  313.52551 1.1856e-01 4.0796e+00   2294.212          1      93208     57.410     4.2803     4.2786     35.203   3883.625     1.7265     1.6288     4.9341     4.6190     0.0000     0.0000     1.7265          1  0.000e+00
      98.68     0.0421          1   3.376532      1.939    -1.8000   28.00230  -87.98924    221.262    186.791  312.74295  313.52696 1.1856e-01 4.0796e+00   2294.293          1      93209     57.456     4.2803     4.2786     35.251   3883.667     1.7277     1.6288     4.9341     4.6190     0.0000     0.0000     1.7277          1  0.000e+00
      98.68     0.0421          1   3.376538     -3.170    -1.8000   28.00230  -87.98924    221.258    186.788  312.74313  313.52716 1.1856e-01 4.0795e+00   2294.161          1      93210     57.437     4.2802     4.2786     35.232   3883.708     1.7277     1.6288     4.9341     4.6190     0.0000     0.0000     1.7277          1  0.000e+00
      98.68     0.0410          1   3.376551      1.763    -1.8000   28.00230  -87.98924    221.259    186.994  312.74237  313.52639 1.1856e-01 4.0796e+00   2294.235          1      93211     57.438     4.2803     4.2786     35.232   3883.750     1.7277     1.6300     4.9341     4.6203     0.0000     0.0000     1.7277          1  0.000e+00
      98.68     0.0410          1   3.376570     -0.528    -1.8000   28.00230  -87.98924    221.258    186.789  312.74110  313.52510 1.1856e-01 4.0798e+00   2294.213          1      93212     57.434     4.2804     4.2786     35.227   3883.792     1.7277     1.6288     4.9341     4.6203     0.0000     0.0000     1.7277          1  0.000e+00
      98.68     0.0421          1   3.376576     -0.704    -1.8000   28.00230  -87.98924    221.258    186.788  312.74211  313.52616 1.1856e-01 4.0795e+00   2294.183          1      93213     57.406     4.2802     4.2786     35.199   3883.833     1.7277     1.6288     4.9341     4.6190     0.0000     0.0000     1.7277          1  0.000e+00
      98.68     0.0421          1   3.376583      0.706    -1.8000   28.00230  -87.98924    221.258    186.993  312.74148  313.52551 1.1856e-01 4.0796e+00   2294.213          1      93214     57.410     4.2803     4.2788     35.203   3883.875     1.7277     1.6300     4.9341     4.6190     0.0000     0.0000     1.7277          1  0.000e+00
      98.68     0.0421          1   3.376557     -0.704    -1.8000   28.00230  -87.98924    221.258    186.789  312.74263  313.52667 1.1856e-01 4.0795e+00   2294.183          1      93215     57.422     4.2802     4.2784     35.216   3883.917     1.7277     1.6288     4.9341     4.6190     0.0000     0.0000     1.7277          1  0.000e+00
      98.68     0.0431          1   3.376570     -0.528    -1.8000   28.00230  -87.98924    221.257    186.788  312.74178  313.52580 1.1856e-01 4.0796e+00   2294.161          1      93216     57.419     4.2803     4.2786     35.213   3883.958     1.7277     1.6288     4.9341     4.6178     0.0000     0.0000     1.7277          1  0.000e+00
      98.66     0.0431          1   3.376557      0.529    -1.8000   28.00230  -87.98924    221.257    186.994  312.74141  313.52541 1.1856e-01 4.0798e+00   2294.183          1      93217     57.443     4.2804     4.2783     35.237   3884.000     1.7277     1.6300     4.9328     4.6178     0.0000     0.0000     1.7277          1  0.000e+00
      98.68     0.0431          1   3.376570     -0.528    -1.8000   28.00230  -87.98924    221.257    186.788  312.74226  313.52631 1.1856e-01 4.0795e+00   2294.161          1      93218     57.410     4.2802     4.2787     35.204   3884.042     1.7277     1.6288     4.9341     4.6178     0.0000     0.0000     1.7277          1  0.000e+00
      98.68     0.0431          1   3.376576      0.529    -1.8000   28.00230  -87.98924    221.257    186.788  312.74163  313.52565 1.1856e-01 4.0796e+00   2294.183          1      93219     57.414     4.2803     4.2786     35.208   3884.083     1.7277     1.6288     4.9341     4.6178     0.0000     0.0000     1.7277          1  0.000e+00
      98.68     0.0431          1   3.376557     -1.937    -1.8000   28.00230  -87.98924    221.255    186.786  312.74206  313.52608 1.1856e-01 4.0796e+00   2294.103          1      93220     57.427     4.2803     4.2786     35.222   3884.125     1.7277     1.6288     4.9341     4.6178     0.0000     0.0000     1.7277          1  0.000e+00
      98.68     0.0421          1   3.376551      1.939    -1.8000   28.00230  -87.98924    221.258    186.992  312.74281  313.52684 1.1856e-01 4.0795e+00   2294.184          1      93221     57.427     4.2802     4.2788     35.222   3884.167     1.7277     1.6300     4.9341     4.6190     0.0000     0.0000     1.7277          1  0.000e+00
      98.68     0.0431          1   3.376551     -1.937    -1.8000   28.00230  -87.98924    221.255    186.991  312.74150  313.52550 1.1856e-01 4.0798e+00   2294.103          1      93222     57.445     4.2804     4.2786     35.240   3884.208     1.7277     1.6300     4.9341     4.6178     0.0000     0.0000     1.7277          1  0.000e+00
      98.68     0.0421          1   3.376551      0.529    -1.8000   28.00230  -87.98924    221.257    186.787  312.74274  313.52678 1.1856e-01 4.0795e+00   2294.125          1      93223     57.424     4.2802     4.2784     35.220   3884.250     1.7277     1.6288     4.9341     4.6190     0.0000     0.0000     1.7277          1  0.000e+00
      98.68     0.0431          1   3.376570      0.882    -1.8000   28.00230  -87.98924    221.036    186.787  312.74178  313.52580 1.1856e-01 4.0796e+00   2294.162          1      93224     57.419     4.2803     4.2788     35.213   3884.292     1.7265     1.6288     4.9341     4.6178     0.0000     0.0000     1.7265          1  0.000e+00
      98.68     0.0431          1   3.376557     -0.880    -1.8000   28.00230  -87.98924    221.256    186.991  312.74208  313.52610 1.1856e-01 4.0796e+00   2294.125          1      93225     57.428     4.2803     4.2787     35.223   3884.333     1.7277     1.6300     4.9341     4.6178     0.0000     0.0000     1.7277          1  0.000e+00
      98.68     0.0431          1   3.376570     -0.528    -1.8000   28.00230  -87.98924    221.255    186.991  312.74123  313.52524 1.1856e-01 4.0797e+00   2294.103          1      93226     57.425     4.2804     4.2786     35.219   3884.375     1.7277     1.6300     4.9341     4.6178     0.0000     0.0000     1.7277          1  0.000e+00
      98.68     0.0431          1   3.376557      0.529    -1.8000   28.00230  -87.98924    221.256    186.991  312.74208  313.52610 1.1856e-01 4.0796e+00   2294.125          1      93227     57.428     4.2803     4.2788     35.223   3884.417     1.7277     1.6300     4.9341     4.6178     0.0000     0.0000     1.7277          1  0.000e+00
      98.68     0.0431          1   3.376551     -0.528    -1.8000   28.00230  -87.98924    221.256    186.786  312.74223  313.52625 1.1856e-01 4.0796e+00   2294.103          1      93228     57.432     4.2803     4.2788     35.227   3884.458     1.7277     1.6288     4.9341     4.6178     0.0000     0.0000     1.7277          1  0.000e+00
      98.68     0.0421          1   3.376551      0.529    -1.8000   28.00230  -87.98924    221.256    186.787  312.74177  313.52577 1.1856e-01 4.0797e+00   2294.125          1      93229     57.442     4.2804     4.2786     35.237   3884.500     1.7277     1.6288     4.9341     4.6190     0.0000     0.0000     1.7277          1  0.000e+00
      98.68     0.0431          1   3.376570     -0.528    -1.8000   28.00230  -87.98924    221.255    186.786  312.74171  313.52574 1.1856e-01 4.0796e+00   2294.103          1      93230     57.416     4.2803     4.2788     35.211   3884.542     1.7277     1.6288     4.9341     4.6178     0.0000     0.0000     1.7277          1  0.000e+00
      98.66     0.0431          1   3.376557      0.529    -1.8000   28.00230  -87.98924    221.257    186.787  312.74330  313.52737 1.1856e-01 4.0794e+00   2294.125          1      93231     57.406     4.2801     4.2786     35.201   3884.583     1.7277     1.6288     4.9328     4.6178     0.0000     0.0000     1.7277          1  0.000e+00
      98.68     0.0431          1   3.376551     -0.528    -1.8000   28.00230  -87.98924    221.256    186.785  312.74223  313.52625 1.1856e-01 4.0796e+00   2294.103          1      93232     57.432     4.2803     4.2788     35.227   3884.625     1.7277     1.6288     4.9341     4.6178     0.0000     0.0000     1.7277          1  0.000e+00
      98.68     0.0431          1   3.376544     -0.704    -1.8000   28.00230  -87.98924    221.254    186.785  312.74164  313.52564 1.1856e-01 4.0798e+00   2294.074          1      93233     57.449     4.2804     4.2787     35.245   3884.667     1.7277     1.6288     4.9341     4.6178     0.0000     0.0000     1.7277          1  0.000e+00
      98.68     0.0431          1   3.376570      0.705    -1.8000   28.00230  -87.98924    221.256    186.786  312.74220  313.52625 1.1856e-01 4.0795e+00   2294.103          1      93234     57.408     4.2802     4.2786     35.202   3884.708     1.7277     1.6288     4.9341     4.6178     0.0000     0.0000     1.7277          1  0.000e+00
      98.68     0.0431          1   3.376557      0.529    -1.8000   28.00230  -87.98924    221.035    186.786  312.74208  313.52611 1.1856e-01 4.0796e+00   2294.125          1      93235     57.428     4.2803     4.2788     35.223   3884.750     1.7265     1.6288     4.9341     4.6178     0.0000     0.0000     1.7265          1  0.000e+00
      98.66     0.0421          1   3.376570     -0.528    -1.8000   28.00230  -87.98924    221.034    186.787  312.74171  313.52574 1.1856e-01 4.0796e+00   2294.103          1      93236     57.416     4.2803     4.2786     35.211   3884.792     1.7265     1.6288     4.9328     4.6190     0.0000     0.0000     1.7265          1  0.000e+00
      98.68     0.0421          1   3.376583      0.529    -1.8000   28.00230  -87.98924    221.034    186.991  312.74090  313.52492 1.1856e-01 4.0797e+00   2294.125          1      93237     57.415     4.2804     4.2788     35.209   3884.833     1.7265     1.6300     4.9341     4.6190     0.0000     0.0000     1.7265          1  0.000e+00
      98.68     0.0410          1   3.376557     -0.528    -1.8000   28.00230  -87.98924    221.255    186.786  312.74133  313.52533 1.1856e-01 4.0798e+00   2294.103          1      93238     57.440     4.2804     4.2788     35.235   3884.875     1.7277     1.6288     4.9341     4.6203     0.0000     0.0000     1.7277          1  0.000e+00
      98.68     0.0410          1   3.376525     -0.704    -1.8000   28.00230  -87.98924    221.255    186.786  312.74241  313.52640 1.1856e-01 4.0797e+00   2294.074          1      93239     57.461     4.2804     4.2784     35.257   3884.917     1.7277     1.6288     4.9341     4.6203     0.0000     0.0000     1.7277          1  0.000e+00
      98.68     0.0410          1   3.376538      0.706    -1.8000   28.00230  -87.98924    221.256    186.786  312.74258  313.52659 1.1856e-01 4.0796e+00   2294.104          1      93240     57.443     4.2803     4.2787     35.239   3884.958     1.7277     1.6288     4.9341     4.6203     0.0000     0.0000     1.7277          1  0.000e+00
      98.68     0.0410          1   3.376551      0.529    -1.8000   28.00230  -87.98924    221.256    186.787  312.74226  313.52628 1.1856e-01 4.0796e+00   2294.126          1      93241     57.433     4.2803     4.2788     35.228   3885.000     1.7277     1.6288     4.9341     4.6203     0.0000     0.0000     1.7277          1  0.000e+00
      98.68     0.0421          1   3.376570     -0.528    -1.8000   28.00230  -87.98924    221.256    186.785  312.74220  313.52625 1.1856e-01 4.0795e+00   2294.104          1      93242     57.408     4.2802     4.2789     35.202   3885.042     1.7277     1.6288     4.9341     4.6190     0.0000     0.0000     1.7277          1  0.000e+00
      98.68     0.0410          1   3.376557      0.529    -1.8000   28.00230  -87.98924    221.256    186.788  312.74208  313.52611 1.1856e-01 4.0796e+00   2294.126          1      93243     57.428     4.2803     4.2784     35.223   3885.083     1.7277     1.6288     4.9341     4.6203     0.0000     0.0000     1.7277          1  0.000e+00
      98.68     0.0410          1   3.376551     -0.528    -1.8000   28.00230  -87.98924    221.255    186.786  312.74150  313.52550 1.1856e-01 4.0798e+00   2294.104          1      93244     57.445     4.2804     4.2787     35.240   3885.125     1.7277     1.6288     4.9341     4.6203     0.0000     0.0000     1.7277          1  0.000e+00
      98.66     0.0421          1   3.376570      0.529    -1.8000   28.00230  -87.98924    221.255    186.991  312.74125  313.52526 1.1856e-01 4.0797e+00   2294.126          1      93245     57.426     4.2804     4.2788     35.220   3885.167     1.7277     1.6300     4.9328     4.6190     0.0000     0.0000     1.7277          1  0.000e+00
      98.66     0.0410          1   3.376551     -0.528    -1.8000   28.00230  -87.98924    221.255    186.786  312.74150  313.52550 1.1856e-01 4.0798e+00   2294.104          1      93246     57.445     4.2804     4.2788     35.240   3885.208     1.7277     1.6288     4.9328     4.6203     0.0000     0.0000     1.7277          1  0.000e+00
      98.68     0.0410          1   3.376544      0.529    -1.8000   28.00230  -87.98924    221.256    186.786  312.74194  313.52594 1.1856e-01 4.0797e+00   2294.126          1      93247     57.447     4.2804     4.2787     35.242   3885.250     1.7277     1.6288     4.9341     4.6203     0.0000     0.0000     1.7277          1  0.000e+00
      98.68     0.0410          1   3.376570     -0.528    -1.8000   28.00230  -87.98924    221.255    186.991  312.74171  313.52574 1.1856e-01 4.0796e+00   2294.104          1      93248     57.416     4.2803     4.2786     35.211   3885.292     1.7277     1.6300     4.9341     4.6203     0.0000     0.0000     1.7277          1  0.000e+00
      98.68     0.0421          1   3.376557      1.939    -1.8000   28.00230  -87.98924    221.037    186.992  312.74215  313.52617 1.1856e-01 4.0796e+00   2294.185          1      93249     57.430     4.2803     4.2788     35.225   3885.333     1.7265     1.6300     4.9341     4.6190     0.0000     0.0000     1.7265          1  0.000e+00
      98.68     0.0421          1   3.376570     -1.937    -1.8000   28.00230  -87.98924    221.034    186.990  312.74123  313.52524 1.1856e-01 4.0797e+00   2294.104          1      93250     57.425     4.2804     4.2788     35.219   3885.375     1.7265     1.6300     4.9341     4.6190     0.0000     0.0000     1.7265          1  0.000e+00
