tests/data/CTD/g01l03s01m-m2.ros
* Sea-Bird SBE 9 Data File:
* FileName = D:\CTD DATA\2013\PE13-01 DiMarco\G01L03S01M-M2.hex
* Software Version Seasave V 7.21g
* Temperature SN = 4515
* Conductivity SN = 3079
* Number of Bytes Per Scan = 40
* Number of Voltage Words = 5
* Number of Scans Averaged by the Deck Unit = 1
* NMEA Latitude = 28 44.57 N
* NMEA Longitude = 088 44.45 W
* NMEA UTC (Time) = Jul 05 2012  22:15:57
* NMEA baud rate = 4800
# nquan = 31
# nvalues = 588                                   
# units = specified
# name 0 = altM: Altimeter [m]
# name 1 = bat: Beam Attenuation, Chelsea/Seatech [1/m]
# name 2 = bpos: Bottle Position in Carousel
# name 3 = c0S/m: Conductivity [S/m]
# name 4 = dz/dtM: Descent Rate [m/s]
# name 5 = wetCDOM: Fluorescence, WET Labs CDOM [mg/m^3]
# name 6 = latitude: Latitude [deg]
# name 7 = longitude: Longitude [deg]
# name 8 = sbeox0Mm/Kg: Oxygen, SBE 43 [umol/kg]
# name 9 = sbeox1Mm/Kg: Oxygen, SBE 43, 2 [umol/kg]
# name 10 = oxsolMm/Kg: Oxygen Saturation, Garcia & Gordon [umol/kg]
# name 11 = oxsatMm/Kg: Oxygen Saturation, Weiss [umol/kg]
# name 12 = par: PAR/Irradiance, Biospherical/Licor
# name 13 = pla: Plume Anomaly
# name 14 = prDM: Pressure, Digiquartz [db]
# name 15 = pumps: Pump Status
# name 16 = scan: Scan Count
# name 17 = sva: Specific Volume Anomaly [10^-8 * m^3/kg]
# name 18 = t090C: Temperature [ITS-90, deg C]
# name 19 = t190C: Temperature, 2 [ITS-90, deg C]
# name 20 = tsa: Thermosteric Anomaly [10^-8 * m^3/kg]
# name 21 = timeS: Time, Elapsed [seconds]
# name 22 = v0: Voltage 0
# name 23 = v1: Voltage 1
# name 24 = v2: Voltage 2
# name 25 = v3: Voltage 3
# name 26 = v4: Voltage 4
# name 27 = v5: Voltage 5
# name 28 = sbeox0V: Oxygen raw, SBE 43 [V]
# name 29 = nbf: Bottles Fired
# name 30 = flag:  0.000e+00
# interval = seconds: 0.0416667
# start_time = Jul 05 2012 22:15:57 [NMEA time, header]
# bad_flag = -9.990e-29
*END*
[from data line 47]
       6.45     0.1417          1   3.382409     -0.344     4.0608   28.73452  -88.73302    187.045    159.208  307.85360  308.54464 1.2233e-01 4.8680e+00   1039.428          1      62419     56.882     4.9541     4.9528     45.101   2600.750     1.7424     1.6520     0.3223     4.5055     0.0134     0.2344     1.7424          1  0.000e+00
       6.45     0.1406          1   3.382409     -0.860     4.1219   28.73452  -88.73302    187.227    159.208  307.85145  308.54243 1.2233e-01 4.8684e+00   1039.393          1      62420     56.918     4.9545     4.9526     45.137   2600.792     1.7436     1.6520     0.3223     4.5067     0.0134     0.2369     1.7436          1  0.000e+00
      98.68     0.0357          2   3.415959     -0.514     3.9692   28.73356  -88.73212    172.509    146.447  304.65214  305.28438 1.2233e-01 5.3262e+00    908.772          1      70298     62.551     5.4034     5.4030     51.410   2929.042     1.6789     1.5910     4.9341     4.6264     0.0134     0.2308     1.6789          2  0.000e+00
      98.68     0.0357          2   3.415908     -0.686     3.9692   28.73356  -88.73212    172.690    146.446  304.65502  305.28730 1.2233e-01 5.3258e+00    908.743          1      70299     62.563     5.4031     5.4032     51.423   2929.083     1.6801     1.5910     4.9341     4.6264     0.0134     0.2308     1.6801          2  0.000e+00
      98.68     0.0357          2   3.415914      0.688     3.9387   28.73356  -88.73212    172.692    146.446  304.65739  305.28975 1.2233e-01 5.3253e+00    908.772          1      70300     62.512     5.4025     5.4034     51.372   2929.125     1.6801     1.5910     4.9341     4.6264     0.0134     0.2295     1.6801          2  0.000e+00
      98.68     0.0357          2   3.415882     -2.575     3.9692   28.73356  -88.73212    172.511    146.444  304.65946  305.29186 1.2233e-01 5.3250e+00    908.664          1      70301     62.509     5.4022     5.4034     51.370   2929.167     1.6789     1.5910     4.9341     4.6264     0.0134     0.2308     1.6789          2  0.000e+00
      98.68     0.0347          2   3.415895      4.465     3.9692   28.73356  -88.73212    172.694    146.282  304.65865  305.29103 1.2268e-01 5.3252e+00    908.850          1      70302     62.520     5.4024     5.4034     51.379   2929.208     1.6801     1.5897     4.9341     4.6276     0.0147     0.2308     1.6801          2  0.000e+00
      98.68     0.0357          2   3.415850     -1.888     3.9692   28.73356  -88.73212    172.513    146.447  304.65881  305.29115 1.2233e-01 5.3254e+00    908.772          1      70303     62.570     5.4026     5.4032     51.431   2929.250     1.6789     1.5910     4.9341     4.6264     0.0134     0.2308     1.6789          2  0.000e+00
      98.68     0.0357          2   3.415857      0.516     3.9692   28.73356  -88.73212    172.514    146.447  304.65958  305.29195 1.2233e-01 5.3252e+00    908.793          1      70304     62.549     5.4024     5.4032     51.409   2929.292     1.6789     1.5910     4.9341     4.6264     0.0134     0.2308     1.6789          2  0.000e+00
      98.68     0.0357          2   3.415889     -1.888     3.9692   28.73356  -88.73212    172.690    146.444  304.65708  305.28940 1.2233e-01 5.3255e+00    908.715          1      70305     62.548     5.4027     5.4038     51.409   2929.333     1.6801     1.5910     4.9341     4.6264     0.0134     0.2308     1.6801          2  0.000e+00
      98.68     0.0357          2   3.415876      1.889     3.9692   28.73356  -88.73212    172.334    146.445  304.65840  305.29075 1.2233e-01 5.3253e+00    908.793          1      70306     62.546     5.4025     5.4037     51.406   2929.375     1.6777     1.5910     4.9341     4.6264     0.0134     0.2308     1.6777          2  0.000e+00
      98.68     0.0357          2   3.415869     -0.514     3.9692   28.73356  -88.73212    172.513    146.446  304.65854  305.29089 1.2233e-01 5.3253e+00    908.772          1      70307     62.550     5.4025     5.4034     51.410   2929.417     1.6789     1.5910     4.9341     4.6264     0.0134     0.2308     1.6789          2  0.000e+00
      98.68     0.0357          2   3.415895     -0.686     3.9692   28.73356  -88.73212    172.512    146.447  304.65763  305.28997 1.2233e-01 5.3254e+00    908.743          1      70308     62.531     5.4026     5.4030     51.392   2929.458     1.6789     1.5910     4.9341     4.6264     0.0134     0.2308     1.6789          2  0.000e+00
      98.68     0.0347          2   3.415921      0.688     3.9692   28.73356  -88.73212    172.512    146.449  304.65722  305.28959 1.2233e-01 5.3253e+00    908.772          1      70309     62.507     5.4025     5.4026     51.367   2929.500     1.6789     1.5910     4.9341     4.6276     0.0134     0.2308     1.6789          2  0.000e+00
      98.68     0.0347          2   3.415882      0.516     3.9692   28.73356  -88.73212    172.692    146.449  304.65733  305.28965 1.2233e-01 5.3255e+00    908.793          1      70310     62.557     5.4027     5.4026     51.417   2929.542     1.6801     1.5910     4.9341     4.6276     0.0134     0.2308     1.6801          2  0.000e+00
      98.68     0.0347          2   3.415869     -1.888     3.9692   28.73356  -88.73212    172.692    146.448  304.65916  305.29153 1.2268e-01 5.3252e+00    908.715          1      70311     62.535     5.4024     5.4026     51.395   2929.583     1.6801     1.5910     4.9341     4.6276     0.0147     0.2308     1.6801          2  0.000e+00
      98.68     0.0347          2   3.415889      1.374     3.9692   28.73356  -88.73212    172.692    146.283  304.65714  305.28946 1.2233e-01 5.3255e+00    908.772          1      70312     62.551     5.4027     5.4026     51.411   2929.625     1.6801     1.5897     4.9341     4.6276     0.0134     0.2308     1.6801          2  0.000e+00
      98.68     0.0357          2   3.415876     -0.686     3.9692   28.73356  -88.73212    172.512    146.283  304.65812  305.29046 1.2233e-01 5.3254e+00    908.743          1      70313     62.548     5.4026     5.4026     51.408   2929.667     1.6789     1.5897     4.9341     4.6264     0.0134     0.2308     1.6789          2  0.000e+00
      98.68     0.0347          2   3.415914      0.687     3.9692   28.73356  -88.73212    172.511    146.283  304.65580  305.28811 1.2233e-01 5.3256e+00    908.772          1      70314     62.542     5.4029     5.4026     51.401   2929.708     1.6789     1.5897     4.9341     4.6276     0.0134     0.2308     1.6789          2  0.000e+00
      98.68     0.0347          2   3.415953     -1.888     3.9692   28.73356  -88.73212    172.508    146.282  304.65381  305.28610 1.2233e-01 5.3258e+00    908.693          1      70315     62.523     5.4031     5.4026     51.383   2929.750     1.6789     1.5897     4.9341     4.6276     0.0134     0.2308     1.6789          2  0.000e+00
      98.68     0.0347          2   3.415933      1.889     3.9692   28.73356  -88.73212    172.510    146.449  304.65439  305.28668 1.2233e-01 5.3258e+00    908.772          1      70316     62.543     5.4031     5.4026     51.402   2929.792     1.6789     1.5910     4.9341     4.6276     0.0134     0.2308     1.6789          2  0.000e+00
      98.68     0.0347          2   3.415972     -0.686     3.9692   28.73356  -88.73212    172.687    146.447  304.65041  305.28261 1.2233e-01 5.3264e+00    908.744          1      70317     62.565     5.4037     5.4029     51.423   2929.833     1.6801     1.5910     4.9341     4.6276     0.0134     0.2308     1.6801          2  0.000e+00
      98.68     0.0347          2   3.415965      0.687     3.9387   28.73356  -88.73212    172.688    146.448  304.65129  305.28351 1.2233e-01 5.3263e+00    908.772          1      70318     62.559     5.4035     5.4029     51.417   2929.875     1.6801     1.5910     4.9341     4.6276     0.0134     0.2295     1.6801          2  0.000e+00
      98.68     0.0347          2   3.415959     -1.888     3.9692   28.73356  -88.73212    172.686    146.279  304.65068  305.28288 1.2233e-01 5.3264e+00    908.694          1      70319     62.573     5.4037     5.4032     51.432   2929.917     1.6801     1.5897     4.9341     4.6276     0.0134     0.2308     1.6801          2  0.000e+00
      98.68     0.0357          2   3.416010      1.889     3.9692   28.73356  -88.73212    172.687    146.281  304.64945  305.28167 1.2233e-01 5.3264e+00    908.772          1      70320     62.534     5.4037     5.4030     51.391   2929.958     1.6801     1.5897     4.9341     4.6264     0.0134     0.2308     1.6801          2  0.000e+00
      98.68     0.0347          2   3.416023     -0.686     3.9692   28.73356  -88.73212    172.687    146.280  304.64977  305.28201 1.2233e-01 5.3263e+00    908.744          1      70321     62.509     5.4035     5.4032     51.367   2930.000     1.6801     1.5897     4.9341     4.6276     0.0134     0.2308     1.6801          2  0.000e+00
      98.68     0.0357          2   3.415997     -0.686     3.9692   28.73356  -88.73212    172.686    146.280  304.64972  305.28193 1.2233e-01 5.3264e+00    908.715          1      70322     62.542     5.4037     5.4030     51.400   2930.042     1.6801     1.5897     4.9341     4.6264     0.0134     0.2308     1.6801          2  0.000e+00
      98.68     0.0357          2   3.416010      1.374     3.9692   28.73356  -88.73212    172.686    146.281  304.64786  305.28002 1.2233e-01 5.3268e+00    908.772          1      70323     62.563     5.4040     5.4034     51.421   2930.083     1.6801     1.5897     4.9341     4.6264     0.0134     0.2308     1.6801          2  0.000e+00
      98.68     0.0347          2   3.415972     -1.888     3.9692   28.73356  -88.73212    172.686    146.446  304.65035  305.28256 1.2233e-01 5.3264e+00    908.694          1      70324     62.562     5.4037     5.4029     51.421   2930.125     1.6801     1.5910     4.9341     4.6276     0.0134     0.2308     1.6801          2  0.000e+00
      98.68     0.0357          2   3.415959      1.889     3.9692   28.73356  -88.73212    172.509    146.447  304.65145  305.28367 1.2233e-01 5.3263e+00    908.772          1      70325     62.564     5.4035     5.4030     51.422   2930.167     1.6789     1.5910     4.9341     4.6264     0.0134     0.2308     1.6789          2  0.000e+00
      98.68     0.0357          2   3.415959      0.516     3.9692   28.73356  -88.73212    172.689    146.447  304.65239  305.28464 1.2233e-01 5.3261e+00    908.794          1      70326     62.548     5.4033     5.4032     51.406   2930.208     1.6801     1.5910     4.9341     4.6264     0.0134     0.2308     1.6801          2  0.000e+00
      98.68     0.0357          2   3.415984     -1.888     3.9692   28.73356  -88.73212    172.687    146.446  304.65164  305.28390 1.2233e-01 5.3261e+00    908.715          1      70327     62.523     5.4033     5.4032     51.381   2930.250     1.6801     1.5910     4.9341     4.6264     0.0134     0.2308     1.6801          2  0.000e+00
      98.68     0.0357          2   3.415940      0.688     3.9692   28.73356  -88.73212    172.509    146.278  304.65260  305.28484 1.2233e-01 5.3262e+00    908.744          1      70328     62.566     5.4034     5.4039     51.425   2930.292     1.6789     1.5897     4.9341     4.6264     0.0134     0.2308     1.6789          2  0.000e+00
      98.68     0.0357          2   3.415927     -0.686     3.9692   28.73356  -88.73212    172.688    146.443  304.65313  305.28537 1.2233e-01 5.3261e+00    908.715          1      70329     62.571     5.4033     5.4039     51.431   2930.333     1.6801     1.5910     4.9341     4.6264     0.0134     0.2308     1.6801          2  0.000e+00
      98.68     0.0347          2   3.415972      0.687     3.9692   28.73356  -88.73212    172.688    146.443  304.65200  305.28426 1.2233e-01 5.3261e+00    908.744          1      70330     62.535     5.4033     5.4040     51.393   2930.375     1.6801     1.5910     4.9341     4.6276     0.0134     0.2308     1.6801          2  0.000e+00
      98.66     0.0357          2   3.415991      0.687     3.9692   28.73356  -88.73212    172.689    146.443  304.65222  305.28451 1.2233e-01 5.3260e+00    908.773          1      70331     62.507     5.4032     5.4040     51.365   2930.417     1.6801     1.5910     4.9328     4.6264     0.0134     0.2308     1.6801          2  0.000e+00
      98.68     0.0357          2   3.415927     -0.686     3.9692   28.73356  -88.73212    172.689    146.443  304.65316  305.28540 1.2233e-01 5.3261e+00    908.744          1      70332     62.572     5.4033     5.4040     51.432   2930.458     1.6801     1.5910     4.9341     4.6264     0.0134     0.2308     1.6801          2  0.000e+00
      98.68     0.0357          2   3.415965     -0.686     3.9692   28.73356  -88.73212    172.687    146.277  304.65123  305.28345 1.2233e-01 5.3263e+00    908.715          1      70333     62.556     5.4035     5.4039     51.415   2930.500     1.6801     1.5897     4.9341     4.6264     0.0134     0.2308     1.6801          2  0.000e+00
      98.68     0.0357          2   3.415991      1.374     3.9692   28.73356  -88.73212    172.687    146.278  304.64995  305.28216 1.2233e-01 5.3264e+00    908.773          1      70334     62.550     5.4037     5.4039     51.408   2930.542     1.6801     1.5897     4.9341     4.6264     0.0134     0.2308     1.6801          2  0.000e+00
      98.68     0.0347          2   3.416010     -0.686     3.9692   28.73356  -88.73212    172.505    146.277  304.64714  305.27928 1.2233e-01 5.3269e+00    908.744          1      70335     62.575     5.4041     5.4040     51.432   2930.583     1.6789     1.5897     4.9341     4.6276     0.0134     0.2308     1.6789          2  0.000e+00
      98.68     0.0357          2   3.416068      0.687     3.9692   28.73356  -88.73212    172.504    146.278  304.64410  305.27620 1.2233e-01 5.3272e+00    908.773          1      70336     62.558     5.4045     5.4040     51.414   2930.625     1.6789     1.5897     4.9341     4.6264     0.0134     0.2308     1.6789          2  0.000e+00
      98.68     0.0347          2   3.416087     -0.686     3.9692   28.73356  -88.73212    172.502    146.442  304.64129  305.27333 1.2233e-01 5.3277e+00    908.744          1      70337     62.582     5.4049     5.4042     51.438   2930.667     1.6789     1.5910     4.9341     4.6276     0.0134     0.2308     1.6789          2  0.000e+00
      98.68     0.0357          2   3.416087     -0.686     3.9692   28.73356  -88.73212    172.502    146.443  304.64195  305.27401 1.2233e-01 5.3276e+00    908.716          1      70338     62.568     5.4048     5.4039     51.425   2930.708     1.6789     1.5910     4.9341     4.6264     0.0134     0.2308     1.6789          2  0.000e+00
      98.68     0.0357          2   3.416061      0.687     3.9692   28.73356  -88.73212    172.502    146.443  304.64104  305.27305 1.2233e-01 5.3279e+00    908.744          1      70339     62.621     5.4051     5.4043     51.477   2930.750     1.6789     1.5910     4.9341     4.6264     0.0134     0.2308     1.6789          2  0.000e+00
      98.68     0.0357          2   3.416074     -0.686     3.9692   28.73356  -88.73212    172.681    146.276  304.64159  305.27363 1.2233e-01 5.3277e+00    908.716          1      70340     62.592     5.4049     5.4042     51.448   2930.792     1.6801     1.5897     4.9341     4.6264     0.0134     0.2308     1.6801          2  0.000e+00
      98.68     0.0347          2   3.416106      1.889     3.9692   28.73356  -88.73212    172.682    146.444  304.64086  305.27290 1.2233e-01 5.3277e+00    908.794          1      70341     62.569     5.4049     5.4040     51.424   2930.833     1.6801     1.5910     4.9341     4.6276     0.0134     0.2308     1.6801          2  0.000e+00
