tests/data/CTD/g01l02s02.ros
* Sea-Bird SBE 9 Data File:
* FileName = D:\CTD DATA\2013\PE13-01 DiMarco\G01L02S02.hex
* Software Version Seasave V 7.21g
* Temperature SN = 4515
* Conductivity SN = 3079
* Number of Bytes Per Scan = 40
* Number of Voltage Words = 5
* Number of Scans Averaged by the Deck Unit = 1
* NMEA Latitude = 28 30.49 N
* NMEA Longitude = 089 00.19 W
* NMEA UTC (Time) = Jul 08 2012  14:16:42
* NMEA baud rate = 4800
# nquan = 31
# nvalues = 588                                   
# units = specified
# name 0 = altM: Altimeter [m]
# name 1 = bat: Beam Attenuation, Chelsea/Seatech [1/m]
# name 2 = bpos: Bottle Position in Carousel
# name 3 = c0S/m: Conductivity [S/m]
# name 4 = dz/dtM: Descent Rate [m/s]
# name 5 = wetCDOM: Fluorescence, WET Labs CDOM [mg/m^3]
# name 6 = latitude: Latitude [deg]
# name 7 = longitude: Longitude [deg]
# name 8 = sbeox0Mm/Kg: Oxygen, SBE 43 [umol/kg]
# name 9 = sbeox1Mm/Kg: Oxygen, SBE 43, 2 [umol/kg]
# name 10 = oxsolMm/Kg: Oxygen Saturation, Garcia & Gordon [umol/kg]
# name 11 = oxsatMm/Kg: Oxygen Saturation, Weiss [umol/kg]
# name 12 = par: PAR/Irradiance, Biospherical/Licor
# name 13 = pla: Plume Anomaly
# name 14 = prDM: Pressure, Digiquartz [db]
# name 15 = pumps: Pump Status
# name 16 = scan: Scan Count
# name 17 = sva: Specific Volume Anomaly [10^-8 * m^3/kg]
# name 18 = t090C: Temperature [ITS-90, deg C]
# name 19 = t190C: Temperature, 2 [ITS-90, deg C]
# name 20 = tsa: Thermosteric Anomaly [10^-8 * m^3/kg]
# name 21 = timeS: Time, Elapsed [seconds]
# name 22 = v0: Voltage 0
# name 23 = v1: Voltage 1
# name 24 = v2: Voltage 2
# name 25 = v3: Voltage 3
# name 26 = v4: Voltage 4
# name 27 = v5: Voltage 5
# name 28 = sbeox0V: Oxygen raw, SBE 43 [V]
# name 29 = nbf: Bottles Fired
# name 30 = flag:  0.000e+00
# interval = seconds: 0.0416667
# start_time = Jul 08 2012 14:16:42 [NMEA time, header]
# bad_flag = -9.990e-29
*END*
      13.38     0.0911          1   3.456045      1.542    -0.1211   28.51218  -89.00110    157.617    133.825  301.07344  301.64175 1.2622e-01 5.8447e+00    790.135          1      49135     68.897     5.9139     5.9135     58.395   2047.250     1.6081     1.5263     0.6691     4.5629     0.0269     0.0672     1.6081          1  0.000e+00
      13.38     0.0911          1   3.456064     -3.768    -0.1211   28.51218  -89.00110    157.612    133.823  301.07124  301.63950 1.2586e-01 5.8451e+00    789.978          1      49136     68.903     5.9143     5.9135     58.402   2047.292     1.6081     1.5263     0.6691     4.5629     0.0256     0.0672     1.6081          1  0.000e+00
      13.41     0.0900          1   3.456064      2.399    -0.1211   28.51218  -89.00110    157.788    133.823  301.07002  301.63824 1.2622e-01 5.8453e+00    790.078          1      49137     68.933     5.9146     5.9137     58.431   2047.333     1.6093     1.5263     0.6703     4.5641     0.0269     0.0672     1.6093          1  0.000e+00
      13.38     0.0900          1   3.456077     -2.569    -0.1211   28.51218  -89.00110    157.785    133.981  301.06781  301.63598 1.2586e-01 5.8457e+00    789.971          1      49138     68.950     5.9149     5.9142     58.449   2047.375     1.6093     1.5275     0.6691     4.5641     0.0256     0.0672     1.6093          1  0.000e+00
      13.41     0.0911          1   3.456090      1.371    -0.0906   28.51218  -89.00110    157.611    133.981  301.06689  301.63504 1.2586e-01 5.8458e+00    790.028          1      49139     68.955     5.9151     5.9146     58.453   2047.417     1.6081     1.5275     0.6703     4.5629     0.0256     0.0684     1.6081          1  0.000e+00
      13.43     0.0900          1   3.456116      0.000    -0.1211   28.51218  -89.00110    157.610    133.980  301.06536  301.63349 1.2622e-01 5.8460e+00    790.028          1      49140     68.951     5.9153     5.9148     58.448   2047.458     1.6081     1.5275     0.6716     4.5641     0.0269     0.0672     1.6081          1  0.000e+00
      13.41     0.0911          1   3.456128     -1.199    -0.1211   28.51218  -89.00110    157.783    133.818  301.06498  301.63312 1.2586e-01 5.8460e+00    789.978          1      49141     68.938     5.9153     5.9150     58.435   2047.500     1.6093     1.5263     0.6703     4.5629     0.0256     0.0672     1.6093          1  0.000e+00
      13.43     0.0900          1   3.456173      2.227    -0.1211   28.51218  -89.00110    157.784    133.818  301.06329  301.63142 1.2586e-01 5.8462e+00    790.071          1      49142     68.917     5.9154     5.9155     58.413   2047.542     1.6093     1.5263     0.6716     4.5641     0.0256     0.0672     1.6093          1  0.000e+00
      13.43     0.0911          1   3.456141     -2.227    -0.1211   28.51218  -89.00110    157.783    133.976  301.06399  301.63212 1.2586e-01 5.8462e+00    789.978          1      49143     68.939     5.9154     5.9159     58.437   2047.583     1.6093     1.5275     0.6716     4.5629     0.0256     0.0672     1.6093          1  0.000e+00
      13.46     0.0900          1   3.456141      0.000    -0.0906   28.51218  -89.00110    157.783    133.814  301.06466  301.63280 1.2586e-01 5.8460e+00    789.978          1      49144     68.927     5.9153     5.9162     58.425   2047.625     1.6093     1.5263     0.6728     4.5641     0.0256     0.0684     1.6093          1  0.000e+00
      13.43     0.0911          1   3.456154      1.028    -0.0906   28.51218  -89.00110    157.784    133.815  301.06527  301.63344 1.2622e-01 5.8458e+00    790.021          1      49145     68.902     5.9151     5.9163     58.399   2047.667     1.6093     1.5263     0.6716     4.5629     0.0269     0.0684     1.6093          1  0.000e+00
      13.43     0.0911          1   3.456109     -1.027    -0.1211   28.51218  -89.00110    157.610    133.814  301.06635  301.63451 1.2622e-01 5.8459e+00    789.978          1      49146     68.937     5.9151     5.9163     58.435   2047.708     1.6081     1.5263     0.6716     4.5629     0.0269     0.0672     1.6081          1  0.000e+00
      13.43     0.0900          1   3.456096      0.000    -0.1211   28.51218  -89.00110    157.783    133.814  301.06512  301.63323 1.2586e-01 5.8462e+00    789.978          1      49147     68.977     5.9154     5.9163     58.475   2047.750     1.6093     1.5263     0.6716     4.5641     0.0256     0.0672     1.6093          1  0.000e+00
      13.43     0.0911          1   3.456141      1.200    -0.0906   28.51218  -89.00110    157.611    133.813  301.06626  301.63445 1.2586e-01 5.8457e+00    790.028          1      49148     68.900     5.9149     5.9169     58.397   2047.792     1.6081     1.5263     0.6716     4.5629     0.0256     0.0684     1.6081          1  0.000e+00
      13.43     0.0900          1   3.456122     -1.370    -0.1211   28.51218  -89.00110    157.609    133.812  301.06602  301.63418 1.2586e-01 5.8459e+00    789.971          1      49149     68.926     5.9151     5.9167     58.424   2047.833     1.6081     1.5263     0.6716     4.5641     0.0256     0.0672     1.6081          1  0.000e+00
      13.43     0.0900          1   3.456122      1.371    -0.0906   28.51218  -89.00110    157.610    133.813  301.06608  301.63424 1.2586e-01 5.8458e+00    790.028          1      49150     68.929     5.9151     5.9170     58.426   2047.875     1.6081     1.5263     0.6716     4.5641     0.0256     0.0684     1.6081          1  0.000e+00
      13.43     0.0889          1   3.456103     -1.199    -0.0906   28.51218  -89.00110    157.785    133.812  301.06717  301.63535 1.2622e-01 5.8457e+00    789.978          1      49151     68.929     5.9149     5.9169     58.428   2047.917     1.6093     1.5263     0.6716     4.5653     0.0269     0.0684     1.6093          1  0.000e+00
      13.46     0.0889          1   3.456116      0.000    -0.1211   28.51218  -89.00110    157.609    133.812  301.06619  301.63435 1.2586e-01 5.8459e+00    789.978          1      49152     68.931     5.9151     5.9169     58.430   2047.958     1.6081     1.5263     0.6728     4.5653     0.0256     0.0672     1.6081          1  0.000e+00
      13.48     0.0900          1   3.456103     -0.171    -0.1211   28.51218  -89.00110    157.786    133.812  301.06938  301.63763 1.2586e-01 5.8452e+00    789.971          1      49153     68.887     5.9145     5.9167     58.386   2048.000     1.6093     1.5263     0.6740     4.5641     0.0256     0.0672     1.6093          1  0.000e+00
      13.48     0.0900          1   3.456084      1.371    -0.1211   28.51218  -89.00110    157.614    133.812  301.07236  301.64068 1.2586e-01 5.8447e+00    790.028          1      49154     68.860     5.9139     5.9169     58.358   2048.042     1.6081     1.5263     0.6740     4.5641     0.0256     0.0672     1.6081          1  0.000e+00
      13.50     0.0889          1   3.456019     -1.199    -0.1211   28.51218  -89.00110    157.790    133.812  301.07613  301.64450 1.2622e-01 5.8443e+00    789.978          1      49155     68.869     5.9135     5.9170     58.369   2048.083     1.6093     1.5263     0.6752     4.5653     0.0269     0.0672     1.6093          1  0.000e+00
      13.50     0.0889          1   3.456000     -1.370    -0.0906   28.51218  -89.00110    157.615    133.648  301.07721  301.64560 1.2622e-01 5.8441e+00    789.921          1      49156     68.869     5.9133     5.9174     58.370   2048.125     1.6081     1.5250     0.6752     4.5653     0.0269     0.0684     1.6081          1  0.000e+00
      13.48     0.0900          1   3.456019      2.399    -0.1211   28.51218  -89.00110    157.615    133.812  301.07529  301.64363 1.2586e-01 5.8444e+00    790.021          1      49157     68.888     5.9137     5.9171     58.387   2048.167     1.6081     1.5263     0.6740     4.5641     0.0256     0.0672     1.6081          1  0.000e+00
      13.50     0.0889          1   3.456032     -2.398    -0.1211   28.51218  -89.00110    157.613    133.810  301.07486  301.64321 1.2586e-01 5.8445e+00    789.921          1      49158     68.872     5.9137     5.9171     58.373   2048.208     1.6081     1.5263     0.6752     4.5653     0.0256     0.0672     1.6081          1  0.000e+00
      13.50     0.0889          1   3.456006      2.570    -0.1211   28.51218  -89.00110    157.791    133.814  301.07650  301.64487 1.2586e-01 5.8443e+00    790.028          1      49159     68.882     5.9135     5.9164     58.381   2048.250     1.6093     1.5263     0.6752     4.5653     0.0256     0.0672     1.6093          1  0.000e+00
      13.50     0.0889          1   3.456013     -1.199    -0.0906   28.51218  -89.00110    157.791    133.813  301.07784  301.64626 1.2586e-01 5.8439e+00    789.979          1      49160     68.845     5.9131     5.9165     58.345   2048.292     1.6093     1.5263     0.6752     4.5653     0.0256     0.0684     1.6093          1  0.000e+00
      13.53     0.0900          1   3.455981     -0.171    -0.0601   28.51218  -89.00110    157.617    133.813  301.07930  301.64773 1.2622e-01 5.8438e+00    789.971          1      49161     68.858     5.9130     5.9166     58.359   2048.333     1.6081     1.5263     0.6764     4.5641     0.0269     0.0696     1.6081          1  0.000e+00
      13.50     0.0889          1   3.455942      0.172    -0.0601   28.51218  -89.00110    157.792    133.814  301.08050  301.64892 1.2622e-01 5.8437e+00    789.979          1      49162     68.887     5.9130     5.9161     58.388   2048.375     1.6093     1.5263     0.6752     4.5653     0.0269     0.0696     1.6093          1  0.000e+00
      13.50     0.0900          1   3.455981      1.200    -0.0601   28.51218  -89.00110    157.793    133.815  301.07936  301.64779 1.2586e-01 5.8438e+00    790.029          1      49163     68.861     5.9130     5.9161     58.361   2048.417     1.6093     1.5263     0.6752     4.5641     0.0256     0.0696     1.6093          1  0.000e+00
      13.50     0.0889          1   3.455974     -1.199    -0.0601   28.51218  -89.00110    157.791    133.816  301.07792  301.64630 1.2586e-01 5.8441e+00    789.979          1      49164     68.893     5.9133     5.9156     58.394   2048.458     1.6093     1.5263     0.6752     4.5653     0.0256     0.0696     1.6093          1  0.000e+00
      13.50     0.0900          1   3.455981     -0.171    -0.0601   28.51218  -89.00110    157.616    133.816  301.07775  301.64613 1.2622e-01 5.8441e+00    789.972          1      49165     68.888     5.9133     5.9155     58.388   2048.500     1.6081     1.5263     0.6752     4.5641     0.0269     0.0696     1.6081          1  0.000e+00
      13.53     0.0889          1   3.455968      1.371    -0.0601   28.51218  -89.00110    157.792    133.819  301.07902  301.64743 1.2622e-01 5.8439e+00    790.029          1      49166     68.884     5.9131     5.9150     58.385   2048.542     1.6093     1.5263     0.6764     4.5653     0.0269     0.0696     1.6093          1  0.000e+00
      13.53     0.0889          1   3.455987     -1.199    -0.0601   28.51218  -89.00110    157.791    133.820  301.07848  301.64689 1.2586e-01 5.8439e+00    789.979          1      49167     68.866     5.9131     5.9143     58.367   2048.583     1.6093     1.5263     0.6764     4.5653     0.0256     0.0696     1.6093          1  0.000e+00
      13.50     0.0889          1   3.456019     -0.171    -0.0601   28.51218  -89.00110    157.790    133.657  301.07612  301.64449 1.2586e-01 5.8443e+00    789.972          1      49168     68.868     5.9135     5.9146     58.369   2048.625     1.6093     1.5250     0.6752     4.5653     0.0256     0.0696     1.6093          1  0.000e+00
      13.50     0.0878          1   3.456051      1.371    -0.0295   28.51218  -89.00110    157.614    133.658  301.07228  301.64056 1.2586e-01 5.8449e+00    790.029          1      49169     68.903     5.9141     5.9146     58.402   2048.667     1.6081     1.5250     0.6752     4.5665     0.0256     0.0708     1.6081          1  0.000e+00
      13.53     0.0857          1   3.456135     -1.199    -0.0295   28.51218  -89.00110    157.785    133.655  301.06792  301.63615 1.2622e-01 5.8454e+00    789.979          1      49170     68.873     5.9146     5.9153     58.372   2048.708     1.6093     1.5250     0.6764     4.5690     0.0269     0.0708     1.6093          1  0.000e+00
      13.50     0.0857          1   3.456122      1.200    -0.0601   28.51218  -89.00110    157.610    133.655  301.06608  301.63424 1.2586e-01 5.8458e+00    790.029          1      49171     68.929     5.9151     5.9156     58.426   2048.750     1.6081     1.5250     0.6752     4.5690     0.0256     0.0696     1.6081          1  0.000e+00
      13.50     0.0857          1   3.456173     -1.370    -0.0601   28.51218  -89.00110    157.781    133.654  301.06075  301.62880 1.2586e-01 5.8467e+00    789.972          1      49172     68.959     5.9159     5.9156     58.456   2048.792     1.6093     1.5250     0.6752     4.5690     0.0256     0.0696     1.6093          1  0.000e+00
      13.53     0.0857          1   3.456231      2.570    -0.0601   28.51218  -89.00110    157.781    133.817  301.05720  301.62520 1.2586e-01 5.8472e+00    790.079          1      49173     68.958     5.9164     5.9156     58.453   2048.833     1.6093     1.5263     0.6764     4.5690     0.0256     0.0696     1.6093          1  0.000e+00
      13.50     0.0857          1   3.456250     -2.398    -0.0295   28.51218  -89.00110    157.777    133.816  301.05285  301.62074 1.2586e-01 5.8480e+00    789.979          1      49174     69.008     5.9172     5.9156     58.504   2048.875     1.6093     1.5263     0.6752     4.5690     0.0256     0.0708     1.6093          1  0.000e+00
      13.50     0.0868          1   3.456250      1.200    -0.0601   28.51218  -89.00110    157.777    133.817  301.05135  301.61919 1.2622e-01 5.8483e+00    790.029          1      49175     69.040     5.9175     5.9158     58.535   2048.917     1.6093     1.5263     0.6752     4.5678     0.0269     0.0696     1.6093          1  0.000e+00
      13.50     0.0857          1   3.456238     -0.171    -0.0601   28.51218  -89.00110    157.778    133.655  301.05322  301.62110 1.2586e-01 5.8480e+00    790.022          1      49176     69.021     5.9172     5.9156     58.516   2048.958     1.6093     1.5250     0.6752     4.5690     0.0256     0.0696     1.6093          1  0.000e+00
      13.50     0.0857          1   3.456244      0.172    -0.0601   28.51218  -89.00110    157.778    133.817  301.05373  301.62163 1.2586e-01 5.8478e+00    790.029          1      49177     69.003     5.9171     5.9155     58.498   2049.000     1.6093     1.5263     0.6752     4.5690     0.0256     0.0696     1.6093          1  0.000e+00
      13.48     0.0868          1   3.456180      1.200    -0.0601   28.51218  -89.00110    157.783    133.657  301.06070  301.62876 1.2586e-01 5.8467e+00    790.079          1      49178     68.959     5.9159     5.9155     58.454   2049.042     1.6093     1.5250     0.6740     4.5678     0.0256     0.0696     1.6093          1  0.000e+00
      13.48     0.0868          1   3.456109     -1.199    -0.0295   28.51218  -89.00110    157.786    133.818  301.06707  301.63525 1.2622e-01 5.8457e+00    790.029          1      49179     68.927     5.9149     5.9153     58.424   2049.083     1.6093     1.5263     0.6740     4.5678     0.0269     0.0708     1.6093          1  0.000e+00
      13.48     0.0868          1   3.456096      1.028    -0.0295   28.51218  -89.00110    157.614    133.818  301.07053  301.63881 1.2622e-01 5.8450e+00    790.072          1      49180     68.881     5.9143     5.9153     58.378   2049.125     1.6081     1.5263     0.6740     4.5678     0.0269     0.0708     1.6081          1  0.000e+00
