tests/data/CTD/g01l04s06.ros
* Sea-Bird SBE 9 Data File:
* FileName = D:\CTD DATA\2013\PE13-01 DiMarco\G01L04S06.hex
* Software Version Seasave V 7.21g
* Temperature SN = 4515
* Conductivity SN = 3079
* Number of Bytes Per Scan = 40
* Number of Voltage Words = 5
* Number of Scans Averaged by the Deck Unit = 1
* NMEA Latitude = 27 45.07 N
* NMEA Longitude = 088 30.01 W
* NMEA UTC (Time) = Jul 10 2012  07:33:42
* NMEA baud rate = 4800
# nquan = 31
# nvalues = 588                                   
# units = specified
# name 0 = altM: Altimeter [m]
# name 1 = bat: Beam Attenuation, Chelsea/Seatech [1/m]
# name 2 = bpos: Bottle Position in Carousel
# name 3 = c0S/m: Conductivity [S/m]
# name 4 = dz/dtM: Descent Rate [m/s]
# name 5 = wetCDOM: Fluorescence, WET Labs CDOM [mg/m^3]
# name 6 = latitude: Latitude [deg]
# name 7 = longitude: Longitude [deg]
# name 8 = sbeox0Mm/Kg: Oxygen, SBE 43 [umol/kg]
# name 9 = sbeox1Mm/Kg: Oxygen, SBE 43, 2 [umol/kg]
# name 10 = oxsolMm/Kg: Oxygen Saturation, Garcia & Gordon [umol/kg]
# name 11 = oxsatMm/Kg: Oxygen Saturation, Weiss [umol/kg]
# name 12 = par: PAR/Irradiance, Biospherical/Licor
# name 13 = pla: Plume Anomaly
# name 14 = prDM: Pressure, Digiquartz [db]
# name 15 = pumps: Pump Status
# name 16 = scan: Scan Count
# name 17 = sva: Specific Volume Anomaly [10^-8 * m^3/kg]
# name 18 = t090C: Temperature [ITS-90, deg C]
# name 19 = t190C: Temperature, 2 [ITS-90, deg C]
# name 20 = tsa: Thermosteric Anomaly [10^-8 * m^3/kg]
# name 21 = timeS: Time, Elapsed [seconds]
# name 22 = v0: Voltage 0
# name 23 = v1: Voltage 1
# name 24 = v2: Voltage 2
# name 25 = v3: Voltage 3
# name 26 = v4: Voltage 4
# name 27 = v5: Voltage 5
# name 28 = sbeox0V: Oxygen raw, SBE 43 [V]
# name 29 = nbf: Bottles Fired
# name 30 = flag:  0.000e+00
# interval = seconds: 0.0416667
# start_time = Jul 10 2012 07:33:42 [NMEA time, header]
# bad_flag = -9.990e-29
*END*
[from data line 328]
      98.71     0.0676          7   3.425207      0.516    -1.8000   27.77716  -88.48174    168.666    142.759  303.91718  304.53622 1.1856e-01 5.4292e+00    909.122          1     158133     64.094     5.5071     5.5065     52.757   6588.833     1.6557     1.5665     4.9353     4.5897     0.0000     0.0000     1.6557          7  0.000e+00
      98.68     0.0676          7   3.425195     -0.514    -1.8000   27.77716  -88.48174    168.666    142.759  303.91839  304.53745 1.1856e-01 5.4290e+00    909.101          1     158134     64.087     5.5069     5.5064     52.751   6588.875     1.6557     1.5665     4.9341     4.5897     0.0000     0.0000     1.6557          7  0.000e+00
      98.71     0.0676          7   3.425233      0.516    -1.8000   27.77716  -88.48174    168.665    142.759  303.91652  304.53557 1.1856e-01 5.4292e+00    909.122          1     158135     64.072     5.5071     5.5065     52.736   6588.917     1.6557     1.5665     4.9353     4.5897     0.0000     0.0000     1.6557          7  0.000e+00
      98.71     0.0676          7   3.425201      0.001    -1.8000   27.77716  -88.48174    168.666    142.760  303.91825  304.53731 1.1856e-01 5.4290e+00    909.122          1     158136     64.082     5.5069     5.5063     52.746   6588.958     1.6557     1.5665     4.9353     4.5897     0.0000     0.0000     1.6557          7  0.000e+00
      98.68     0.0676          7   3.425207     -0.514    -1.8000   27.77716  -88.48174    168.665    142.759  303.91647  304.53549 1.1856e-01 5.4293e+00    909.101          1     158137     64.106     5.5073     5.5065     52.769   6589.000     1.6557     1.5665     4.9341     4.5897     0.0000     0.0000     1.6557          7  0.000e+00
      98.71     0.0665          7   3.425220      0.516    -1.8000   27.77716  -88.48174    168.666    142.593  303.91685  304.53589 1.1856e-01 5.4292e+00    909.122          1     158138     64.083     5.5071     5.5065     52.747   6589.042     1.6557     1.5653     4.9353     4.5910     0.0000     0.0000     1.6557          7  0.000e+00
      98.68     0.0676          7   3.425195      0.001    -1.8000   27.77716  -88.48174    168.666    142.759  303.91683  304.53584 1.1856e-01 5.4293e+00    909.122          1     158139     64.117     5.5073     5.5064     52.781   6589.083     1.6557     1.5665     4.9341     4.5897     0.0000     0.0000     1.6557          7  0.000e+00
      98.68     0.0676          7   3.425207     -0.514    -1.8000   27.77716  -88.48174    168.845    142.759  303.91806  304.53713 1.1856e-01 5.4290e+00    909.101          1     158140     64.076     5.5069     5.5065     52.740   6589.125     1.6569     1.5665     4.9341     4.5897     0.0000     0.0000     1.6569          7  0.000e+00
      98.68     0.0665          7   3.425195      0.516    -1.8000   27.77716  -88.48174    168.666    142.759  303.91750  304.53654 1.1856e-01 5.4292e+00    909.122          1     158141     64.105     5.5071     5.5066     52.768   6589.167     1.6557     1.5665     4.9341     4.5910     0.0000     0.0000     1.6557          7  0.000e+00
      98.68     0.0665          7   3.425233     -0.514    -1.8000   27.77716  -88.48174    168.844    142.593  303.91650  304.53554 1.1856e-01 5.4292e+00    909.101          1     158142     64.071     5.5071     5.5065     52.735   6589.208     1.6569     1.5653     4.9341     4.5910     0.0000     0.0000     1.6569          7  0.000e+00
      98.71     0.0665          7   3.425227     -0.686    -1.8000   27.77716  -88.48174    168.664    142.758  303.91663  304.53567 1.1856e-01 5.4292e+00    909.072          1     158143     64.075     5.5071     5.5065     52.739   6589.250     1.6557     1.5665     4.9353     4.5910     0.0000     0.0000     1.6557          7  0.000e+00
      98.71     0.0665          7   3.425220      1.203    -1.8000   27.77716  -88.48174    168.666    142.759  303.91775  304.53683 1.1856e-01 5.4290e+00    909.122          1     158144     64.066     5.5069     5.5064     52.730   6589.292     1.6557     1.5665     4.9353     4.5910     0.0000     0.0000     1.6557          7  0.000e+00
      98.71     0.0665          7   3.425239     -0.514    -1.8000   27.77716  -88.48174    168.665    142.925  303.91724  304.53632 1.1856e-01 5.4290e+00    909.101          1     158145     64.049     5.5069     5.5063     52.713   6589.333     1.6557     1.5678     4.9353     4.5910     0.0000     0.0000     1.6557          7  0.000e+00
      98.68     0.0676          7   3.425201     -0.686    -1.8000   27.77716  -88.48174    168.486    142.758  303.91819  304.53726 1.1856e-01 5.4290e+00    909.072          1     158146     64.080     5.5069     5.5064     52.744   6589.375     1.6545     1.5665     4.9341     4.5897     0.0000     0.0000     1.6545          7  0.000e+00
      98.68     0.0676          7   3.425188      1.890    -1.8000   27.77716  -88.48174    168.667    142.760  303.91861  304.53767 1.1856e-01 5.4290e+00    909.151          1     158147     64.094     5.5069     5.5063     52.758   6589.417     1.6557     1.5665     4.9341     4.5897     0.0000     0.0000     1.6557          7  0.000e+00
      98.71     0.0665          8   3.517729      2.909    -1.8000   27.77886  -88.48040    142.513    120.646  296.14210  296.62568 1.1856e-01 6.5655e+00    706.755          1     168330     77.820     6.6305     6.6298     67.422   7013.708     1.5311     1.4530     4.9353     4.5910     0.0000     0.0000     1.5311          8  0.000e+00
      98.73     0.0665          8   3.517761     -2.565    -1.8000   27.77886  -88.48040    142.342    120.488  296.14184  296.62546 1.1856e-01 6.5653e+00    706.648          1     168331     77.776     6.6303     6.6299     67.379   7013.750     1.5299     1.4518     4.9365     4.5910     0.0000     0.0000     1.5299          8  0.000e+00
      98.71     0.0665          8   3.517755      1.198    -1.8000   27.77886  -88.48040    142.342    120.488  296.14141  296.62501 1.1856e-01 6.5655e+00    706.698          1     168332     77.796     6.6305     6.6299     67.399   7013.792     1.5299     1.4518     4.9353     4.5910     0.0000     0.0000     1.5299          8  0.000e+00
      98.73     0.0665          8   3.517729      0.856    -1.8000   27.77886  -88.48040    142.344    120.646  296.14271  296.62632 1.1856e-01 6.5653e+00    706.734          1     168333     77.807     6.6303     6.6300     67.409   7013.833     1.5299     1.4530     4.9365     4.5910     0.0000     0.0000     1.5299          8  0.000e+00
      98.71     0.0665          8   3.517722     -2.052    -1.8000   27.77886  -88.48040    142.342    120.644  296.14278  296.62638 1.1856e-01 6.5653e+00    706.648          1     168334     77.808     6.6303     6.6302     67.411   7013.875     1.5299     1.4530     4.9353     4.5910     0.0000     0.0000     1.5299          8  0.000e+00
      98.71     0.0665          8   3.517761      2.567    -1.8000   27.77886  -88.48040    142.344    120.646  296.14196  296.62557 1.1856e-01 6.5653e+00    706.755          1     168335     77.781     6.6303     6.6299     67.383   7013.917     1.5299     1.4530     4.9353     4.5910     0.0000     0.0000     1.5299          8  0.000e+00
      98.73     0.0665          8   3.517709     -1.368    -1.8000   27.77886  -88.48040    142.343    120.645  296.14314  296.62674 1.1856e-01 6.5653e+00    706.698          1     168336     77.821     6.6303     6.6300     67.424   7013.958     1.5299     1.4530     4.9365     4.5910     0.0000     0.0000     1.5299          8  0.000e+00
      98.71     0.0665          8   3.517729     -0.341    -1.8000   27.77886  -88.48040    142.342    120.645  296.14202  296.62561 1.1856e-01 6.5655e+00    706.684          1     168337     77.817     6.6305     6.6300     67.419   7014.000     1.5299     1.4530     4.9353     4.5910     0.0000     0.0000     1.5299          8  0.000e+00
      98.73     0.0665          8   3.517729      0.343    -1.8000   27.77886  -88.48040    142.343    120.801  296.14268  296.62628 1.1856e-01 6.5653e+00    706.698          1     168338     77.805     6.6303     6.6302     67.408   7014.042     1.5299     1.4542     4.9365     4.5910     0.0000     0.0000     1.5299          8  0.000e+00
      98.71     0.0654          8   3.517716     -1.197    -1.8000   27.77886  -88.48040    142.343    120.644  296.14379  296.62741 1.1856e-01 6.5652e+00    706.648          1     168339     77.796     6.6302     6.6302     67.400   7014.083     1.5299     1.4530     4.9353     4.5922     0.0000     0.0000     1.5299          8  0.000e+00
      98.73     0.0654          8   3.517716      1.198    -1.8000   27.77886  -88.48040    142.343    120.645  296.14235  296.62593 1.1856e-01 6.5655e+00    706.698          1     168340     77.828     6.6305     6.6300     67.431   7014.125     1.5299     1.4530     4.9365     4.5922     0.0000     0.0000     1.5299          8  0.000e+00
      98.71     0.0665          8   3.517742      2.224    -1.8000   27.77886  -88.48040    142.345    120.647  296.14246  296.62607 1.1856e-01 6.5653e+00    706.791          1     168341     77.799     6.6303     6.6300     67.400   7014.167     1.5299     1.4530     4.9353     4.5910     0.0000     0.0000     1.5299          8  0.000e+00
      98.73     0.0654          8   3.517748     -3.421    -1.8000   27.77886  -88.48040    142.511    120.644  296.14152  296.62511 1.1856e-01 6.5655e+00    706.648          1     168342     77.799     6.6305     6.6300     67.402   7014.208     1.5311     1.4530     4.9365     4.5922     0.0000     0.0000     1.5311          8  0.000e+00
      98.71     0.0665          8   3.517767      1.198    -1.8000   27.77886  -88.48040    142.342    120.645  296.14110  296.62470 1.1856e-01 6.5655e+00    706.698          1     168343     77.786     6.6305     6.6300     67.388   7014.250     1.5299     1.4530     4.9353     4.5910     0.0000     0.0000     1.5299          8  0.000e+00
      98.73     0.0665          8   3.517755      0.001    -1.8000   27.77886  -88.48040    142.342    120.645  296.14141  296.62501 1.1856e-01 6.5655e+00    706.698          1     168344     77.796     6.6305     6.6300     67.399   7014.292     1.5299     1.4530     4.9365     4.5910     0.0000     0.0000     1.5299          8  0.000e+00
      98.73     0.0665          8   3.517748      0.001    -1.8000   27.77886  -88.48040    142.342    120.488  296.14072  296.62428 1.1856e-01 6.5657e+00    706.698          1     168345     77.818     6.6307     6.6302     67.420   7014.333     1.5299     1.4518     4.9365     4.5910     0.0000     0.0000     1.5299          8  0.000e+00
      98.73     0.0654          8   3.517748     -0.341    -1.8000   27.77886  -88.48040    142.342    120.645  296.14219  296.62580 1.1856e-01 6.5653e+00    706.684          1     168346     77.788     6.6303     6.6300     67.391   7014.375     1.5299     1.4530     4.9365     4.5922     0.0000     0.0000     1.5299          8  0.000e+00
      98.71     0.0665          8   3.517748      1.711    -1.8000   27.77886  -88.48040    142.344    120.646  296.14227  296.62588 1.1856e-01 6.5653e+00    706.755          1     168347     77.792     6.6303     6.6300     67.394   7014.417     1.5299     1.4530     4.9353     4.5910     0.0000     0.0000     1.5299          8  0.000e+00
      98.73     0.0665          8   3.517767     -2.565    -1.8000   27.77886  -88.48040    142.341    120.644  296.14105  296.62465 1.1856e-01 6.5655e+00    706.649          1     168348     77.783     6.6305     6.6299     67.386   7014.458     1.5299     1.4530     4.9365     4.5910     0.0000     0.0000     1.5299          8  0.000e+00
      98.73     0.0665          8   3.517754      0.001    -1.8000   27.77886  -88.48040    142.341    120.644  296.14051  296.62408 1.1856e-01 6.5657e+00    706.649          1     168349     77.810     6.6307     6.6300     67.413   7014.500     1.5299     1.4530     4.9365     4.5910     0.0000     0.0000     1.5299          8  0.000e+00
      98.73     0.0665          8   3.517748      0.856    -1.8000   27.77886  -88.48040    142.342    120.488  296.14156  296.62515 1.1856e-01 6.5655e+00    706.684          1     168350     77.801     6.6305     6.6300     67.403   7014.542     1.5299     1.4518     4.9365     4.5910     0.0000     0.0000     1.5299          8  0.000e+00
      98.73     0.0665          8   3.517767      0.343    -1.8000   27.77886  -88.48040    142.342    120.488  296.14110  296.62470 1.1856e-01 6.5655e+00    706.699          1     168351     77.786     6.6305     6.6300     67.388   7014.583     1.5299     1.4518     4.9365     4.5910     0.0000     0.0000     1.5299          8  0.000e+00
      98.73     0.0665          8   3.517780     -1.197    -1.8000   27.77886  -88.48040    142.341    120.487  296.14074  296.62434 1.1856e-01 6.5655e+00    706.649          1     168352     77.773     6.6305     6.6300     67.375   7014.625     1.5299     1.4518     4.9365     4.5910     0.0000     0.0000     1.5299          8  0.000e+00
      98.73     0.0665          8   3.517754      0.001    -1.8000   27.77886  -88.48040    142.341    120.488  296.14136  296.62495 1.1856e-01 6.5655e+00    706.649          1     168353     77.794     6.6305     6.6297     67.397   7014.667     1.5299     1.4518     4.9365     4.5910     0.0000     0.0000     1.5299          8  0.000e+00
      98.71     0.0665          8   3.517722      0.856    -1.8000   27.77886  -88.48040    142.512    120.488  296.14218  296.62576 1.1856e-01 6.5655e+00    706.684          1     168354     77.822     6.6305     6.6300     67.425   7014.708     1.5311     1.4518     4.9353     4.5910     0.0000     0.0000     1.5311          8  0.000e+00
      98.73     0.0665          8   3.517735     -0.855    -1.8000   27.77886  -88.48040    142.341    120.330  296.14098  296.62454 1.1856e-01 6.5657e+00    706.649          1     168355     77.826     6.6307     6.6300     67.429   7014.750     1.5299     1.4505     4.9365     4.5910     0.0000     0.0000     1.5299          8  0.000e+00
      98.73     0.0665          8   3.517767      1.198    -1.8000   27.77886  -88.48040    142.512    120.488  296.14110  296.62470 1.1856e-01 6.5655e+00    706.699          1     168356     77.786     6.6305     6.6300     67.388   7014.792     1.5311     1.4518     4.9365     4.5910     0.0000     0.0000     1.5311          8  0.000e+00
      98.73     0.0665          8   3.517754     -1.197    -1.8000   27.77886  -88.48040    142.511    120.487  296.14136  296.62495 1.1856e-01 6.5655e+00    706.649          1     168357     77.794     6.6305     6.6300     67.397   7014.833     1.5311     1.4518     4.9365     4.5910     0.0000     0.0000     1.5311          8  0.000e+00
      98.73     0.0654          8   3.517722      0.856    -1.8000   27.77886  -88.48040    142.342    120.488  296.14133  296.62489 1.1856e-01 6.5657e+00    706.685          1     168358     77.838     6.6307     6.6302     67.441   7014.875     1.5299     1.4518     4.9365     4.5922     0.0000     0.0000     1.5299          8  0.000e+00
      98.71     0.0665          8   3.517735     -2.223    -1.8000   27.77886  -88.48040    142.340    120.643  296.14092  296.62448 1.1856e-01 6.5657e+00    706.592          1     168359     77.823     6.6307     6.6302     67.427   7014.917     1.5299     1.4530     4.9353     4.5910     0.0000     0.0000     1.5299          8  0.000e+00
      98.71     0.0665          8   3.517793      1.369    -1.8000   27.77886  -88.48040    142.510    120.644  296.13958  296.62315 1.1856e-01 6.5657e+00    706.649          1     168360     77.779     6.6307     6.6300     67.381   7014.958     1.5311     1.4530     4.9353     4.5910     0.0000     0.0000     1.5311          8  0.000e+00
