tests/data/CTD/g01l02s04m.ros
* Sea-Bird SBE 9 Data File:
* FileName = D:\CTD DATA\2013\PE13-01 DiMarco\G01L02S04M.hex
* Software Version Seasave V 7.21g
* Temperature SN = 4515
* Conductivity SN = 3079
* Number of Bytes Per Scan = 40
* Number of Voltage Words = 5
* Number of Scans Averaged by the Deck Unit = 1
* NMEA Latitude = 28 00.05 N
* NMEA Longitude = 089 00.62 W
* NMEA UTC (Time) = Jul 08 2012  22:04:02
* NMEA baud rate = 4800
# nquan = 31
# nvalues = 588                                   
# units = specified
# name 0 = altM: Altimeter [m]
# name 1 = bat: Beam Attenuation, Chelsea/Seatech [1/m]
# name 2 = bpos: Bottle Position in Carousel
# name 3 = c0S/m: Conductivity [S/m]
# name 4 = dz/dtM: Descent Rate [m/s]
# name 5 = wetCDOM: Fluorescence, WET Labs CDOM [mg/m^3]
# name 6 = latitude: Latitude [deg]
# name 7 = longitude: Longitude [deg]
# name 8 = sbeox0Mm/Kg: Oxygen, SBE 43 [umol/kg]
# name 9 = sbeox1Mm/Kg: Oxygen, SBE 43, 2 [umol/kg]
# name 10 = oxsolMm/Kg: Oxygen Saturation, Garcia & Gordon [umol/kg]
# name 11 = oxsatMm/Kg: Oxygen Saturation, Weiss [umol/kg]
# name 12 = par: PAR/Irradiance, Biospherical/Licor
# name 13 = pla: Plume Anomaly
# name 14 = prDM: Pressure, Digiquartz [db]
# name 15 = pumps: Pump Status
# name 16 = scan: Scan Count
# name 17 = sva: Specific Volume Anomaly [10^-8 * m^3/kg]
# name 18 = t090C: Temperature [ITS-90, deg C]
# name 19 = t190C: Temperature, 2 [ITS-90, deg C]
# name 20 = tsa: Thermosteric Anomaly [10^-8 * m^3/kg]
# name 21 = timeS: Time, Elapsed [seconds]
# name 22 = v0: Voltage 0
# name 23 = v1: Voltage 1
# name 24 = v2: Voltage 2
# name 25 = v3: Voltage 3
# name 26 = v4: Voltage 4
# name 27 = v5: Voltage 5
# name 28 = sbeox0V: Oxygen raw, SBE 43 [V]
# name 29 = nbf: Bottles Fired
# name 30 = flag:  0.000e+00
# interval = seconds: 0.0416667
# start_time = Jul 08 2012 22:04:02 [NMEA time, header]
# bad_flag = -9.990e-29
*END*
[from data line 468]
      98.61     0.0516         10   5.053226      0.001     2.6261   28.00696  -89.01826    151.927    131.415  220.68820  220.25562 1.0123e+00 2.0613e+01    101.961          1      90032    223.531    20.6278    20.6094    219.962   3751.292     2.1013     1.9915     4.9304     4.6081     0.9267     0.1770     2.1013         10  0.000e+00
      98.61     0.0516         10   5.052493      0.001     2.6567   28.00696  -89.01826    151.945    131.416  220.71434  220.28194 1.0094e+00 2.0607e+01    101.961          1      90033    223.387    20.6213    20.6097    219.818   3751.333     2.1013     1.9915     4.9304     4.6081     0.9255     0.1783     2.1013         10  0.000e+00
      98.61     0.0516         10   5.051850     -1.183     2.6261   28.00696  -89.01826    151.958    131.420  220.73463  220.30236 1.0094e+00 2.0602e+01    101.912          1      90034    223.344    20.6165    20.6076    219.778   3751.375     2.1013     1.9915     4.9304     4.6081     0.9255     0.1770     2.1013         10  0.000e+00
      98.61     0.0516         10   5.051529      1.522     2.6261   28.00696  -89.01826    151.968    131.424  220.74699  220.31482 1.0094e+00 2.0599e+01    101.975          1      90035    223.256    20.6133    20.6062    219.688   3751.417     2.1013     1.9915     4.9304     4.6081     0.9255     0.1770     2.1013         10  0.000e+00
      98.61     0.0527         10   5.051424     -0.337     2.6261   28.00696  -89.01826    151.972    131.426  220.75339  220.32128 1.0151e+00 2.0597e+01    101.961          1      90036    223.146    20.6114    20.6053    219.578   3751.458     2.1013     1.9915     4.9304     4.6068     0.9280     0.1770     2.1013         10  0.000e+00
      98.61     0.0527         10   5.051342     -1.183     2.6261   28.00696  -89.01826    151.973    131.426  220.75587  220.32377 1.0123e+00 2.0596e+01    101.912          1      90037    223.141    20.6108    20.6050    219.575   3751.500     2.1013     1.9915     4.9304     4.6068     0.9267     0.1770     2.1013         10  0.000e+00
      98.61     0.0516         10   5.051215      1.184     2.6261   28.00696  -89.01826    152.093    131.428  220.76014  220.32807 1.0180e+00 2.0595e+01    101.961          1      90038    223.129    20.6098    20.6044    219.561   3751.542     2.1026     1.9915     4.9304     4.6081     0.9292     0.1770     2.1026         10  0.000e+00
      98.61     0.0516         10   5.051095      0.001     2.6567   28.00696  -89.01826    152.096    131.426  220.76481  220.33277 1.0180e+00 2.0594e+01    101.961          1      90039    223.092    20.6086    20.6052    219.525   3751.583     2.1026     1.9915     4.9304     4.6081     0.9292     0.1783     2.1026         10  0.000e+00
      98.61     0.0516         10   5.051028      0.001     2.6567   28.00696  -89.01826    152.098    131.423  220.76662  220.33460 1.0151e+00 2.0594e+01    101.961          1      90040    223.098    20.6082    20.6064    219.531   3751.625     2.1026     1.9915     4.9304     4.6081     0.9280     0.1783     2.1026         10  0.000e+00
      98.61     0.0516         10   5.050991      0.001     2.6567   28.00696  -89.01826    152.098    131.422  220.76798  220.33596 1.0094e+00 2.0593e+01    101.961          1      90041    223.090    20.6079    20.6071    219.523   3751.667     2.1026     1.9915     4.9304     4.6081     0.9255     0.1783     2.1026         10  0.000e+00
      98.61     0.0527         10   5.050938      0.001     2.6261   28.00696  -89.01826    151.984    131.420  220.77012  220.33812 1.0066e+00 2.0593e+01    101.961          1      90042    223.071    20.6073    20.6078    219.504   3751.708     2.1013     1.9915     4.9304     4.6068     0.9243     0.1770     2.1013         10  0.000e+00
      98.61     0.0527         10   5.050781      0.001     2.6261   28.00696  -89.01826    152.104    131.419  220.77655  220.34460 1.0066e+00 2.0591e+01    101.961          1      90043    223.013    20.6056    20.6083    219.445   3751.750     2.1026     1.9915     4.9304     4.6068     0.9243     0.1770     2.1026         10  0.000e+00
      98.61     0.0516         10   5.050714      0.001     2.6567   28.00696  -89.01826    152.107    131.420  220.78019  220.34827 1.0123e+00 2.0590e+01    101.961          1      90044    222.959    20.6045    20.6082    219.391   3751.792     2.1026     1.9915     4.9304     4.6081     0.9267     0.1783     2.1026         10  0.000e+00
      98.61     0.0516         10   5.050729      0.001     2.6261   28.00696  -89.01826    152.105    131.420  220.77768  220.34574 1.0123e+00 2.0591e+01    101.961          1      90045    223.027    20.6054    20.6078    219.460   3751.833     2.1026     1.9915     4.9304     4.6081     0.9267     0.1770     2.1026         10  0.000e+00
      98.61     0.0516         10   5.050796      0.001     2.6261   28.00696  -89.01826    152.104    131.419  220.77546  220.34350 1.0123e+00 2.0591e+01    101.961          1      90046    223.034    20.6059    20.6083    219.467   3751.875     2.1026     1.9915     4.9304     4.6081     0.9267     0.1770     2.1026         10  0.000e+00
      98.61     0.0516         10   5.050766      0.001     2.6261   28.00696  -89.01826    152.105    131.415  220.77693  220.34499 1.0123e+00 2.0591e+01    101.962          1      90047    223.015    20.6055    20.6099    219.448   3751.917     2.1026     1.9915     4.9304     4.6081     0.9267     0.1770     2.1026         10  0.000e+00
      98.61     0.0516         10   5.050864      0.001     2.6261   28.00696  -89.01826    152.103    131.411  220.77415  220.34219 1.0094e+00 2.0592e+01    101.962          1      90048    223.011    20.6061    20.6115    219.444   3751.958     2.1026     1.9915     4.9304     4.6081     0.9255     0.1770     2.1026         10  0.000e+00
      98.61     0.0527         10   5.050946      0.001     2.5956   28.00696  -89.01826    152.101    131.409  220.77135  220.33937 1.0094e+00 2.0592e+01    101.962          1      90049    223.023    20.6068    20.6131    219.456   3752.000     2.1026     1.9915     4.9304     4.6068     0.9255     0.1758     2.1026         10  0.000e+00
      98.61     0.0516         10   5.050946      1.184     2.6261   28.00696  -89.01826    152.102    131.409  220.77178  220.33980 1.0123e+00 2.0592e+01    102.011          1      90050    223.013    20.6066    20.6134    219.443   3752.042     2.1026     1.9915     4.9304     4.6081     0.9267     0.1770     2.1026         10  0.000e+00
      98.61     0.0516         10   5.050901      0.508     2.5956   28.00696  -89.01826    152.219    131.410  220.77233  220.34035 1.0094e+00 2.0592e+01    102.032          1      90051    223.040    20.6066    20.6129    219.471   3752.083     2.1038     1.9915     4.9304     4.6081     0.9255     0.1758     2.1038         10  0.000e+00
      98.61     0.0516         10   5.050864     -2.873     2.5956   28.00696  -89.01826    152.101    131.409  220.77291  220.34093 1.0151e+00 2.0592e+01    101.912          1      90052    223.048    20.6066    20.6122    219.483   3752.125     2.1026     1.9915     4.9304     4.6081     0.9280     0.1758     2.1026         10  0.000e+00
      98.61     0.0527         10   5.050811      2.368     2.5956   28.00696  -89.01826    152.104    131.408  220.77480  220.34284 1.0151e+00 2.0592e+01    102.011          1      90053    223.045    20.6061    20.6131    219.476   3752.167     2.1026     1.9915     4.9304     4.6068     0.9280     0.1758     2.1026         10  0.000e+00
      98.58     0.0836         11   5.532643      0.001     1.8020   28.00716  -89.01842    215.955    189.289  203.84485  203.33287 3.5321e+01 2.5305e+01     50.734          1      92087    362.140    25.3098    25.3138    360.286   3836.917     2.9756     2.8181     4.9292     4.5714     2.4689     0.1441     2.9756         11  0.000e+00
      98.56     0.0836         11   5.532713     -0.506     1.8020   28.00716  -89.01842    216.059    189.292  203.84333  203.33135 3.5321e+01 2.5305e+01     50.713          1      92088    362.132    25.3102    25.3123    360.280   3836.958     2.9768     2.8181     4.9280     4.5714     2.4689     0.1441     2.9768         11  0.000e+00
      98.58     0.0825         11   5.532806      1.690     1.8020   28.00716  -89.01842    216.058    189.299  203.84021  203.32824 3.5321e+01 2.5306e+01     50.784          1      92089    362.171    25.3111    25.3101    360.315   3837.000     2.9768     2.8181     4.9292     4.5726     2.4689     0.1441     2.9768         11  0.000e+00
      98.58     0.0836         11   5.532829     -2.364     1.8020   28.00716  -89.01842    216.051    189.298  203.83622  203.32423 3.5420e+01 2.5308e+01     50.685          1      92090    362.292    25.3127    25.3096    360.440   3837.042     2.9768     2.8181     4.9292     4.5714     2.4701     0.1441     2.9768         11  0.000e+00
      98.56     0.0836         11   5.532930      1.183     1.8325   28.00716  -89.01842    216.050    189.300  203.83360  203.32161 3.5321e+01 2.5308e+01     50.735          1      92091    362.303    25.3135    25.3094    360.450   3837.083     2.9768     2.8181     4.9280     4.5714     2.4689     0.1453     2.9768         11  0.000e+00
      98.56     0.0836         11   5.532954     -0.506     1.8020   28.00716  -89.01842    216.048    189.200  203.83204  203.32004 3.5321e+01 2.5309e+01     50.713          1      92092    362.339    25.3140    25.3091    360.487   3837.125     2.9768     2.8168     4.9280     4.5714     2.4689     0.1441     2.9768         11  0.000e+00
      98.56     0.0836         11   5.532790      1.690     1.8020   28.00716  -89.01842    216.056    189.202  203.83796  203.32597 3.5321e+01 2.5307e+01     50.784          1      92093    362.269    25.3122    25.3093    360.414   3837.167     2.9768     2.8168     4.9280     4.5714     2.4689     0.1441     2.9768         11  0.000e+00
      98.58     0.0825         11   5.532526     -1.182     1.8020   28.00716  -89.01842    216.068    189.209  203.85062  203.33866 3.5321e+01 2.5303e+01     50.735          1      92094    362.028    25.3078    25.3065    360.175   3837.208     2.9768     2.8168     4.9292     4.5726     2.4689     0.1441     2.9768         11  0.000e+00
      98.58     0.0836         11   5.532185      0.001     1.8020   28.00716  -89.01842    216.079    189.216  203.86107  203.34912 3.5420e+01 2.5300e+01     50.735          1      92095    361.943    25.3048    25.3039    360.090   3837.250     2.9768     2.8168     4.9292     4.5714     2.4701     0.1441     2.9768         11  0.000e+00
      98.56     0.0836         11   5.531921      0.676     1.8020   28.00716  -89.01842    216.088    189.321  203.86912  203.35718 3.5420e+01 2.5297e+01     50.763          1      92096    361.881    25.3024    25.3020    360.027   3837.292     2.9768     2.8181     4.9280     4.5714     2.4701     0.1441     2.9768         11  0.000e+00
      98.56     0.0836         11   5.531781     -0.675     1.7714   28.00716  -89.01842    216.094    189.321  203.87519  203.36327 3.5420e+01 2.5295e+01     50.735          1      92097    361.777    25.3004    25.3017    359.924   3837.333     2.9768     2.8181     4.9280     4.5714     2.4701     0.1429     2.9768         11  0.000e+00
      98.56     0.0836         11   5.531633      1.183     1.7104   28.00716  -89.01842    216.099    189.320  203.87955  203.36763 3.5420e+01 2.5294e+01     50.784          1      92098    361.750    25.2991    25.3024    359.895   3837.375     2.9768     2.8181     4.9280     4.5714     2.4701     0.1404     2.9768         11  0.000e+00
      98.56     0.0836         11   5.531556      0.001     1.7104   28.00716  -89.01842    215.997    189.316  203.88371  203.37179 3.5420e+01 2.5293e+01     50.784          1      92099    361.664    25.2977    25.3032    359.809   3837.417     2.9756     2.8181     4.9280     4.5714     2.4701     0.1404     2.9756         11  0.000e+00
      98.56     0.0836         11   5.531509     -0.506     1.7104   28.00716  -89.01842    216.106    189.212  203.88664  203.37473 3.5420e+01 2.5292e+01     50.763          1      92100    361.595    25.2966    25.3046    359.741   3837.458     2.9768     2.8168     4.9280     4.5714     2.4701     0.1404     2.9768         11  0.000e+00
      98.58     0.0825         11   5.531431     -0.675     1.7104   28.00716  -89.01842    216.109    189.211  203.88945  203.37755 3.5321e+01 2.5291e+01     50.735          1      92101    361.557    25.2957    25.3052    359.704   3837.500     2.9768     2.8168     4.9292     4.5726     2.4689     0.1404     2.9768         11  0.000e+00
      98.58     0.0825         11   5.531299      1.183     1.7104   28.00716  -89.01842    216.112    189.212  203.89167  203.37977 3.5520e+01 2.5290e+01     50.784          1      92102    361.596    25.2953    25.3051    359.741   3837.542     2.9768     2.8168     4.9292     4.5726     2.4713     0.1404     2.9768         11  0.000e+00
      98.58     0.0836         11   5.531253      0.001     1.7104   28.00716  -89.01842    216.114    189.212  203.89337  203.38147 3.5221e+01 2.5290e+01     50.784          1      92103    361.574    25.2948    25.3051    359.720   3837.583     2.9768     2.8168     4.9292     4.5714     2.4676     0.1404     2.9768         11  0.000e+00
      98.56     0.0836         11   5.531230      0.001     1.7104   28.00716  -89.01842    216.008    189.315  203.89451  203.38261 3.5520e+01 2.5289e+01     50.784          1      92104    361.553    25.2944    25.3041    359.698   3837.625     2.9756     2.8181     4.9280     4.5714     2.4713     0.1404     2.9756         11  0.000e+00
      98.58     0.0825         11   5.531121      0.845     1.7104   28.00716  -89.01842    216.119    189.323  203.89757  203.38567 3.5520e+01 2.5288e+01     50.819          1      92105    361.538    25.2935    25.3013    359.682   3837.667     2.9768     2.8181     4.9292     4.5726     2.4713     0.1404     2.9768         11  0.000e+00
      98.58     0.0825         11   5.531090     -0.844     1.7104   28.00716  -89.01842    216.120    189.329  203.89885  203.38696 3.5620e+01 2.5288e+01     50.784          1      92106    361.515    25.2931    25.2990    359.661   3837.708     2.9768     2.8181     4.9292     4.5726     2.4725     0.1404     2.9768         11  0.000e+00
      98.56     0.0825         11   5.531051      0.001     1.7104   28.00716  -89.01842    216.121    189.334  203.90031  203.38842 3.5620e+01 2.5288e+01     50.784          1      92107    361.496    25.2927    25.2974    359.641   3837.750     2.9768     2.8181     4.9280     4.5726     2.4725     0.1404     2.9768         11  0.000e+00
      98.56     0.0836         11   5.531020      0.001     1.7409   28.00716  -89.01842    216.123    189.336  203.90152  203.38963 3.5620e+01 2.5287e+01     50.784          1      92108    361.478    25.2923    25.2965    359.624   3837.792     2.9768     2.8181     4.9280     4.5714     2.4725     0.1416     2.9768         11  0.000e+00
      98.56     0.0825         11   5.531067      0.845     1.7409   28.00716  -89.01842    216.230    189.336  203.90075  203.38886 3.5620e+01 2.5287e+01     50.820          1      92109    361.468    25.2924    25.2966    359.612   3837.833     2.9780     2.8181     4.9280     4.5726     2.4725     0.1416     2.9780         11  0.000e+00
      98.58     0.0825         11   5.531090     -0.844     1.7104   28.00716  -89.01842    216.228    189.433  203.90043  203.38854 3.5620e+01 2.5287e+01     50.784          1      92110    361.456    25.2924    25.2975    359.602   3837.875     2.9780     2.8193     4.9292     4.5726     2.4725     0.1404     2.9780         11  0.000e+00
