tests/data/CTD/g01l03s05.ros
* Sea-Bird SBE 9 Data File:
* FileName = D:\CTD DATA\2013\PE13-01 DiMarco\G01L03S05.hex
* Software Version Seasave V 7.21g
* Temperature SN = 4515
* Conductivity SN = 3079
* Number of Bytes Per Scan = 40
* Number of Voltage Words = 5
* Number of Scans Averaged by the Deck Unit = 1
* NMEA Latitude = 27 45.01 N
* NMEA Longitude = 088 44.95 W
* NMEA UTC (Time) = Jul 10 2012  16:10:28
* NMEA baud rate = 4800
# nquan = 31
# nvalues = 588                                   
# units = specified
# name 0 = altM: Altimeter [m]
# name 1 = bat: Beam Attenuation, Chelsea/Seatech [1/m]
# name 2 = bpos: Bottle Position in Carousel
# name 3 = c0S/m: Conductivity [S/m]
# name 4 = dz/dtM: Descent Rate [m/s]
# name 5 = wetCDOM: Fluorescence, WET Labs CDOM [mg/m^3]
# name 6 = latitude: Latitude [deg]
# name 7 = longitude: Longitude [deg]
# name 8 = sbeox0Mm/Kg: Oxygen, SBE 43 [umol/kg]
# name 9 = sbeox1Mm/Kg: Oxygen, SBE 43, 2 [umol/kg]
# name 10 = oxsolMm/Kg: Oxygen Saturation, Garcia & Gordon [umol/kg]
# name 11 = oxsatMm/Kg: Oxygen Saturation, Weiss [umol/kg]
# name 12 = par: PAR/Irradiance, Biospherical/Licor
# name 13 = pla: Plume Anomaly
# name 14 = prDM: Pressure, Digiquartz [db]
# name 15 = pumps: Pump Status
# name 16 = scan: Scan Count
# name 17 = sva: Specific Volume Anomaly [10^-8 * m^3/kg]
# name 18 = t090C: Temperature [ITS-90, deg C]
# name 19 = t190C: Temperature, 2 [ITS-90, deg C]
# name 20 = tsa: Thermosteric Anomaly [10^-8 * m^3/kg]
# name 21 = timeS: Time, Elapsed [seconds]
# name 22 = v0: Voltage 0
# name 23 = v1: Voltage 1
# name 24 = v2: Voltage 2
# name 25 = v3: Voltage 3
# name 26 = v4: Voltage 4
# name 27 = v5: Voltage 5
# name 28 = sbeox0V: Oxygen raw, SBE 43 [V]
# name 29 = nbf: Bottles Fired
# name 30 = flag:  0.000e+00
# interval = seconds: 0.0416667
# start_time = Jul 10 2012 16:10:28 [NMEA time, header]
# bad_flag = -9.990e-29
*END*
[from data line 328]
      98.73     0.0506          7   3.855671     -0.679    -1.8000   27.77408  -88.72816    121.853    103.265  273.70136  273.84582 1.1856e-01 1.0040e+01    405.052          1     118818    104.120    10.0854    10.0860     95.504   4950.708     1.4957     1.4212     4.9365     4.6093     0.0000     0.0000     1.4957          7  0.000e+00
      98.73     0.0516          7   3.855691      0.001    -1.8000   27.77408  -88.72816    121.852    103.265  273.70044  273.84489 1.1856e-01 1.0040e+01    405.052          1     118819    104.117    10.0855    10.0854     95.500   4950.750     1.4957     1.4212     4.9365     4.6081     0.0000     0.0000     1.4957          7  0.000e+00
      98.73     0.0506          7   3.855677      1.191    -1.8000   27.77408  -88.72816    121.853    103.266  273.70040  273.84484 1.1856e-01 1.0040e+01    405.101          1     118820    104.137    10.0856    10.0857     95.520   4950.792     1.4957     1.4212     4.9365     4.6093     0.0000     0.0000     1.4957          7  0.000e+00
      98.71     0.0516          7   3.855671     -1.190    -1.8000   27.77408  -88.72816    121.852    103.265  273.70084  273.84529 1.1856e-01 1.0040e+01    405.052          1     118821    104.132    10.0855    10.0854     95.516   4950.833     1.4957     1.4212     4.9353     4.6081     0.0000     0.0000     1.4957          7  0.000e+00
      98.71     0.0516          7   3.855651      1.191    -1.8000   27.77408  -88.72816    121.854    103.266  273.70181  273.84627 1.1856e-01 1.0040e+01    405.101          1     118822    104.138    10.0854    10.0855     95.521   4950.875     1.4957     1.4212     4.9353     4.6081     0.0000     0.0000     1.4957          7  0.000e+00
      98.71     0.0527          7   3.855711      0.001    -1.8000   27.77408  -88.72816    121.853    103.266  273.70008  273.84453 1.1856e-01 1.0040e+01    405.102          1     118823    104.104    10.0855    10.0854     95.487   4950.917     1.4957     1.4212     4.9353     4.6068     0.0000     0.0000     1.4957          7  0.000e+00
      98.73     0.0580          7   3.855738      0.001    -1.8000   27.77408  -88.72816    121.853    103.266  273.69954  273.84400 1.1856e-01 1.0040e+01    405.102          1     118824    104.084    10.0855    10.0856     95.467   4950.958     1.4957     1.4212     4.9365     4.6007     0.0000     0.0000     1.4957          7  0.000e+00
      98.73     0.0591          7   3.855738      0.001    -1.8000   27.77408  -88.72816    121.852    103.265  273.69884  273.84328 1.1856e-01 1.0040e+01    405.102          1     118825    104.100    10.0857    10.0857     95.482   4951.000     1.4957     1.4212     4.9365     4.5995     0.0000     0.0000     1.4957          7  0.000e+00
      98.71     0.0591          7   3.855785      2.042    -1.8000   27.77408  -88.72816    121.852    103.266  273.69535  273.83973 1.1856e-01 1.0041e+01    405.187          1     118826    104.128    10.0864    10.0859     95.508   4951.042     1.4957     1.4212     4.9353     4.5995     0.0000     0.0000     1.4957          7  0.000e+00
      98.73     0.0580          7   3.855805     -0.850    -1.8000   27.77408  -88.72816    121.850    103.265  273.69351  273.83786 1.1856e-01 1.0041e+01    405.151          1     118827    104.142    10.0867    10.0858     95.523   4951.083     1.4957     1.4212     4.9365     4.6007     0.0000     0.0000     1.4957          7  0.000e+00
      98.73     0.0580          7   3.855778     -1.190    -1.8000   27.77408  -88.72816    121.850    103.264  273.69383  273.83817 1.1856e-01 1.0041e+01    405.102          1     118828    104.163    10.0868    10.0864     95.545   4951.125     1.4957     1.4212     4.9365     4.6007     0.0000     0.0000     1.4957          7  0.000e+00
      98.73     0.0591          7   3.855771      2.552    -1.8000   27.77408  -88.72816    121.852    103.264  273.69423  273.83857 1.1856e-01 1.0041e+01    405.208          1     118829    104.170    10.0867    10.0866     95.550   4951.167     1.4957     1.4212     4.9365     4.5995     0.0000     0.0000     1.4957          7  0.000e+00
      98.73     0.0591          7   3.855771     -1.360    -1.8000   27.77408  -88.72816    121.851    103.263  273.69559  273.83996 1.1856e-01 1.0041e+01    405.151          1     118830    104.136    10.0864    10.0869     95.517   4951.208     1.4957     1.4212     4.9365     4.5995     0.0000     0.0000     1.4957          7  0.000e+00
      98.71     0.0591          7   3.855771      1.361    -1.8000   27.77408  -88.72816    121.853    103.264  273.69634  273.84073 1.1856e-01 1.0041e+01    405.208          1     118831    104.123    10.0862    10.0870     95.503   4951.250     1.4957     1.4212     4.9353     4.5995     0.0000     0.0000     1.4957          7  0.000e+00
      98.73     0.0591          7   3.855785      0.001    -1.8000   27.77408  -88.72816    121.853    103.264  273.69730  273.84172 1.1856e-01 1.0040e+01    405.208          1     118832    104.086    10.0859    10.0869     95.466   4951.292     1.4957     1.4212     4.9365     4.5995     0.0000     0.0000     1.4957          7  0.000e+00
      98.68     0.0506          8   4.037377     -3.903    -1.8000   27.77500  -88.72728    129.017    109.631  263.65274  263.66393 1.1856e-01 1.1739e+01    304.339          1     123300    114.455    11.7762    11.7857    107.102   5137.458     1.6093     1.5275     4.9341     4.6093     0.0000     0.0000     1.6093          8  0.000e+00
      98.68     0.0495          8   4.037357      2.547    -1.8000   27.77500  -88.72728    129.020    109.632  263.65431  263.66553 1.1856e-01 1.1739e+01    304.445          1     123301    114.449    11.7759    11.7862    107.094   5137.500     1.6093     1.5275     4.9341     4.6105     0.0000     0.0000     1.6093          8  0.000e+00
      98.71     0.0495          8   4.037323     -2.546    -1.8000   27.77500  -88.72728    129.018    109.630  263.65374  263.66493 1.1856e-01 1.1739e+01    304.339          1     123302    114.494    11.7762    11.7862    107.142   5137.542     1.6093     1.5275     4.9353     4.6105     0.0000     0.0000     1.6093          8  0.000e+00
      98.71     0.0495          8   4.037336      3.905    -1.8000   27.77500  -88.72728    129.020    109.633  263.65298  263.66416 1.1856e-01 1.1740e+01    304.501          1     123303    114.509    11.7764    11.7858    107.152   5137.583     1.6093     1.5275     4.9353     4.6105     0.0000     0.0000     1.6093          8  0.000e+00
      98.71     0.0495          8   4.037377     -2.715    -1.8000   27.77500  -88.72728    129.018    109.631  263.65214  263.66332 1.1856e-01 1.1740e+01    304.388          1     123304    114.473    11.7764    11.7860    107.119   5137.625     1.6093     1.5275     4.9353     4.6105     0.0000     0.0000     1.6093          8  0.000e+00
      98.68     0.0506          8   4.037275      2.547    -1.8000   27.77500  -88.72728    129.021    109.500  263.65522  263.66641 1.1856e-01 1.1739e+01    304.494          1     123305    114.526    11.7761    11.7866    107.170   5137.667     1.6093     1.5263     4.9341     4.6093     0.0000     0.0000     1.6093          8  0.000e+00
      98.71     0.0506          8   4.037323     -2.376    -1.8000   27.77500  -88.72728    129.161    109.498  263.65378  263.66497 1.1856e-01 1.1739e+01    304.395          1     123306    114.497    11.7762    11.7873    107.144   5137.708     1.6105     1.5263     4.9353     4.6093     0.0000     0.0000     1.6105          8  0.000e+00
      98.68     0.0506          8   4.037350      1.019    -1.8000   27.77500  -88.72728    129.019    109.633  263.65268  263.66386 1.1856e-01 1.1740e+01    304.438          1     123307    114.495    11.7764    11.7858    107.141   5137.750     1.6093     1.5275     4.9341     4.6093     0.0000     0.0000     1.6093          8  0.000e+00
      98.71     0.0506          8   4.037350      0.170    -1.8000   27.77502  -88.72726    129.019    109.638  263.65332  263.66452 1.1856e-01 1.1739e+01    304.445          1     123308    114.481    11.7762    11.7837    107.126   5137.792     1.6093     1.5275     4.9353     4.6093     0.0000     0.0000     1.6093          8  0.000e+00
      98.71     0.0506          8   4.037296     -0.169    -1.8000   27.77502  -88.72726    129.020    109.643  263.65480  263.66599 1.1856e-01 1.1739e+01    304.438          1     123309    114.508    11.7761    11.7817    107.153   5137.833     1.6093     1.5275     4.9353     4.6093     0.0000     0.0000     1.6093          8  0.000e+00
      98.68     0.0506          8   4.037302      0.170    -1.8000   27.77502  -88.72726    129.020    109.645  263.65468  263.66587 1.1856e-01 1.1739e+01    304.445          1     123310    114.503    11.7761    11.7807    107.149   5137.875     1.6093     1.5275     4.9341     4.6093     0.0000     0.0000     1.6093          8  0.000e+00
      98.71     0.0506          8   4.037336      1.189    -1.8000   27.77502  -88.72726    129.020    109.648  263.65409  263.66529 1.1856e-01 1.1739e+01    304.494          1     123311    114.482    11.7761    11.7797    107.126   5137.917     1.6093     1.5275     4.9353     4.6093     0.0000     0.0000     1.6093          8  0.000e+00
      98.71     0.0506          8   4.037350     -1.357    -1.8000   27.77502  -88.72726    129.018    109.648  263.65204  263.66320 1.1856e-01 1.1740e+01    304.438          1     123312    114.511    11.7766    11.7791    107.156   5137.958     1.6093     1.5275     4.9353     4.6093     0.0000     0.0000     1.6093          8  0.000e+00
      98.68     0.0506          8   4.037350      1.528    -1.8000   27.77502  -88.72726    129.020    109.651  263.65273  263.66391 1.1856e-01 1.1740e+01    304.502          1     123313    114.499    11.7764    11.7783    107.143   5138.000     1.6093     1.5275     4.9341     4.6093     0.0000     0.0000     1.6093          8  0.000e+00
      98.68     0.0506          8   4.037371     -1.527    -1.8000   27.77502  -88.72726    129.019    109.518  263.65294  263.66414 1.1856e-01 1.1739e+01    304.438          1     123314    114.465    11.7762    11.7785    107.111   5138.042     1.6093     1.5263     4.9341     4.6093     0.0000     0.0000     1.6093          8  0.000e+00
      98.71     0.0506          8   4.037302      2.717    -1.8000   27.77502  -88.72726    129.164    109.519  263.65476  263.66596 1.1856e-01 1.1739e+01    304.551          1     123315    114.509    11.7761    11.7785    107.152   5138.083     1.6105     1.5263     4.9353     4.6093     0.0000     0.0000     1.6105          8  0.000e+00
      98.71     0.0495          8   4.037330     -2.715    -1.8000   27.77502  -88.72726    129.019    109.517  263.65305  263.66423 1.1856e-01 1.1740e+01    304.438          1     123316    114.510    11.7764    11.7787    107.155   5138.125     1.6093     1.5263     4.9353     4.6105     0.0000     0.0000     1.6093          8  0.000e+00
      98.68     0.0506          8   4.037296      1.359    -1.8000   27.77502  -88.72726    129.021    109.519  263.65484  263.66604 1.1856e-01 1.1739e+01    304.495          1     123317    114.511    11.7761    11.7785    107.155   5138.167     1.6093     1.5263     4.9341     4.6093     0.0000     0.0000     1.6093          8  0.000e+00
      98.68     0.0506          8   4.037330      0.171    -1.8000   27.77502  -88.72726    129.020    109.651  263.65311  263.66428 1.1856e-01 1.1740e+01    304.502          1     123318    114.514    11.7764    11.7785    107.157   5138.208     1.6093     1.5275     4.9341     4.6093     0.0000     0.0000     1.6093          8  0.000e+00
      98.68     0.0506          8   4.037268     -0.169    -1.8000   27.77502  -88.72726    129.021    109.520  263.65550  263.66670 1.1856e-01 1.1739e+01    304.495          1     123319    114.527    11.7761    11.7780    107.171   5138.250     1.6093     1.5263     4.9341     4.6093     0.0000     0.0000     1.6093          8  0.000e+00
      98.71     0.0506          8   4.037296      1.359    -1.8000   27.77502  -88.72726    129.022    109.521  263.65441  263.66559 1.1856e-01 1.1739e+01    304.551          1     123320    114.526    11.7762    11.7780    107.169   5138.292     1.6093     1.5263     4.9353     4.6093     0.0000     0.0000     1.6093          8  0.000e+00
      98.68     0.0506          8   4.037316     -1.357    -1.8000   27.77502  -88.72726    129.021    109.520  263.65447  263.66567 1.1856e-01 1.1739e+01    304.495          1     123321    114.496    11.7761    11.7778    107.140   5138.333     1.6093     1.5263     4.9341     4.6093     0.0000     0.0000     1.6093          8  0.000e+00
      98.71     0.0506          8   4.037316      0.170    -1.8000   27.77502  -88.72726    129.163    109.520  263.65336  263.66453 1.1856e-01 1.1740e+01    304.502          1     123322    114.524    11.7764    11.7778    107.167   5138.375     1.6105     1.5263     4.9353     4.6093     0.0000     0.0000     1.6105          8  0.000e+00
      98.71     0.0506          8   4.037316     -0.169    -1.8000   27.77502  -88.72726    129.020    109.520  263.65399  263.66518 1.1856e-01 1.1739e+01    304.495          1     123323    114.508    11.7762    11.7780    107.152   5138.417     1.6093     1.5263     4.9353     4.6093     0.0000     0.0000     1.6093          8  0.000e+00
      98.68     0.0506          8   4.037316      1.189    -1.8000   27.77502  -88.72726    129.021    109.521  263.65403  263.66522 1.1856e-01 1.1739e+01    304.544          1     123324    114.511    11.7762    11.7778    107.153   5138.458     1.6093     1.5263     4.9341     4.6093     0.0000     0.0000     1.6093          8  0.000e+00
      98.68     0.0506          8   4.037336      0.170    -1.8000   27.77502  -88.72726    129.021    109.520  263.65302  263.66420 1.1856e-01 1.1740e+01    304.552          1     123325    114.512    11.7764    11.7780    107.154   5138.500     1.6093     1.5263     4.9341     4.6093     0.0000     0.0000     1.6093          8  0.000e+00
      98.71     0.0506          8   4.037323     -1.357    -1.8000   27.77502  -88.72726    129.020    109.520  263.65323  263.66440 1.1856e-01 1.1740e+01    304.495          1     123326    114.518    11.7764    11.7780    107.162   5138.542     1.6093     1.5263     4.9353     4.6093     0.0000     0.0000     1.6093          8  0.000e+00
      98.68     0.0506          8   4.037371      1.359    -1.8000   27.77502  -88.72726    129.020    109.521  263.65112  263.66227 1.1856e-01 1.1740e+01    304.552          1     123327    114.517    11.7768    11.7777    107.160   5138.583     1.6093     1.5263     4.9341     4.6093     0.0000     0.0000     1.6093          8  0.000e+00
      98.71     0.0495          8   4.037357     -1.357    -1.8000   27.77502  -88.72726    129.019    109.519  263.65133  263.66247 1.1856e-01 1.1740e+01    304.495          1     123328    114.524    11.7768    11.7783    107.168   5138.625     1.6093     1.5263     4.9353     4.6105     0.0000     0.0000     1.6093          8  0.000e+00
      98.68     0.0506          8   4.037398      1.359    -1.8000   27.77502  -88.72726    129.019    109.520  263.64998  263.66112 1.1856e-01 1.1740e+01    304.552          1     123329    114.513    11.7769    11.7783    107.155   5138.667     1.6093     1.5263     4.9341     4.6093     0.0000     0.0000     1.6093          8  0.000e+00
      98.71     0.0506          8   4.037364     -1.357    -1.8000   27.77502  -88.72726    129.019    109.651  263.65136  263.66251 1.1856e-01 1.1740e+01    304.495          1     123330    114.515    11.7767    11.7782    107.159   5138.708     1.6093     1.5275     4.9353     4.6093     0.0000     0.0000     1.6093          8  0.000e+00
