tests/data/CTD/g01l05s04m.ros
* Sea-Bird SBE 9 Data File:
* FileName = D:\CTD DATA\2013\PE13-01 DiMarco\G01L05s04m.hex
* Software Version Seasave V 7.21g
* Temperature SN = 4515
* Conductivity SN = 3079
* Number of Bytes Per Scan = 40
* Number of Voltage Words = 5
* Number of Scans Averaged by the Deck Unit = 1
* NMEA Latitude = 28 14.97 N
* NMEA Longitude = 088 14.98 W
* NMEA UTC (Time) = Jul 07 2012  16:32:56
* NMEA baud rate = 4800
# nquan = 31
# nvalues = 588                                   
# units = specified
# name 0 = altM: Altimeter [m]
# name 1 = bat: Beam Attenuation, Chelsea/Seatech [1/m]
# name 2 = bpos: Bottle Position in Carousel
# name 3 = c0S/m: Conductivity [S/m]
# name 4 = dz/dtM: Descent Rate [m/s]
# name 5 = wetCDOM: Fluorescence, WET Labs CDOM [mg/m^3]
# name 6 = latitude: Latitude [deg]
# name 7 = longitude: Longitude [deg]
# name 8 = sbeox0Mm/Kg: Oxygen, SBE 43 [umol/kg]
# name 9 = sbeox1Mm/Kg: Oxygen, SBE 43, 2 [umol/kg]
# name 10 = oxsolMm/Kg: Oxygen Saturation, Garcia & Gordon [umol/kg]
# name 11 = oxsatMm/Kg: Oxygen Saturation, Weiss [umol/kg]
# name 12 = par: PAR/Irradiance, Biospherical/Licor
# name 13 = pla: Plume Anomaly
# name 14 = prDM: Pressure, Digiquartz [db]
# name 15 = pumps: Pump Status
# name 16 = scan: Scan Count
# name 17 = sva: Specific Volume Anomaly [10^-8 * m^3/kg]
# name 18 = t090C: Temperature [ITS-90, deg C]
# name 19 = t190C: Temperature, 2 [ITS-90, deg C]
# name 20 = tsa: Thermosteric Anomaly [10^-8 * m^3/kg]
# name 21 = timeS: Time, Elapsed [seconds]
# name 22 = v0: Voltage 0
# name 23 = v1: Voltage 1
# name 24 = v2: Voltage 2
# name 25 = v3: Voltage 3
# name 26 = v4: Voltage 4
# name 27 = v5: Voltage 5
# name 28 = sbeox0V: Oxygen raw, SBE 43 [V]
# name 29 = nbf: Bottles Fired
# name 30 = flag:  0.000e+00
# interval = seconds: 0.0416667
# start_time = Jul 07 2012 16:32:56 [NMEA time, header]
# bad_flag = -9.990e-29
*END*
[from data line 515]
      98.56     0.0686         11   5.265484      1.184    -1.8000   28.25742  -88.22704    199.747    174.660  212.90888  212.42693 1.1856e-01 2.2688e+01    101.282          1     163000    283.822    22.7028    22.7051    280.106   6791.625     2.6801     2.5446     4.9280     4.5885     0.0000     0.0000     2.6801         11  0.000e+00
      98.56     0.0676         11   5.265484     -1.183    -1.8000   28.25742  -88.22704    199.856    174.659  212.90747  212.42551 1.1856e-01 2.2688e+01    101.233          1     163001    283.867    22.7034    22.7051    280.153   6791.667     2.6813     2.5446     4.9280     4.5897     0.0000     0.0000     2.6813         11  0.000e+00
      98.56     0.0686         11   5.265515      0.001    -1.8000   28.25742  -88.22704    199.856    174.768  212.90667  212.42471 1.1856e-01 2.2688e+01    101.233          1     163002    283.866    22.7035    22.7042    280.152   6791.708     2.6813     2.5458     4.9280     4.5885     0.0000     0.0000     2.6813         11  0.000e+00
      98.56     0.0686         11   5.265599      1.522    -1.8000   28.25742  -88.22704    199.855    174.777  212.90441  212.42243 1.1856e-01 2.2689e+01    101.297          1     163003    283.871    22.7041    22.7019    280.155   6791.750     2.6813     2.5458     4.9280     4.5885     0.0000     0.0000     2.6813         11  0.000e+00
      98.56     0.0686         11   5.265621     -1.521    -1.8000   28.25742  -88.22700    199.966    174.778  212.90459  212.42262 1.1856e-01 2.2689e+01    101.233          1     163004    283.838    22.7039    22.7007    280.124   6791.792     2.6825     2.5458     4.9280     4.5885     0.0000     0.0000     2.6825         11  0.000e+00
      98.58     0.0676         11   5.265583      0.000    -1.8000   28.25742  -88.22700    199.855    174.776  212.90593  212.42397 1.1856e-01 2.2688e+01    101.233          1     163005    283.827    22.7035    22.7012    280.114   6791.833     2.6813     2.5458     4.9292     4.5897     0.0000     0.0000     2.6813         11  0.000e+00
      98.56     0.0686         11   5.265576      0.001    -1.8000   28.25742  -88.22700    199.855    174.773  212.90555  212.42358 1.1856e-01 2.2689e+01    101.233          1     163006    283.848    22.7037    22.7022    280.134   6791.875     2.6813     2.5458     4.9280     4.5885     0.0000     0.0000     2.6813         11  0.000e+00
      98.58     0.0676         11   5.265606      0.001    -1.8000   28.25742  -88.22700    199.966    174.774  212.90476  212.42279 1.1856e-01 2.2689e+01    101.233          1     163007    283.847    22.7039    22.7019    280.133   6791.917     2.6825     2.5458     4.9292     4.5897     0.0000     0.0000     2.6825         11  0.000e+00
      98.56     0.0686         11   5.265682      1.184    -1.8000   28.25742  -88.22700    199.966    174.776  212.90312  212.42115 1.1856e-01 2.2689e+01    101.283          1     163008    283.836    22.7042    22.7016    280.120   6791.958     2.6825     2.5458     4.9280     4.5885     0.0000     0.0000     2.6825         11  0.000e+00
      98.56     0.0676         11   5.265774     -1.014    -1.8000   28.25742  -88.22700    199.962    174.774  212.90026  212.41828 1.1856e-01 2.2690e+01    101.240          1     163009    283.847    22.7050    22.7014    280.133   6792.000     2.6825     2.5458     4.9280     4.5897     0.0000     0.0000     2.6825         11  0.000e+00
      98.56     0.0686         11   5.265827     -1.521    -1.8000   28.25742  -88.22700    199.958    174.772  212.89790  212.41590 1.1856e-01 2.2691e+01    101.177          1     163010    283.874    22.7057    22.7019    280.162   6792.042     2.6825     2.5458     4.9280     4.5885     0.0000     0.0000     2.6825         11  0.000e+00
      98.56     0.0676         11   5.265903      2.537    -1.8000   28.25742  -88.22700    200.071    174.773  212.89537  212.41335 1.1856e-01 2.2691e+01    101.283          1     163011    283.900    22.7064    22.7025    280.184   6792.083     2.6838     2.5458     4.9280     4.5897     0.0000     0.0000     2.6838         11  0.000e+00
      98.56     0.0686         11   5.265956     -1.183    -1.8000   28.25742  -88.22700    200.068    174.877  212.89430  212.41229 1.1856e-01 2.2691e+01    101.233          1     163012    283.883    22.7066    22.7026    280.169   6792.125     2.6838     2.5470     4.9280     4.5885     0.0000     0.0000     2.6838         11  0.000e+00
      98.56     0.0686         11   5.265933     -1.352    -1.8000   28.25742  -88.22700    200.067    174.877  212.89406  212.41204 1.1856e-01 2.2692e+01    101.177          1     163013    283.908    22.7067    22.7023    280.196   6792.167     2.6838     2.5470     4.9280     4.5885     0.0000     0.0000     2.6838         11  0.000e+00
      98.56     0.0686         11   5.265994      2.537    -1.8000   28.25742  -88.22700    200.069    174.880  212.89345  212.41143 1.1856e-01 2.2692e+01    101.283          1     163014    283.881    22.7067    22.7019    280.165   6792.208     2.6838     2.5470     4.9280     4.5885     0.0000     0.0000     2.6838         11  0.000e+00
      98.56     0.0686         11   5.266017     -2.536    -1.8000   28.25742  -88.22700    200.065    174.877  212.89223  212.41020 1.1856e-01 2.2692e+01    101.177          1     163015    283.894    22.7071    22.7021    280.181   6792.250     2.6838     2.5470     4.9280     4.5885     0.0000     0.0000     2.6838         11  0.000e+00
      98.56     0.0686         11   5.266017      1.522    -1.8000   28.25742  -88.22700    200.066    174.876  212.89180  212.40977 1.1856e-01 2.2692e+01    101.241          1     163016    283.914    22.7073    22.7028    280.199   6792.292     2.6838     2.5470     4.9280     4.5885     0.0000     0.0000     2.6838         11  0.000e+00
      98.56     0.0686         11   5.266017     -1.521    -1.8000   28.25742  -88.22700    200.177    174.875  212.89140  212.40937 1.1856e-01 2.2692e+01    101.177          1     163017    283.923    22.7075    22.7030    280.211   6792.333     2.6850     2.5470     4.9280     4.5885     0.0000     0.0000     2.6850         11  0.000e+00
      98.56     0.0686         11   5.266017      1.353    -1.8000   28.25742  -88.22700    200.178    174.980  212.89142  212.40939 1.1856e-01 2.2692e+01    101.234          1     163018    283.926    22.7075    22.7032    280.212   6792.375     2.6850     2.5482     4.9280     4.5885     0.0000     0.0000     2.6850         11  0.000e+00
      98.56     0.0676         11   5.266017      0.001    -1.8000   28.25742  -88.22700    200.178    174.981  212.89179  212.40976 1.1856e-01 2.2692e+01    101.234          1     163019    283.913    22.7073    22.7028    280.199   6792.417     2.6850     2.5482     4.9280     4.5897     0.0000     0.0000     2.6850         11  0.000e+00
      98.58     0.0686         11   5.266017      0.001    -1.8000   28.25742  -88.22700    200.178    174.981  212.89179  212.40976 1.1856e-01 2.2692e+01    101.234          1     163020    283.913    22.7073    22.7028    280.199   6792.458     2.6850     2.5482     4.9292     4.5885     0.0000     0.0000     2.6850         11  0.000e+00
      98.56     0.0665         11   5.266017     -1.352    -1.8000   28.25742  -88.22700    200.289    175.082  212.89177  212.40974 1.1856e-01 2.2692e+01    101.177          1     163021    283.910    22.7073    22.7037    280.198   6792.500     2.6862     2.5495     4.9280     4.5910     0.0000     0.0000     2.6862         11  0.000e+00
      98.58     0.0654         11   5.265979      1.522    -1.8000   28.25742  -88.22700    200.179    175.082  212.89221  212.41018 1.1856e-01 2.2692e+01    101.241          1     163022    283.935    22.7073    22.7041    280.221   6792.542     2.6850     2.5495     4.9292     4.5922     0.0000     0.0000     2.6850         11  0.000e+00
      98.56     0.0676         11   5.266002     -1.521    -1.8000   28.25742  -88.22700    200.177    175.081  212.89156  212.40953 1.1856e-01 2.2692e+01    101.177          1     163023    283.931    22.7075    22.7042    280.219   6792.583     2.6850     2.5495     4.9280     4.5897     0.0000     0.0000     2.6850         11  0.000e+00
      98.56     0.1007         12   6.106883      2.701    -1.8000   28.25764  -88.22642    198.135    175.562  186.01747  185.58738 1.1856e-01 3.1252e+01      0.777          1     166747    583.188    31.2445    31.4751    583.359   6947.750     3.0037     2.8608     4.9280     4.5519     0.0000     0.0000     3.0037         12  0.000e+00
      98.58     0.1007         12   6.106227     -3.881    -1.8000   28.25764  -88.22642    198.059    175.463  186.04017  185.60978 1.1856e-01 3.1243e+01      0.615          1     166748    582.736    31.2358    31.4770    582.914   6947.792     3.0024     2.8596     4.9292     4.5519     0.0000     0.0000     3.0024         12  0.000e+00
      98.58     0.1007         12   6.105377      1.519    -1.8000   28.25764  -88.22642    197.994    175.467  186.06869  185.63795 1.1856e-01 3.1232e+01      0.678          1     166749    582.210    31.2249    31.4751    582.385   6947.833     3.0012     2.8596     4.9292     4.5519     0.0000     0.0000     3.0012         12  0.000e+00
      98.56     0.1007         12   6.104964     -0.337    -1.8000   28.25764  -88.22642    198.027    175.490  186.09951  185.66835 1.1856e-01 3.1219e+01      0.664          1     166750    581.229    31.2112    31.4667    581.404   6947.875     3.0012     2.8596     4.9280     4.5519     0.0000     0.0000     3.0012         12  0.000e+00
      98.56     0.1007         12   6.104535      0.338    -1.8000   28.25764  -88.22642    198.057    175.552  186.12787  185.69633 1.1856e-01 3.1206e+01      0.678          1     166751    580.368    31.1988    31.4425    580.542   6947.917     3.0012     2.8596     4.9280     4.5519     0.0000     0.0000     3.0012         12  0.000e+00
      98.58     0.1007         12   6.103919      1.013    -1.8000   28.25764  -88.22642    198.077    175.518  186.14542  185.71366 1.1856e-01 3.1200e+01      0.721          1     166752    580.119    31.1925    31.4249    580.292   6947.958     3.0012     2.8584     4.9292     4.5519     0.0000     0.0000     3.0012         12  0.000e+00
      98.56     0.1018         12   6.103911     -1.012    -1.8000   28.25764  -88.22642    198.095    175.639  186.16267  185.73067 1.1856e-01 3.1191e+01      0.678          1     166753    579.388    31.1840    31.3802    579.563   6948.000     3.0012     2.8584     4.9280     4.5507     0.0000     0.0000     3.0012         12  0.000e+00
      98.58     0.1007         12   6.104559     -1.519    -1.8000   28.25764  -88.22642    198.093    175.878  186.16201  185.72997 1.1856e-01 3.1189e+01      0.615          1     166754    578.891    31.1818    31.3182    579.068   6948.042     3.0012     2.8596     4.9292     4.5519     0.0000     0.0000     3.0012         12  0.000e+00
      98.58     0.1007         12   6.105248      1.519    -1.8000   28.25764  -88.22642    198.085    175.844  186.15313  185.72119 1.1856e-01 3.1191e+01      0.678          1     166755    578.719    31.1836    31.3020    578.894   6948.083     3.0012     2.8584     4.9292     4.5519     0.0000     0.0000     3.0012         12  0.000e+00
      98.56     0.0846         12   6.105742     -0.337    -1.8000   28.25764  -88.22642    198.059    175.954  186.12987  185.69822 1.1856e-01 3.1201e+01      0.664          1     166756    579.312    31.1932    31.3084    579.487   6948.125     3.0012     2.8596     4.9280     4.5702     0.0000     0.0000     3.0012         12  0.000e+00
      98.58     0.0697         12   6.106001      0.338    -1.8000   28.25764  -88.22642    198.027    175.993  186.09909  185.66787 1.1856e-01 3.1215e+01      0.678          1     166757    580.415    31.2075    31.3082    580.590   6948.167     3.0012     2.8596     4.9292     4.5873     0.0000     0.0000     3.0012         12  0.000e+00
      98.58     0.0665         12   6.106397     -0.337    -1.8000   28.25764  -88.22642    198.095    176.126  186.07285  185.64198 1.1856e-01 3.1226e+01      0.664          1     166758    581.212    31.2190    31.2600    581.387   6948.208     3.0024     2.8596     4.9292     4.5910     0.0000     0.0000     3.0024         12  0.000e+00
      98.58     0.0676         12   6.107061      0.338    -1.8000   28.25764  -88.22642    198.074    176.336  186.05310  185.62248 1.1856e-01 3.1234e+01      0.678          1     166759    581.520    31.2262    31.1640    581.695   6948.250     3.0024     2.8596     4.9292     4.5897     0.0000     0.0000     3.0024         12  0.000e+00
      98.56     0.0686         12   6.107475     -1.519    -1.8000   28.25764  -88.22642    198.069    176.604  186.04951  185.61892 1.1856e-01 3.1234e+01      0.615          1     166760    581.337    31.2264    31.0800    581.514   6948.292     3.0024     2.8608     4.9280     4.5885     0.0000     0.0000     3.0024         12  0.000e+00
      98.56     0.0686         12   6.107880      1.519    -1.8000   28.25764  -88.22642    198.161    176.715  186.04416  185.61362 1.1856e-01 3.1235e+01      0.678          1     166761    581.244    31.2275    31.0344    581.419   6948.333     3.0037     2.8608     4.9280     4.5885     0.0000     0.0000     3.0037         12  0.000e+00
      98.56     0.0686         12   6.108552     -0.337    -1.8000   28.25764  -88.22642    198.129    176.818  186.01416  185.58402 1.1856e-01 3.1247e+01      0.664          1     166762    581.981    31.2398    30.9888    582.156   6948.375     3.0037     2.8608     4.9280     4.5885     0.0000     0.0000     3.0037         12  0.000e+00
      98.56     0.0697         12   6.109200      0.338    -1.8000   28.25764  -88.22642    198.112    176.999  185.99841  185.56846 1.1856e-01 3.1252e+01      0.678          1     166763    582.132    31.2452    30.9499    582.307   6948.417     3.0037     2.8620     4.9280     4.5873     0.0000     0.0000     3.0037         12  0.000e+00
      98.58     0.0697         12   6.109492     -1.519    -1.8000   28.25764  -88.22642    198.105    177.027  185.99276  185.56287 1.1856e-01 3.1254e+01      0.615          1     166764    582.134    31.2468    30.9353    582.311   6948.458     3.0037     2.8620     4.9292     4.5873     0.0000     0.0000     3.0037         12  0.000e+00
      98.56     0.0686         12   6.109540      1.519    -1.8000   28.25764  -88.22642    198.101    176.972  185.98788  185.55806 1.1856e-01 3.1256e+01      0.679          1     166765    582.307    31.2491    30.9531    582.482   6948.500     3.0037     2.8620     4.9280     4.5885     0.0000     0.0000     3.0037         12  0.000e+00
      98.56     0.0686         12   6.109548     -1.519    -1.8000   28.25764  -88.22642    198.185    176.885  185.97722  185.54755 1.1856e-01 3.1262e+01      0.615          1     166766    582.750    31.2543    30.9875    582.928   6948.542     3.0049     2.8620     4.9280     4.5885     0.0000     0.0000     3.0049         12  0.000e+00
      98.56     0.0686         12   6.109613      1.519    -1.8000   28.25764  -88.22642    198.183    176.837  185.97368  185.54406 1.1856e-01 3.1263e+01      0.679          1     166767    582.854    31.2558    31.0067    583.029   6948.583     3.0049     2.8620     4.9280     4.5885     0.0000     0.0000     3.0049         12  0.000e+00
      98.58     0.0686         12   6.109597     -0.337    -1.8000   28.25764  -88.22642    198.187    176.675  185.97833  185.54864 1.1856e-01 3.1261e+01      0.665          1     166768    582.668    31.2536    31.0349    582.843   6948.625     3.0049     2.8608     4.9292     4.5885     0.0000     0.0000     3.0049         12  0.000e+00
