tests/data/CTD/g01l05s05.ros
* Sea-Bird SBE 9 Data File:
* FileName = D:\CTD DATA\2013\PE13-01 DiMarco\G01L05S05.hex
* Software Version Seasave V 7.21g
* Temperature SN = 4515
* Conductivity SN = 3079
* Number of Bytes Per Scan = 40
* Number of Voltage Words = 5
* Number of Scans Averaged by the Deck Unit = 1
* NMEA Latitude = 27 59.99 N
* NMEA Longitude = 088 14.87 W
* NMEA UTC (Time) = Jul 09 2012  09:56:57
* NMEA baud rate = 4800
# nquan = 31
# nvalues = 588                                   
# units = specified
# name 0 = altM: Altimeter [m]
# name 1 = bat: Beam Attenuation, Chelsea/Seatech [1/m]
# name 2 = bpos: Bottle Position in Carousel
# name 3 = c0S/m: Conductivity [S/m]
# name 4 = dz/dtM: Descent Rate [m/s]
# name 5 = wetCDOM: Fluorescence, WET Labs CDOM [mg/m^3]
# name 6 = latitude: Latitude [deg]
# name 7 = longitude: Longitude [deg]
# name 8 = sbeox0Mm/Kg: Oxygen, SBE 43 [umol/kg]
# name 9 = sbeox1Mm/Kg: Oxygen, SBE 43, 2 [umol/kg]
# name 10 = oxsolMm/Kg: Oxygen Saturation, Garcia & Gordon [umol/kg]
# name 11 = oxsatMm/Kg: Oxygen Saturation, Weiss [umol/kg]
# name 12 = par: PAR/Irradiance, Biospherical/Licor
# name 13 = pla: Plume Anomaly
# name 14 = prDM: Pressure, Digiquartz [db]
# name 15 = pumps: Pump Status
# name 16 = scan: Scan Count
# name 17 = sva: Specific Volume Anomaly [10^-8 * m^3/kg]
# name 18 = t090C: Temperature [ITS-90, deg C]
# name 19 = t190C: Temperature, 2 [ITS-90, deg C]
# name 20 = tsa: Thermosteric Anomaly [10^-8 * m^3/kg]
# name 21 = timeS: Time, Elapsed [seconds]
# name 22 = v0: Voltage 0
# name 23 = v1: Voltage 1
# name 24 = v2: Voltage 2
# name 25 = v3: Voltage 3
# name 26 = v4: Voltage 4
# name 27 = v5: Voltage 5
# name 28 = sbeox0V: Oxygen raw, SBE 43 [V]
# name 29 = nbf: Bottles Fired
# name 30 = flag:  0.000e+00
# interval = seconds: 0.0416667
# start_time = Jul 09 2012 09:56:57 [NMEA time, header]
# bad_flag = -9.990e-29
*END*
      15.31     0.0463          1   3.372162      1.935    -1.8000   28.01278  -88.23918    220.919    186.678  312.81123  313.59654 1.1856e-01 4.0799e+00   2203.863          1      88532     56.476     4.2711     4.2698     35.135   3688.792     1.7399     1.6410     0.7656     4.6142     0.0000     0.0000     1.7399          1  0.000e+00
      15.31     0.0463          1   3.372175     -0.527    -1.8000   28.01278  -88.23918    221.137    186.678  312.81160  313.59693 1.1856e-01 4.0798e+00   2203.841          1      88533     56.452     4.2710     4.2698     35.110   3688.833     1.7411     1.6410     0.7656     4.6142     0.0000     0.0000     1.7411          1  0.000e+00
      15.34     0.0463          1   3.372175      0.528    -1.8000   28.01278  -88.23918    220.919    186.677  312.81162  313.59696 1.1856e-01 4.0798e+00   2203.863          1      88534     56.453     4.2710     4.2701     35.111   3688.875     1.7399     1.6410     0.7668     4.6142     0.0000     0.0000     1.7399          1  0.000e+00
      15.31     0.0463          1   3.372175     -0.527    -1.8000   28.01278  -88.23918    221.137    186.679  312.81160  313.59693 1.1856e-01 4.0798e+00   2203.841          1      88535     56.452     4.2710     4.2695     35.110   3688.917     1.7411     1.6410     0.7656     4.6142     0.0000     0.0000     1.7411          1  0.000e+00
      15.34     0.0453          1   3.372175      0.528    -1.8000   28.01278  -88.23918    220.919    186.678  312.81089  313.59620 1.1856e-01 4.0799e+00   2203.863          1      88536     56.466     4.2711     4.2698     35.124   3688.958     1.7399     1.6410     0.7668     4.6154     0.0000     0.0000     1.7399          1  0.000e+00
      15.31     0.0474          1   3.372207      0.704    -1.8000   28.01278  -88.23918    220.919    186.679  312.81005  313.59538 1.1856e-01 4.0799e+00   2203.893          1      88537     56.440     4.2711     4.2697     35.097   3689.000     1.7399     1.6410     0.7656     4.6129     0.0000     0.0000     1.7399          1  0.000e+00
      15.29     0.0474          1   3.372162     -0.702    -1.8000   28.01278  -88.23918    220.920    186.678  312.81270  313.59805 1.1856e-01 4.0796e+00   2203.863          1      88538     56.450     4.2708     4.2699     35.109   3689.042     1.7399     1.6410     0.7643     4.6129     0.0000     0.0000     1.7399          1  0.000e+00
      15.29     0.0463          1   3.372162      0.704    -1.8000   28.01278  -88.23918    220.921    186.680  312.81200  313.59733 1.1856e-01 4.0798e+00   2203.893          1      88539     56.465     4.2710     4.2697     35.123   3689.083     1.7399     1.6410     0.7643     4.6142     0.0000     0.0000     1.7399          1  0.000e+00
      15.29     0.0453          1   3.372175      0.704    -1.8000   28.01278  -88.23918    220.922    186.680  312.81266  313.59803 1.1856e-01 4.0796e+00   2203.922          1      88540     56.438     4.2708     4.2697     35.096   3689.125     1.7399     1.6410     0.7643     4.6154     0.0000     0.0000     1.7399          1  0.000e+00
      15.29     0.0463          1   3.372150     -0.703    -1.8000   28.01278  -88.23918    220.920    186.679  312.81161  313.59691 1.1856e-01 4.0799e+00   2203.893          1      88541     56.488     4.2711     4.2698     35.147   3689.167     1.7399     1.6410     0.7643     4.6142     0.0000     0.0000     1.7399          1  0.000e+00
      15.29     0.0463          1   3.372182      0.705    -1.8000   28.01278  -88.23918    220.921    186.680  312.81151  313.59685 1.1856e-01 4.0798e+00   2203.922          1      88542     56.450     4.2710     4.2697     35.107   3689.208     1.7399     1.6410     0.7643     4.6142     0.0000     0.0000     1.7399          1  0.000e+00
      15.29     0.0463          1   3.372182      0.704    -1.8000   28.01278  -88.23918    220.922    186.680  312.81154  313.59688 1.1856e-01 4.0798e+00   2203.951          1      88543     56.451     4.2710     4.2698     35.108   3689.250     1.7399     1.6410     0.7643     4.6142     0.0000     0.0000     1.7399          1  0.000e+00
      15.26     0.0463          1   3.372194      0.528    -1.8000   28.01278  -88.23918    220.923    186.681  312.81195  313.59732 1.1856e-01 4.0796e+00   2203.973          1      88544     56.428     4.2708     4.2697     35.085   3689.292     1.7399     1.6410     0.7631     4.6142     0.0000     0.0000     1.7399          1  0.000e+00
      15.26     0.0463          1   3.372131      0.880    -1.8000   28.01278  -88.23918    220.925    186.682  312.81396  313.59932 1.1856e-01 4.0796e+00   2204.010          1      88545     56.479     4.2708     4.2698     35.138   3689.333     1.7399     1.6410     0.7631     4.6142     0.0000     0.0000     1.7399          1  0.000e+00
      15.26     0.0463          1   3.372156     -0.878    -1.8000   28.01278  -88.23918    220.922    186.681  312.81152  313.59683 1.1856e-01 4.0799e+00   2203.974          1      88546     56.486     4.2711     4.2697     35.144   3689.375     1.7399     1.6410     0.7631     4.6142     0.0000     0.0000     1.7399          1  0.000e+00
      15.24     0.0463          1   3.372175      0.880    -1.8000   28.01278  -88.23918    220.924    186.681  312.81178  313.59711 1.1856e-01 4.0798e+00   2204.010          1      88547     56.459     4.2710     4.2698     35.116   3689.417     1.7399     1.6410     0.7619     4.6142     0.0000     0.0000     1.7399          1  0.000e+00
      15.21     0.0463          1   3.372194      0.528    -1.8000   28.01278  -88.23918    221.143    186.682  312.81128  313.59662 1.1856e-01 4.0798e+00   2204.032          1      88548     56.444     4.2710     4.2698     35.100   3689.458     1.7411     1.6410     0.7607     4.6142     0.0000     0.0000     1.7411          1  0.000e+00
      15.21     0.0431          1   3.372156     -0.527    -1.8000   28.01278  -88.23918    220.924    186.682  312.81230  313.59762 1.1856e-01 4.0798e+00   2204.010          1      88549     56.475     4.2710     4.2698     35.133   3689.500     1.7399     1.6410     0.7607     4.6178     0.0000     0.0000     1.7399          1  0.000e+00
      15.21     0.0410          1   3.372182      0.528    -1.8000   28.01278  -88.23918    220.925    186.684  312.81236  313.59772 1.1856e-01 4.0796e+00   2204.032          1      88550     56.441     4.2708     4.2696     35.098   3689.542     1.7399     1.6410     0.7607     4.6203     0.0000     0.0000     1.7399          1  0.000e+00
      15.19     0.0400          1   3.372156      0.704    -1.8000   28.01278  -88.23918    220.926    186.684  312.81235  313.59768 1.1856e-01 4.0798e+00   2204.062          1      88551     56.477     4.2710     4.2695     35.134   3689.583     1.7399     1.6410     0.7595     4.6215     0.0000     0.0000     1.7399          1  0.000e+00
      15.19     0.0389          1   3.372163      0.704    -1.8000   28.01278  -88.23918    221.146    186.684  312.81294  313.59829 1.1856e-01 4.0796e+00   2204.091          1      88552     56.460     4.2708     4.2698     35.117   3689.625     1.7411     1.6410     0.7595     4.6227     0.0000     0.0000     1.7411          1  0.000e+00
      15.16     0.0400          1   3.372194     -0.703    -1.8000   28.01278  -88.23918    220.925    186.683  312.81131  313.59665 1.1856e-01 4.0798e+00   2204.062          1      88553     56.445     4.2710     4.2697     35.101   3689.667     1.7399     1.6410     0.7582     4.6215     0.0000     0.0000     1.7399          1  0.000e+00
      15.16     0.0400          1   3.372201      0.704    -1.8000   28.01278  -88.23918    220.926    186.684  312.81117  313.59651 1.1856e-01 4.0798e+00   2204.091          1      88554     56.441     4.2710     4.2699     35.097   3689.708     1.7399     1.6410     0.7582     4.6215     0.0000     0.0000     1.7399          1  0.000e+00
      15.16     0.0400          1   3.372182      0.704    -1.8000   28.01278  -88.23918    220.928    186.483  312.81245  313.59781 1.1856e-01 4.0796e+00   2204.120          1      88555     56.445     4.2708     4.2697     35.101   3689.750     1.7399     1.6398     0.7582     4.6215     0.0000     0.0000     1.7399          1  0.000e+00
      15.16     0.0400          1   3.372194      0.528    -1.8000   28.01280  -88.23918    220.927    186.686  312.81140  313.59674 1.1856e-01 4.0798e+00   2204.142          1      88556     56.448     4.2710     4.2697     35.104   3689.792     1.7399     1.6410     0.7582     4.6215     0.0000     0.0000     1.7399          1  0.000e+00
      15.12     0.0400          1   3.372201     -0.527    -1.8000   28.01280  -88.23918    220.927    186.685  312.81120  313.59654 1.1856e-01 4.0798e+00   2204.120          1      88557     56.442     4.2710     4.2697     35.098   3689.833     1.7399     1.6410     0.7558     4.6215     0.0000     0.0000     1.7399          1  0.000e+00
      15.12     0.0400          1   3.372201      1.935    -1.8000   28.01280  -88.23918    220.929    186.484  312.81129  313.59663 1.1856e-01 4.0798e+00   2204.201          1      88558     56.446     4.2710     4.2699     35.100   3689.875     1.7399     1.6398     0.7558     4.6215     0.0000     0.0000     1.7399          1  0.000e+00
      15.12     0.0400          1   3.372156     -1.934    -1.8000   28.01280  -88.23918    221.146    186.684  312.81241  313.59774 1.1856e-01 4.0798e+00   2204.121          1      88559     56.480     4.2710     4.2697     35.136   3689.917     1.7411     1.6410     0.7558     4.6215     0.0000     0.0000     1.7411          1  0.000e+00
      15.12     0.0400          1   3.372182      1.935    -1.8000   28.01280  -88.23918    220.929    186.687  312.81181  313.59714 1.1856e-01 4.0798e+00   2204.201          1      88560     56.462     4.2710     4.2697     35.117   3689.958     1.7399     1.6410     0.7558     4.6215     0.0000     0.0000     1.7399          1  0.000e+00
      15.09     0.0400          1   3.372182     -0.703    -1.8000   28.01280  -88.23918    221.147    186.686  312.81178  313.59711 1.1856e-01 4.0798e+00   2204.172          1      88561     56.460     4.2710     4.2697     35.116   3690.000     1.7411     1.6410     0.7546     4.6215     0.0000     0.0000     1.7411          1  0.000e+00
      15.07     0.0400          1   3.372194      1.935    -1.8000   28.01280  -88.23918    221.149    186.688  312.81152  313.59685 1.1856e-01 4.0797e+00   2204.253          1      88562     56.453     4.2710     4.2697     35.108   3690.042     1.7411     1.6410     0.7534     4.6215     0.0000     0.0000     1.7411          1  0.000e+00
      15.07     0.0410          1   3.372201     -1.934    -1.8000   28.01280  -88.23918    220.928    186.686  312.81126  313.59660 1.1856e-01 4.0798e+00   2204.172          1      88563     56.444     4.2710     4.2698     35.099   3690.083     1.7399     1.6410     0.7534     4.6203     0.0000     0.0000     1.7399          1  0.000e+00
      15.07     0.0410          1   3.372201      1.935    -1.8000   28.01280  -88.23918    220.931    186.688  312.81207  313.59744 1.1856e-01 4.0796e+00   2204.253          1      88564     56.435     4.2708     4.2698     35.089   3690.125     1.7399     1.6410     0.7534     4.6203     0.0000     0.0000     1.7399          1  0.000e+00
      15.07     0.0389          1   3.372188     -0.527    -1.8000   28.01280  -88.23918    220.929    186.688  312.80996  313.59524 1.1856e-01 4.0801e+00   2204.231          1      88565     56.488     4.2713     4.2697     35.142   3690.167     1.7399     1.6410     0.7534     4.6227     0.0000     0.0000     1.7399          1  0.000e+00
      15.04     0.0400          1   3.372194      0.001    -1.8000   28.01280  -88.23918    220.930    186.686  312.81149  313.59683 1.1856e-01 4.0797e+00   2204.231          1      88566     56.452     4.2710     4.2701     35.107   3690.208     1.7399     1.6410     0.7521     4.6215     0.0000     0.0000     1.7399          1  0.000e+00
      15.02     0.0400          1   3.372182      1.935    -1.8000   28.01280  -88.23918    220.933    186.690  312.81266  313.59801 1.1856e-01 4.0796e+00   2204.311          1      88567     56.453     4.2708     4.2697     35.108   3690.250     1.7399     1.6410     0.7509     4.6215     0.0000     0.0000     1.7399          1  0.000e+00
      15.02     0.0400          1   3.372213     -1.934    -1.8000   28.01280  -88.23918    220.929    186.688  312.81024  313.59556 1.1856e-01 4.0799e+00   2204.231          1      88568     56.449     4.2711     4.2697     35.103   3690.292     1.7399     1.6410     0.7509     4.6215     0.0000     0.0000     1.7399          1  0.000e+00
      15.02     0.0410          1   3.372207      1.936    -1.8000   28.01280  -88.23918    220.931    186.690  312.81050  313.59582 1.1856e-01 4.0799e+00   2204.311          1      88569     56.458     4.2711     4.2697     35.111   3690.333     1.7399     1.6410     0.7509     4.6203     0.0000     0.0000     1.7399          1  0.000e+00
      14.99     0.0400          1   3.372182     -0.702    -1.8000   28.01280  -88.23918    220.931    186.689  312.81116  313.59647 1.1856e-01 4.0799e+00   2204.282          1      88570     56.478     4.2711     4.2697     35.133   3690.375     1.7399     1.6410     0.7497     4.6215     0.0000     0.0000     1.7399          1  0.000e+00
      14.99     0.0400          1   3.372175     -0.702    -1.8000   28.01280  -88.23918    220.931    186.687  312.81203  313.59737 1.1856e-01 4.0797e+00   2204.253          1      88571     56.469     4.2710     4.2699     35.124   3690.417     1.7399     1.6410     0.7497     4.6215     0.0000     0.0000     1.7399          1  0.000e+00
      14.97     0.0410          1   3.372194      2.111    -1.8000   28.01280  -88.23918    220.933    186.690  312.81161  313.59695 1.1856e-01 4.0797e+00   2204.341          1      88572     56.457     4.2710     4.2697     35.111   3690.458     1.7399     1.6410     0.7485     4.6203     0.0000     0.0000     1.7399          1  0.000e+00
      14.97     0.0410          1   3.372182     -0.702    -1.8000   28.01280  -88.23918    220.932    186.690  312.81119  313.59650 1.1856e-01 4.0799e+00   2204.312          1      88573     56.479     4.2711     4.2697     35.134   3690.500     1.7399     1.6410     0.7485     4.6203     0.0000     0.0000     1.7399          1  0.000e+00
      14.97     0.0410          1   3.372194     -0.703    -1.8000   28.01280  -88.23918    220.931    186.688  312.81155  313.59689 1.1856e-01 4.0797e+00   2204.282          1      88574     56.454     4.2710     4.2698     35.109   3690.542     1.7399     1.6410     0.7485     4.6203     0.0000     0.0000     1.7399          1  0.000e+00
      14.97     0.0410          1   3.372182      1.935    -1.8000   28.01280  -88.23918    220.934    186.488  312.81198  313.59731 1.1856e-01 4.0797e+00   2204.363          1      88575     56.468     4.2710     4.2697     35.123   3690.583     1.7399     1.6398     0.7485     4.6203     0.0000     0.0000     1.7399          1  0.000e+00
      14.95     0.0400          1   3.372194     -0.527    -1.8000   28.01280  -88.23918    221.152    186.690  312.81161  313.59695 1.1856e-01 4.0797e+00   2204.341          1      88576     56.457     4.2710     4.2698     35.111   3690.625     1.7411     1.6410     0.7473     4.6215     0.0000     0.0000     1.7411          1  0.000e+00
      14.92     0.0400          1   3.372156     -0.703    -1.8000   28.01280  -88.23918    220.933    186.689  312.81262  313.59794 1.1856e-01 4.0797e+00   2204.312          1      88577     56.488     4.2710     4.2698     35.143   3690.667     1.7399     1.6410     0.7460     4.6215     0.0000     0.0000     1.7399          1  0.000e+00
