tests/data/CTD/g01l06s03.ros
* Sea-Bird SBE 9 Data File:
* FileName = D:\CTD DATA\2013\PE13-01 DiMarco\G01L06s03.hex
* Software Version Seasave V 7.21g
* Temperature SN = 4515
* Conductivity SN = 3079
* Number of Bytes Per Scan = 40
* Number of Voltage Words = 5
* Number of Scans Averaged by the Deck Unit = 1
* NMEA Latitude = 28 14.96 N
* NMEA Longitude = 087 59.94 W
* NMEA UTC (Time) = Jul 07 2012  12:07:36
* NMEA baud rate = 4800
# nquan = 31
# nvalues = 588                                   
# units = specified
# name 0 = altM: Altimeter [m]
# name 1 = bat: Beam Attenuation, Chelsea/Seatech [1/m]
# name 2 = bpos: Bottle Position in Carousel
# name 3 = c0S/m: Conductivity [S/m]
# name 4 = dz/dtM: Descent Rate [m/s]
# name 5 = wetCDOM: Fluorescence, WET Labs CDOM [mg/m^3]
# name 6 = latitude: Latitude [deg]
# name 7 = longitude: Longitude [deg]
# name 8 = sbeox0Mm/Kg: Oxygen, SBE 43 [umol/kg]
# name 9 = sbeox1Mm/Kg: Oxygen, SBE 43, 2 [umol/kg]
# name 10 = oxsolMm/Kg: Oxygen Saturation, Garcia & Gordon [umol/kg]
# name 11 = oxsatMm/Kg: Oxygen Saturation, Weiss [umol/kg]
# name 12 = par: PAR/Irradiance, Biospherical/Licor
# name 13 = pla: Plume Anomaly
# name 14 = prDM: Pressure, Digiquartz [db]
# name 15 = pumps: Pump Status
# name 16 = scan: Scan Count
# name 17 = sva: Specific Volume Anomaly [10^-8 * m^3/kg]
# name 18 = t090C: Temperature [ITS-90, deg C]
# name 19 = t190C: Temperature, 2 [ITS-90, deg C]
# name 20 = tsa: Thermosteric Anomaly [10^-8 * m^3/kg]
# name 21 = timeS: Time, Elapsed [seconds]
# name 22 = v0: Voltage 0
# name 23 = v1: Voltage 1
# name 24 = v2: Voltage 2
# name 25 = v3: Voltage 3
# name 26 = v4: Voltage 4
# name 27 = v5: Voltage 5
# name 28 = sbeox0V: Oxygen raw, SBE 43 [V]
# name 29 = nbf: Bottles Fired
# name 30 = flag:  0.000e+00
# interval = seconds: 0.0416667
# start_time = Jul 07 2012 12:07:36 [NMEA time, header]
# bad_flag = -9.990e-29
*END*
[from data line 47]
      98.68     0.0389          1   3.376297      0.001    -1.8000   28.24082  -87.98582    219.381    185.300  312.70154  313.48476 1.1856e-01 4.0870e+00   2275.990          1     110137     57.387     4.2859     4.2843     35.321   4589.000     1.7204     1.6227     4.9341     4.6227     0.0000     0.0000     1.7204          1  0.000e+00
      98.68     0.0379          1   3.376297      0.001    -1.8000   28.24082  -87.98582    219.601    185.300  312.70154  313.48476 1.1856e-01 4.0870e+00   2275.990          1     110138     57.387     4.2859     4.2842     35.321   4589.042     1.7216     1.6227     4.9341     4.6239     0.0000     0.0000     1.7216          1  0.000e+00
      98.66     0.0368          2   3.365611      2.455    -1.8000   28.23932  -87.98352    218.562    185.102  312.75300  313.53709 1.1856e-01 4.1064e+00   2024.304          1     125963     55.066     4.2795     4.2784     35.339   5248.417     1.7558     1.6581     4.9328     4.6252     0.0000     0.0000     1.7558          2  0.000e+00
      98.68     0.0357          2   3.365592     -5.083    -1.8000   28.23932  -87.98352    218.556    184.901  312.75280  313.53687 1.1856e-01 4.1065e+00   2024.092          1     125964     55.082     4.2796     4.2780     35.356   5248.458     1.7558     1.6569     4.9341     4.6264     0.0000     0.0000     1.7558          2  0.000e+00
      98.66     0.0368          2   3.365630      3.857    -1.8000   28.23932  -87.98352    218.560    184.905  312.75169  313.53576 1.1856e-01 4.1065e+00   2024.252          1     125965     55.061     4.2796     4.2781     35.333   5248.500     1.7558     1.6569     4.9328     4.6252     0.0000     0.0000     1.7558          2  0.000e+00
      98.66     0.0368          2   3.365573     -2.454    -1.8000   28.23932  -87.98352    218.558    184.901  312.75314  313.53719 1.1856e-01 4.1065e+00   2024.150          1     125966     55.104     4.2796     4.2783     35.379   5248.542     1.7558     1.6569     4.9328     4.6252     0.0000     0.0000     1.7558          2  0.000e+00
      98.68     0.0357          2   3.365624      3.682    -1.8000   28.23932  -87.98352    218.562    184.906  312.75289  313.53700 1.1856e-01 4.1063e+00   2024.304          1     125967     55.051     4.2794     4.2781     35.323   5248.583     1.7558     1.6569     4.9341     4.6264     0.0000     0.0000     1.7558          2  0.000e+00
      98.68     0.0357          2   3.365598     -1.051    -1.8000   28.23932  -87.98352    218.560    184.905  312.75257  313.53662 1.1856e-01 4.1065e+00   2024.260          1     125968     55.088     4.2796     4.2781     35.361   5248.625     1.7558     1.6569     4.9341     4.6264     0.0000     0.0000     1.7558          2  0.000e+00
      98.66     0.0368          2   3.365605     -1.577    -1.8000   28.23932  -87.98352    218.345    184.903  312.75305  313.53714 1.1856e-01 4.1064e+00   2024.194          1     125969     55.067     4.2795     4.2783     35.340   5248.667     1.7546     1.6569     4.9328     4.6252     0.0000     0.0000     1.7546          2  0.000e+00
      98.66     0.0357          2   3.365630      0.176    -1.8000   28.23932  -87.98352    218.558    184.903  312.75188  313.53596 1.1856e-01 4.1065e+00   2024.202          1     125970     55.054     4.2796     4.2781     35.327   5248.708     1.7558     1.6569     4.9328     4.6264     0.0000     0.0000     1.7558          2  0.000e+00
      98.66     0.0357          2   3.365573     -1.226    -1.8000   28.23932  -87.98352    218.558    184.901  312.75314  313.53719 1.1856e-01 4.1065e+00   2024.150          1     125971     55.104     4.2796     4.2783     35.379   5248.750     1.7558     1.6569     4.9328     4.6264     0.0000     0.0000     1.7558          2  0.000e+00
      98.68     0.0357          2   3.365624      2.455    -1.8000   28.23932  -87.98350    218.560    184.905  312.75211  313.53619 1.1856e-01 4.1065e+00   2024.253          1     125972     55.062     4.2796     4.2780     35.334   5248.792     1.7558     1.6569     4.9341     4.6264     0.0000     0.0000     1.7558          2  0.000e+00
      98.68     0.0357          2   3.365624     -1.226    -1.8000   28.23932  -87.98350    218.559    185.101  312.75254  313.53663 1.1856e-01 4.1064e+00   2024.202          1     125973     55.051     4.2795     4.2781     35.324   5248.833     1.7558     1.6581     4.9341     4.6264     0.0000     0.0000     1.7558          2  0.000e+00
      98.68     0.0368          2   3.365617      1.228    -1.8000   28.23932  -87.98350    218.559    185.102  312.75107  313.53510 1.1856e-01 4.1067e+00   2024.253          1     125974     55.089     4.2798     4.2781     35.361   5248.875     1.7558     1.6581     4.9341     4.6252     0.0000     0.0000     1.7558          2  0.000e+00
      98.66     0.0368          2   3.365617     -2.454    -1.8000   28.23932  -87.98350    218.557    185.099  312.75217  313.53625 1.1856e-01 4.1065e+00   2024.151          1     125975     55.063     4.2796     4.2781     35.336   5248.917     1.7558     1.6581     4.9328     4.6252     0.0000     0.0000     1.7558          2  0.000e+00
      98.66     0.0368          2   3.365636      2.455    -1.8000   28.23932  -87.98350    218.560    185.102  312.75225  313.53635 1.1856e-01 4.1064e+00   2024.253          1     125976     55.042     4.2795     4.2781     35.315   5248.958     1.7558     1.6581     4.9328     4.6252     0.0000     0.0000     1.7558          2  0.000e+00
      98.68     0.0357          2   3.365611     -2.453    -1.8000   28.23932  -87.98350    218.558    184.902  312.75283  313.53692 1.1856e-01 4.1064e+00   2024.151          1     125977     55.059     4.2795     4.2781     35.333   5249.000     1.7558     1.6569     4.9341     4.6264     0.0000     0.0000     1.7558          2  0.000e+00
      98.68     0.0357          2   3.365611      1.053    -1.8000   28.23932  -87.98350    218.558    184.904  312.75239  313.53647 1.1856e-01 4.1065e+00   2024.194          1     125978     55.070     4.2796     4.2780     35.343   5249.042     1.7558     1.6569     4.9341     4.6264     0.0000     0.0000     1.7558          2  0.000e+00
      98.68     0.0357          2   3.365617     -1.051    -1.8000   28.23932  -87.98350    218.557    184.902  312.75193  313.53600 1.1856e-01 4.1065e+00   2024.151          1     125979     55.067     4.2796     4.2781     35.341   5249.083     1.7558     1.6569     4.9341     4.6264     0.0000     0.0000     1.7558          2  0.000e+00
      98.68     0.0357          2   3.365617      1.053    -1.8000   28.23932  -87.98350    218.559    184.904  312.75295  313.53705 1.1856e-01 4.1063e+00   2024.195          1     125980     55.052     4.2794     4.2780     35.325   5249.125     1.7558     1.6569     4.9341     4.6264     0.0000     0.0000     1.7558          2  0.000e+00
      98.68     0.0357          2   3.365566      0.176    -1.8000   28.23932  -87.98350    218.560    184.903  312.75410  313.53817 1.1856e-01 4.1064e+00   2024.202          1     125981     55.099     4.2795     4.2781     35.374   5249.167     1.7558     1.6569     4.9341     4.6264     0.0000     0.0000     1.7558          2  0.000e+00
      98.68     0.0357          2   3.365573     -1.402    -1.8000   28.23932  -87.98350    218.557    185.099  312.75313  313.53718 1.1856e-01 4.1065e+00   2024.143          1     125982     55.104     4.2796     4.2781     35.379   5249.208     1.7558     1.6581     4.9341     4.6264     0.0000     0.0000     1.7558          2  0.000e+00
      98.68     0.0357          2   3.365605      1.403    -1.8000   28.23932  -87.98350    218.559    184.902  312.75330  313.53740 1.1856e-01 4.1063e+00   2024.202          1     125983     55.063     4.2794     4.2783     35.336   5249.250     1.7558     1.6569     4.9341     4.6264     0.0000     0.0000     1.7558          2  0.000e+00
      98.68     0.0357          2   3.365592     -1.402    -1.8000   28.23932  -87.98350    218.558    184.901  312.75334  313.53743 1.1856e-01 4.1064e+00   2024.144          1     125984     55.075     4.2795     4.2783     35.350   5249.292     1.7558     1.6569     4.9341     4.6264     0.0000     0.0000     1.7558          2  0.000e+00
      98.68     0.0347          2   3.365598      1.403    -1.8000   28.23932  -87.98350    218.560    184.903  312.75396  313.53807 1.1856e-01 4.1062e+00   2024.202          1     125985     55.059     4.2793     4.2781     35.333   5249.333     1.7558     1.6569     4.9341     4.6276     0.0000     0.0000     1.7558          2  0.000e+00
      98.68     0.0357          2   3.365586     -1.402    -1.8000   28.23932  -87.98350    218.557    184.901  312.75303  313.53709 1.1856e-01 4.1065e+00   2024.144          1     125986     55.089     4.2796     4.2783     35.364   5249.375     1.7558     1.6569     4.9341     4.6264     0.0000     0.0000     1.7558          2  0.000e+00
      98.66     0.0368          2   3.365605      1.403    -1.8000   28.23932  -87.98350    218.559    184.903  312.75306  313.53715 1.1856e-01 4.1064e+00   2024.202          1     125987     55.067     4.2795     4.2781     35.341   5249.417     1.7558     1.6569     4.9328     4.6252     0.0000     0.0000     1.7558          2  0.000e+00
      98.68     0.0357          2   3.365592     -1.402    -1.8000   28.23932  -87.98350    218.557    184.902  312.75286  313.53692 1.1856e-01 4.1065e+00   2024.144          1     125988     55.084     4.2796     4.2781     35.358   5249.458     1.7558     1.6569     4.9341     4.6264     0.0000     0.0000     1.7558          2  0.000e+00
      98.68     0.0368          2   3.365630      0.176    -1.8000   28.23932  -87.98350    218.557    184.705  312.75231  313.53641 1.1856e-01 4.1064e+00   2024.151          1     125989     55.043     4.2795     4.2781     35.317   5249.500     1.7558     1.6557     4.9341     4.6252     0.0000     0.0000     1.7558          2  0.000e+00
      98.66     0.0368          2   3.365598     -0.175    -1.8000   28.23932  -87.98350    218.345    184.901  312.75390  313.53801 1.1856e-01 4.1063e+00   2024.144          1     125990     55.057     4.2793     4.2783     35.331   5249.542     1.7546     1.6569     4.9328     4.6252     0.0000     0.0000     1.7546          2  0.000e+00
      98.66     0.0368          2   3.365586      0.176    -1.8000   28.23932  -87.98350    218.344    184.902  312.75304  313.53710 1.1856e-01 4.1065e+00   2024.151          1     125991     55.089     4.2796     4.2781     35.364   5249.583     1.7546     1.6569     4.9328     4.6252     0.0000     0.0000     1.7546          2  0.000e+00
      98.68     0.0368          2   3.365605      1.053    -1.8000   28.23932  -87.98350    218.346    184.904  312.75378  313.53790 1.1856e-01 4.1062e+00   2024.195          1     125992     55.054     4.2793     4.2780     35.328   5249.625     1.7546     1.6569     4.9341     4.6252     0.0000     0.0000     1.7546          2  0.000e+00
      98.68     0.0368          2   3.365605     -1.051    -1.8000   28.23932  -87.98350    218.344    184.902  312.75301  313.53709 1.1856e-01 4.1064e+00   2024.151          1     125993     55.065     4.2795     4.2781     35.339   5249.667     1.7546     1.6569     4.9341     4.6252     0.0000     0.0000     1.7546          2  0.000e+00
      98.66     0.0368          2   3.365586     -0.174    -1.8000   28.23932  -87.98350    218.345    184.902  312.75376  313.53785 1.1856e-01 4.1063e+00   2024.144          1     125994     55.076     4.2794     4.2781     35.351   5249.708     1.7546     1.6569     4.9328     4.6252     0.0000     0.0000     1.7546          2  0.000e+00
      98.66     0.0368          2   3.365586      0.176    -1.8000   28.23932  -87.98350    218.345    184.902  312.75353  313.53761 1.1856e-01 4.1064e+00   2024.151          1     125995     55.081     4.2795     4.2781     35.356   5249.750     1.7546     1.6569     4.9328     4.6252     0.0000     0.0000     1.7546          2  0.000e+00
      98.66     0.0368          2   3.365605     -0.175    -1.8000   28.23932  -87.98350    218.557    184.902  312.75251  313.53658 1.1856e-01 4.1065e+00   2024.144          1     125996     55.073     4.2796     4.2781     35.347   5249.792     1.7558     1.6569     4.9328     4.6252     0.0000     0.0000     1.7558          2  0.000e+00
      98.68     0.0368          2   3.365547      0.176    -1.8000   28.23932  -87.98350    218.559    184.902  312.75456  313.53863 1.1856e-01 4.1064e+00   2024.151          1     125997     55.113     4.2795     4.2781     35.389   5249.833     1.7558     1.6569     4.9341     4.6252     0.0000     0.0000     1.7558          2  0.000e+00
      98.68     0.0368          2   3.365617      1.228    -1.8000   28.23932  -87.98350    218.559    184.904  312.75271  313.53681 1.1856e-01 4.1064e+00   2024.202          1     125998     55.056     4.2795     4.2780     35.330   5249.875     1.7558     1.6569     4.9341     4.6252     0.0000     0.0000     1.7558          2  0.000e+00
      98.68     0.0368          2   3.365598     -2.804    -1.8000   28.23932  -87.98350    218.556    184.901  312.75335  313.53745 1.1856e-01 4.1064e+00   2024.086          1     125999     55.063     4.2794     4.2780     35.338   5249.917     1.7558     1.6569     4.9341     4.6252     0.0000     0.0000     1.7558          2  0.000e+00
      98.66     0.0368          2   3.365624      1.578    -1.8000   28.23932  -87.98350    218.558    184.903  312.75322  313.53734 1.1856e-01 4.1063e+00   2024.151          1     126000     55.036     4.2793     4.2780     35.309   5249.958     1.7558     1.6569     4.9328     4.6252     0.0000     0.0000     1.7558          2  0.000e+00
      98.68     0.0368          2   3.365598     -0.174    -1.8000   28.23932  -87.98350    218.557    184.902  312.75244  313.53650 1.1856e-01 4.1065e+00   2024.144          1     126001     55.083     4.2796     4.2781     35.357   5250.000     1.7558     1.6569     4.9341     4.6252     0.0000     0.0000     1.7558          2  0.000e+00
      98.68     0.0357          2   3.365605      0.176    -1.8000   28.23932  -87.98350    218.558    184.902  312.75325  313.53735 1.1856e-01 4.1063e+00   2024.151          1     126002     55.060     4.2794     4.2781     35.335   5250.042     1.7558     1.6569     4.9341     4.6264     0.0000     0.0000     1.7558          2  0.000e+00
      98.68     0.0368          2   3.365592     -0.175    -1.8000   28.23932  -87.98350    218.558    184.902  312.75334  313.53743 1.1856e-01 4.1064e+00   2024.144          1     126003     55.075     4.2795     4.2780     35.350   5250.083     1.7558     1.6569     4.9341     4.6252     0.0000     0.0000     1.7558          2  0.000e+00
      98.66     0.0368          2   3.365605      0.176    -1.8000   28.23932  -87.98350    218.557    185.100  312.75228  313.53634 1.1856e-01 4.1065e+00   2024.151          1     126004     55.078     4.2796     4.2780     35.352   5250.125     1.7558     1.6581     4.9328     4.6252     0.0000     0.0000     1.7558          2  0.000e+00
      98.68     0.0368          2   3.365592     -0.175    -1.8000   28.23932  -87.98350    218.559    184.902  312.75456  313.53869 1.1856e-01 4.1062e+00   2024.144          1     126005     55.053     4.2792     4.2780     35.328   5250.167     1.7558     1.6569     4.9341     4.6252     0.0000     0.0000     1.7558          2  0.000e+00
      98.68     0.0357          2   3.365605      0.176    -1.8000   28.23932  -87.98350    218.558    184.902  312.75301  313.53709 1.1856e-01 4.1064e+00   2024.152          1     126006     55.065     4.2795     4.2780     35.339   5250.208     1.7558     1.6569     4.9341     4.6264     0.0000     0.0000     1.7558          2  0.000e+00
