tests/data/CTD/g01l05s04m.ros
* Sea-Bird SBE 9 Data File:
* FileName = D:\CTD DATA\2013\PE13-01 DiMarco\G01L05s04m.hex
* Software Version Seasave V 7.21g
* Temperature SN = 4515
* Conductivity SN = 3079
* Number of Bytes Per Scan = 40
* Number of Voltage Words = 5
* Number of Scans Averaged by the Deck Unit = 1
* NMEA Latitude = 28 14.97 N
* NMEA Longitude = 088 14.98 W
* NMEA UTC (Time) = Jul 07 2012  16:32:56
* NMEA baud rate = 4800
# nquan = 31
# nvalues = 588                                   
# units = specified
# name 0 = altM: Altimeter [m]
# name 1 = bat: Beam Attenuation, Chelsea/Seatech [1/m]
# name 2 = bpos: Bottle Position in Carousel
# name 3 = c0S/m: Conductivity [S/m]
# name 4 = dz/dtM: Descent Rate [m/s]
# name 5 = wetCDOM: Fluorescence, WET Labs CDOM [mg/m^3]
# name 6 = latitude: Latitude [deg]
# name 7 = longitude: Longitude [deg]
# name 8 = sbeox0Mm/Kg: Oxygen, SBE 43 [umol/kg]
# name 9 = sbeox1Mm/Kg: Oxygen, SBE 43, 2 [umol/kg]
# name 10 = oxsolMm/Kg: Oxygen Saturation, Garcia & Gordon [umol/kg]
# name 11 = oxsatMm/Kg: Oxygen Saturation, Weiss [umol/kg]
# name 12 = par: PAR/Irradiance, Biospherical/Licor
# name 13 = pla: Plume Anomaly
# name 14 = prDM: Pressure, Digiquartz [db]
# name 15 = pumps: Pump Status
# name 16 = scan: Scan Count
# name 17 = sva: Specific Volume Anomaly [10^-8 * m^3/kg]
# name 18 = t090C: Temperature [ITS-90, deg C]
# name 19 = t190C: Temperature, 2 [ITS-90, deg C]
# name 20 = tsa: Thermosteric Anomaly [10^-8 * m^3/kg]
# name 21 = timeS: Time, Elapsed [seconds]
# name 22 = v0: Voltage 0
# name 23 = v1: Voltage 1
# name 24 = v2: Voltage 2
# name 25 = v3: Voltage 3
# name 26 = v4: Voltage 4
# name 27 = v5: Voltage 5
# name 28 = sbeox0V: Oxygen raw, SBE 43 [V]
# name 29 = nbf: Bottles Fired
# name 30 = flag:  0.000e+00
# interval = seconds: 0.0416667
# start_time = Jul 07 2012 16:32:56 [NMEA time, header]
# bad_flag = -9.990e-29
*END*
[from data line 94]
      98.66     0.0389          2   3.360297      0.176    -1.8000   28.25434  -88.23524    219.767    186.046  312.85373  313.63970 1.1856e-01 4.1033e+00   1922.232          1      97796     53.927     4.2661     4.2650     35.199   4074.792     1.7790     1.6789     4.9328     4.6227     0.0000     0.0000     1.7790          2  0.000e+00
      98.66     0.0389          2   3.360278     -0.174    -1.8000   28.25434  -88.23524    219.767    185.851  312.85376  313.63971 1.1856e-01 4.1034e+00   1922.224          1      97797     53.951     4.2662     4.2651     35.224   4074.833     1.7790     1.6777     4.9328     4.6227     0.0000     0.0000     1.7790          2  0.000e+00
      98.68     0.0389          2   3.360291      0.001    -1.8000   28.25434  -88.23524    219.768    185.852  312.85414  313.64012 1.1856e-01 4.1033e+00   1922.225          1      97798     53.928     4.2660     4.2649     35.200   4074.875     1.7790     1.6777     4.9341     4.6227     0.0000     0.0000     1.7790          2  0.000e+00
      98.66     0.0400          2   3.360297      0.001    -1.8000   28.25434  -88.23524    219.767    186.046  312.85372  313.63970 1.1856e-01 4.1033e+00   1922.225          1      97799     53.927     4.2661     4.2650     35.199   4074.917     1.7790     1.6789     4.9328     4.6215     0.0000     0.0000     1.7790          2  0.000e+00
      98.66     0.0357          3   3.352966      1.047    -1.8000   28.25478  -88.23426    217.866    184.549  312.76271  313.54680 1.1856e-01 4.1360e+00   1718.573          1     106282     52.368     4.2790     4.2780     35.498   4428.375     1.8022     1.7009     4.9328     4.6264     0.0000     0.0000     1.8022          3  0.000e+00
      98.66     0.0368          3   3.352985      1.395    -1.8000   28.25478  -88.23426    217.868    184.740  312.76298  313.54710 1.1856e-01 4.1358e+00   1718.631          1     106283     52.342     4.2788     4.2780     35.470   4428.417     1.8022     1.7021     4.9328     4.6252     0.0000     0.0000     1.8022          3  0.000e+00
      98.66     0.0379          3   3.352991     -1.045    -1.8000   28.25478  -88.23426    217.866    184.739  312.76300  313.54714 1.1856e-01 4.1358e+00   1718.587          1     106284     52.330     4.2788     4.2778     35.459   4428.458     1.8022     1.7021     4.9328     4.6239     0.0000     0.0000     1.8022          3  0.000e+00
      98.66     0.0368          3   3.352991      1.047    -1.8000   28.25478  -88.23426    217.867    184.550  312.76281  313.54693 1.1856e-01 4.1358e+00   1718.631          1     106285     52.336     4.2788     4.2778     35.465   4428.500     1.8022     1.7009     4.9328     4.6252     0.0000     0.0000     1.8022          3  0.000e+00
      98.66     0.0368          3   3.352966     -1.394    -1.8000   28.25478  -88.23426    217.866    184.739  312.76295  313.54705 1.1856e-01 4.1359e+00   1718.573          1     106286     52.364     4.2789     4.2780     35.494   4428.542     1.8022     1.7021     4.9328     4.6252     0.0000     0.0000     1.8022          3  0.000e+00
      98.66     0.0368          3   3.352966      0.349    -1.8000   28.25478  -88.23426    218.073    184.549  312.76443  313.54858 1.1856e-01 4.1356e+00   1718.587          1     106287     52.338     4.2787     4.2780     35.468   4428.583     1.8034     1.7009     4.9328     4.6252     0.0000     0.0000     1.8034          3  0.000e+00
      98.66     0.0368          3   3.352991     -0.348    -1.8000   28.25478  -88.23426    218.072    184.359  312.76372  313.54787 1.1856e-01 4.1356e+00   1718.573          1     106288     52.316     4.2787     4.2780     35.446   4428.625     1.8034     1.6996     4.9328     4.6252     0.0000     0.0000     1.8034          3  0.000e+00
      98.66     0.0379          3   3.352991      0.001    -1.8000   28.25478  -88.23426    218.071    184.549  312.76299  313.54712 1.1856e-01 4.1358e+00   1718.573          1     106289     52.329     4.2788     4.2781     35.459   4428.667     1.8034     1.7009     4.9328     4.6239     0.0000     0.0000     1.8034          3  0.000e+00
      98.66     0.0368          3   3.352953      1.570    -1.8000   28.25478  -88.23426    218.074    184.551  312.76386  313.54797 1.1856e-01 4.1358e+00   1718.638          1     106290     52.369     4.2788     4.2778     35.498   4428.708     1.8034     1.7009     4.9328     4.6252     0.0000     0.0000     1.8034          3  0.000e+00
      98.66     0.0368          3   3.352979     -1.568    -1.8000   28.25478  -88.23426    217.866    184.549  312.76309  313.54721 1.1856e-01 4.1358e+00   1718.573          1     106291     52.344     4.2788     4.2780     35.474   4428.750     1.8022     1.7009     4.9328     4.6252     0.0000     0.0000     1.8022          3  0.000e+00
      98.66     0.0368          3   3.352991      0.001    -1.8000   28.25478  -88.23426    218.071    184.739  312.76299  313.54712 1.1856e-01 4.1358e+00   1718.573          1     106292     52.329     4.2788     4.2778     35.459   4428.792     1.8034     1.7021     4.9328     4.6252     0.0000     0.0000     1.8034          3  0.000e+00
      98.66     0.0368          3   3.352991      0.349    -1.8000   28.25478  -88.23426    218.072    184.739  312.76373  313.54789 1.1856e-01 4.1356e+00   1718.587          1     106293     52.317     4.2787     4.2780     35.446   4428.833     1.8034     1.7021     4.9328     4.6252     0.0000     0.0000     1.8034          3  0.000e+00
      98.66     0.0368          3   3.352991     -0.348    -1.8000   28.25478  -88.23426    218.071    184.738  312.76299  313.54712 1.1856e-01 4.1358e+00   1718.573          1     106294     52.329     4.2788     4.2780     35.459   4428.875     1.8034     1.7021     4.9328     4.6252     0.0000     0.0000     1.8034          3  0.000e+00
      98.66     0.0368          3   3.352991      0.001    -1.8000   28.25478  -88.23426    218.070    184.739  312.76202  313.54612 1.1856e-01 4.1359e+00   1718.573          1     106295     52.347     4.2790     4.2778     35.476   4428.917     1.8034     1.7021     4.9328     4.6252     0.0000     0.0000     1.8034          3  0.000e+00
      98.66     0.0368          3   3.352953      0.349    -1.8000   28.25478  -88.23426    218.072    184.739  312.76380  313.54791 1.1856e-01 4.1358e+00   1718.588          1     106296     52.367     4.2788     4.2778     35.497   4428.958     1.8034     1.7021     4.9328     4.6252     0.0000     0.0000     1.8034          3  0.000e+00
      98.66     0.0368          3   3.352953     -0.348    -1.8000   28.25478  -88.23426    218.072    184.739  312.76403  313.54815 1.1856e-01 4.1358e+00   1718.573          1     106297     52.362     4.2788     4.2780     35.492   4429.000     1.8034     1.7021     4.9328     4.6252     0.0000     0.0000     1.8034          3  0.000e+00
      98.66     0.0379          3   3.352985      0.001    -1.8000   28.25478  -88.23426    217.865    184.740  312.76219  313.54629 1.1856e-01 4.1359e+00   1718.573          1     106298     52.352     4.2790     4.2778     35.481   4429.042     1.8022     1.7021     4.9328     4.6239     0.0000     0.0000     1.8022          3  0.000e+00
      98.66     0.0368          3   3.352998      0.349    -1.8000   28.25478  -88.23426    218.072    184.549  312.76356  313.54772 1.1856e-01 4.1356e+00   1718.588          1     106299     52.312     4.2787     4.2780     35.441   4429.083     1.8034     1.7009     4.9328     4.6252     0.0000     0.0000     1.8034          3  0.000e+00
      98.68     0.0368          3   3.352991     -0.348    -1.8000   28.25478  -88.23426    218.071    184.549  312.76226  313.54637 1.1856e-01 4.1359e+00   1718.573          1     106300     52.342     4.2789     4.2778     35.471   4429.125     1.8034     1.7009     4.9341     4.6252     0.0000     0.0000     1.8034          3  0.000e+00
      98.66     0.0357          3   3.352991      0.001    -1.8000   28.25478  -88.23426    218.071    184.549  312.76275  313.54687 1.1856e-01 4.1358e+00   1718.573          1     106301     52.334     4.2788     4.2780     35.463   4429.167     1.8034     1.7009     4.9328     4.6264     0.0000     0.0000     1.8034          3  0.000e+00
      98.66     0.0357          3   3.352966     -1.045    -1.8000   28.25478  -88.23426    218.071    184.548  312.76436  313.54851 1.1856e-01 4.1356e+00   1718.530          1     106302     52.336     4.2787     4.2778     35.466   4429.208     1.8034     1.7009     4.9328     4.6264     0.0000     0.0000     1.8034          3  0.000e+00
      98.66     0.0368          3   3.352985      2.441    -1.8000   28.25478  -88.23426    217.867    184.550  312.76250  313.54660 1.1856e-01 4.1359e+00   1718.631          1     106303     52.350     4.2789     4.2780     35.479   4429.250     1.8022     1.7009     4.9328     4.6252     0.0000     0.0000     1.8022          3  0.000e+00
      98.66     0.0357          3   3.352991     -1.394    -1.8000   28.25478  -88.23426    218.072    184.549  312.76372  313.54788 1.1856e-01 4.1356e+00   1718.573          1     106304     52.316     4.2787     4.2778     35.446   4429.292     1.8034     1.7009     4.9328     4.6264     0.0000     0.0000     1.8034          3  0.000e+00
      98.66     0.0368          3   3.352991      0.001    -1.8000   28.25478  -88.23426    218.072    184.549  312.76396  313.54813 1.1856e-01 4.1356e+00   1718.573          1     106305     52.312     4.2786     4.2778     35.441   4429.333     1.8034     1.7009     4.9328     4.6252     0.0000     0.0000     1.8034          3  0.000e+00
      98.66     0.0357          3   3.352991      0.349    -1.8000   28.25478  -88.23426    218.071    184.548  312.76203  313.54613 1.1856e-01 4.1359e+00   1718.588          1     106306     52.347     4.2790     4.2781     35.476   4429.375     1.8034     1.7009     4.9328     4.6264     0.0000     0.0000     1.8034          3  0.000e+00
      98.66     0.0368          3   3.352972     -0.348    -1.8000   28.25478  -88.23426    217.866    184.739  312.76327  313.54738 1.1856e-01 4.1358e+00   1718.573          1     106307     52.350     4.2788     4.2780     35.480   4429.417     1.8022     1.7021     4.9328     4.6252     0.0000     0.0000     1.8022          3  0.000e+00
      98.66     0.0357          3   3.352960      0.001    -1.8000   28.25478  -88.23426    217.867    184.738  312.76386  313.54798 1.1856e-01 4.1358e+00   1718.573          1     106308     52.356     4.2788     4.2781     35.486   4429.458     1.8022     1.7021     4.9328     4.6264     0.0000     0.0000     1.8022          3  0.000e+00
      98.66     0.0368          3   3.352985     -1.045    -1.8000   28.25478  -88.23426    217.865    184.737  312.76287  313.54699 1.1856e-01 4.1358e+00   1718.530          1     106309     52.337     4.2788     4.2780     35.467   4429.500     1.8022     1.7021     4.9328     4.6252     0.0000     0.0000     1.8022          3  0.000e+00
      98.66     0.0368          3   3.352979      1.047    -1.8000   28.25478  -88.23426    218.071    184.738  312.76236  313.54646 1.1856e-01 4.1360e+00   1718.574          1     106310     52.357     4.2790     4.2780     35.487   4429.542     1.8034     1.7021     4.9328     4.6252     0.0000     0.0000     1.8034          3  0.000e+00
      98.66     0.0368          3   3.352960      0.001    -1.8000   28.25478  -88.23426    218.072    184.739  312.76386  313.54798 1.1856e-01 4.1358e+00   1718.574          1     106311     52.356     4.2788     4.2780     35.486   4429.583     1.8034     1.7021     4.9328     4.6252     0.0000     0.0000     1.8034          3  0.000e+00
      98.66     0.0368          3   3.352941      0.349    -1.8000   28.25478  -88.23426    218.072    184.739  312.76342  313.54750 1.1856e-01 4.1359e+00   1718.588          1     106312     52.390     4.2790     4.2778     35.521   4429.625     1.8034     1.7021     4.9328     4.6252     0.0000     0.0000     1.8034          3  0.000e+00
      98.66     0.0357          3   3.352953     -1.568    -1.8000   28.25478  -88.23426    218.070    184.738  312.76397  313.54809 1.1856e-01 4.1358e+00   1718.523          1     106313     52.359     4.2788     4.2780     35.490   4429.667     1.8034     1.7021     4.9328     4.6264     0.0000     0.0000     1.8034          3  0.000e+00
      98.66     0.0357          3   3.352966      1.221    -1.8000   28.25478  -88.23426    218.071    184.548  312.76344  313.54755 1.1856e-01 4.1358e+00   1718.574          1     106314     52.355     4.2788     4.2781     35.485   4429.708     1.8034     1.7009     4.9328     4.6264     0.0000     0.0000     1.8034          3  0.000e+00
      98.68     0.0368          3   3.352960      0.349    -1.8000   28.25478  -88.23426    218.072    184.548  312.76363  313.54774 1.1856e-01 4.1358e+00   1718.588          1     106315     52.361     4.2788     4.2781     35.491   4429.750     1.8034     1.7009     4.9341     4.6252     0.0000     0.0000     1.8034          3  0.000e+00
      98.66     0.0368          3   3.352966     -1.568    -1.8000   28.25478  -88.23426    218.070    184.547  312.76363  313.54775 1.1856e-01 4.1358e+00   1718.523          1     106316     52.349     4.2788     4.2780     35.479   4429.792     1.8034     1.7009     4.9328     4.6252     0.0000     0.0000     1.8034          3  0.000e+00
      98.66     0.0368          3   3.352985      0.001    -1.8000   28.25478  -88.23426    217.865    184.737  312.76384  313.54799 1.1856e-01 4.1356e+00   1718.523          1     106317     52.319     4.2787     4.2780     35.449   4429.833     1.8022     1.7021     4.9328     4.6252     0.0000     0.0000     1.8022          3  0.000e+00
      98.66     0.0357          3   3.352972      1.570    -1.8000   28.25478  -88.23426    218.071    184.738  312.76255  313.54665 1.1856e-01 4.1359e+00   1718.588          1     106318     52.364     4.2790     4.2780     35.493   4429.875     1.8034     1.7021     4.9328     4.6264     0.0000     0.0000     1.8034          3  0.000e+00
      98.66     0.0368          3   3.352991     -0.348    -1.8000   28.25478  -88.23426    217.865    184.738  312.76226  313.54637 1.1856e-01 4.1359e+00   1718.574          1     106319     52.342     4.2789     4.2780     35.471   4429.917     1.8022     1.7021     4.9328     4.6252     0.0000     0.0000     1.8022          3  0.000e+00
      98.66     0.0357          3   3.353017     -1.219    -1.8000   28.25478  -88.23426    218.070    184.547  312.76297  313.54714 1.1856e-01 4.1356e+00   1718.523          1     106320     52.293     4.2787     4.2781     35.422   4429.958     1.8034     1.7009     4.9328     4.6264     0.0000     0.0000     1.8034          3  0.000e+00
      98.66     0.0368          3   3.353004      0.175    -1.8000   28.25478  -88.23426    218.069    184.738  312.76162  313.54573 1.1856e-01 4.1360e+00   1718.530          1     106321     52.334     4.2790     4.2780     35.463   4430.000     1.8034     1.7021     4.9328     4.6252     0.0000     0.0000     1.8034          3  0.000e+00
      98.66     0.0357          3   3.352991     -0.173    -1.8000   28.25478  -88.23426    218.069    184.737  312.76220  313.54631 1.1856e-01 4.1359e+00   1718.523          1     106322     52.340     4.2789     4.2781     35.470   4430.042     1.8034     1.7021     4.9328     4.6264     0.0000     0.0000     1.8034          3  0.000e+00
      98.66     0.0357          3   3.352972      0.001    -1.8000   28.25478  -88.23426    218.070    184.737  312.76321  313.54733 1.1856e-01 4.1358e+00   1718.523          1     106323     52.348     4.2788     4.2781     35.478   4430.083     1.8034     1.7021     4.9328     4.6264     0.0000     0.0000     1.8034          3  0.000e+00
