tests/data/CTD/g01l06s05.ros
* Sea-Bird SBE 9 Data File:
* FileName = D:\CTD DATA\2013\PE13-01 DiMarco\G01L06S05.hex
* Software Version Seasave V 7.21g
* Temperature SN = 4515
* Conductivity SN = 3079
* Number of Bytes Per Scan = 40
* Number of Voltage Words = 5
* Number of Scans Averaged by the Deck Unit = 1
* NMEA Latitude = 27 44.99 N
* NMEA Longitude = 087 59.95 W
* NMEA UTC (Time) = Jul 09 2012  17:01:20
* NMEA baud rate = 4800
# nquan = 31
# nvalues = 588                                   
# units = specified
# name 0 = altM: Altimeter [m]
# name 1 = bat: Beam Attenuation, Chelsea/Seatech [1/m]
# name 2 = bpos: Bottle Position in Carousel
# name 3 = c0S/m: Conductivity [S/m]
# name 4 = dz/dtM: Descent Rate [m/s]
# name 5 = wetCDOM: Fluorescence, WET Labs CDOM [mg/m^3]
# name 6 = latitude: Latitude [deg]
# name 7 = longitude: Longitude [deg]
# name 8 = sbeox0Mm/Kg: Oxygen, SBE 43 [umol/kg]
# name 9 = sbeox1Mm/Kg: Oxygen, SBE 43, 2 [umol/kg]
# name 10 = oxsolMm/Kg: Oxygen Saturation, Garcia & Gordon [umol/kg]
# name 11 = oxsatMm/Kg: Oxygen Saturation, Weiss [umol/kg]
# name 12 = par: PAR/Irradiance, Biospherical/Licor
# name 13 = pla: Plume Anomaly
# name 14 = prDM: Pressure, Digiquartz [db]
# name 15 = pumps: Pump Status
# name 16 = scan: Scan Count
# name 17 = sva: Specific Volume Anomaly [10^-8 * m^3/kg]
# name 18 = t090C: Temperature [ITS-90, deg C]
# name 19 = t190C: Temperature, 2 [ITS-90, deg C]
# name 20 = tsa: Thermosteric Anomaly [10^-8 * m^3/kg]
# name 21 = timeS: Time, Elapsed [seconds]
# name 22 = v0: Voltage 0
# name 23 = v1: Voltage 1
# name 24 = v2: Voltage 2
# name 25 = v3: Voltage 3
# name 26 = v4: Voltage 4
# name 27 = v5: Voltage 5
# name 28 = sbeox0V: Oxygen raw, SBE 43 [V]
# name 29 = nbf: Bottles Fired
# name 30 = flag:  0.000e+00
# interval = seconds: 0.0416667
# start_time = Jul 09 2012 17:01:20 [NMEA time, header]
# bad_flag = -9.990e-29
*END*
[from data line 281]
      98.68     0.0410          6   3.418537      0.173    -1.8000   27.74694  -87.98150    172.308    146.091  304.80263  305.43774 1.1856e-01 5.2950e+00   1009.218          1     139041     63.275     5.3814     5.3806     50.959   5793.333     1.6618     1.5739     4.9341     4.6203     0.0000     0.0000     1.6618          6  0.000e+00
      98.68     0.0410          6   3.418499      0.001    -1.8000   27.74694  -87.98150    172.491    146.091  304.80430  305.43942 1.1856e-01 5.2948e+00   1009.218          1     139042     63.294     5.3813     5.3806     50.979   5793.375     1.6630     1.5739     4.9341     4.6203     0.0000     0.0000     1.6630          6  0.000e+00
      98.68     0.0410          6   3.418505     -0.171    -1.8000   27.74694  -87.98150    172.310    146.091  304.80573  305.44090 1.1856e-01 5.2945e+00   1009.211          1     139043     63.259     5.3810     5.3804     50.944   5793.417     1.6618     1.5739     4.9341     4.6203     0.0000     0.0000     1.6618          6  0.000e+00
      98.71     0.0410          6   3.418467     -1.032    -1.8000   27.74694  -87.98150    172.491    146.090  304.80667  305.44183 1.1856e-01 5.2945e+00   1009.168          1     139044     63.289     5.3810     5.3804     50.975   5793.458     1.6630     1.5739     4.9353     4.6203     0.0000     0.0000     1.6630          6  0.000e+00
      98.71     0.0410          6   3.418473      1.205    -1.8000   27.74694  -87.98150    172.311    146.091  304.80724  305.44243 1.1856e-01 5.2944e+00   1009.218          1     139045     63.273     5.3808     5.3804     50.959   5793.500     1.6618     1.5739     4.9353     4.6203     0.0000     0.0000     1.6618          6  0.000e+00
      98.68     0.0410          6   3.418505     -0.171    -1.8000   27.74694  -87.98150    172.493    146.091  304.80732  305.44255 1.1856e-01 5.2942e+00   1009.211          1     139046     63.229     5.3806     5.3804     50.914   5793.542     1.6630     1.5739     4.9341     4.6203     0.0000     0.0000     1.6630          6  0.000e+00
      98.68     0.0410          6   3.418492      0.173    -1.8000   27.74694  -87.98150    172.493    146.092  304.80766  305.44288 1.1856e-01 5.2942e+00   1009.218          1     139047     63.240     5.3806     5.3803     50.926   5793.583     1.6630     1.5739     4.9341     4.6203     0.0000     0.0000     1.6630          6  0.000e+00
      98.68     0.0410          6   3.418486     -1.548    -1.8000   27.74694  -87.98150    172.492    146.090  304.80775  305.44298 1.1856e-01 5.2942e+00   1009.154          1     139048     63.242     5.3806     5.3803     50.929   5793.625     1.6630     1.5739     4.9341     4.6203     0.0000     0.0000     1.6630          6  0.000e+00
      98.68     0.0410          6   3.418486      2.753    -1.8000   27.74694  -87.98150    172.494    146.092  304.80697  305.44216 1.1856e-01 5.2944e+00   1009.268          1     139049     63.265     5.3808     5.3804     50.950   5793.667     1.6630     1.5739     4.9341     4.6203     0.0000     0.0000     1.6630          6  0.000e+00
      98.68     0.0410          6   3.418460     -1.204    -1.8000   27.74694  -87.98150    172.493    146.091  304.80780  305.44299 1.1856e-01 5.2943e+00   1009.218          1     139050     63.280     5.3808     5.3804     50.966   5793.708     1.6630     1.5739     4.9341     4.6203     0.0000     0.0000     1.6630          6  0.000e+00
      98.71     0.0410          6   3.418454     -0.171    -1.8000   27.74694  -87.98150    172.494    146.091  304.80864  305.44385 1.1856e-01 5.2942e+00   1009.211          1     139051     63.272     5.3806     5.3803     50.958   5793.750     1.6630     1.5739     4.9353     4.6203     0.0000     0.0000     1.6630          6  0.000e+00
      98.68     0.0410          6   3.418454     -1.032    -1.8000   27.74694  -87.98150    172.310    146.259  304.80768  305.44287 1.1856e-01 5.2944e+00   1009.168          1     139052     63.287     5.3808     5.3803     50.973   5793.792     1.6618     1.5751     4.9341     4.6203     0.0000     0.0000     1.6618          6  0.000e+00
      98.68     0.0421          6   3.418454      1.205    -1.8000   27.74694  -87.98150    172.312    146.259  304.80865  305.44386 1.1856e-01 5.2942e+00   1009.218          1     139053     63.272     5.3806     5.3806     50.958   5793.833     1.6618     1.5751     4.9341     4.6190     0.0000     0.0000     1.6618          6  0.000e+00
      98.73     0.0442          7   3.532649     -0.341    -1.8000   27.74622  -87.98012    139.434    117.997  295.05922  295.52477 1.1856e-01 6.7237e+00    707.360          1     148552     79.853     6.7895     6.7887     69.225   6189.625     1.5128     1.4359     4.9365     4.6166     0.0000     0.0000     1.5128          7  0.000e+00
      98.71     0.0442          7   3.532643     -0.855    -1.8000   27.74622  -87.98012    139.602    117.996  295.05934  295.52489 1.1856e-01 6.7237e+00    707.324          1     148553     79.857     6.7895     6.7885     69.229   6189.667     1.5140     1.4359     4.9353     4.6166     0.0000     0.0000     1.5140          7  0.000e+00
      98.71     0.0442          7   3.532630      1.198    -1.8000   27.74622  -87.98012    139.435    117.996  295.06118  295.52676 1.1856e-01 6.7233e+00    707.374          1     148554     79.841     6.7892     6.7890     69.212   6189.708     1.5128     1.4359     4.9353     4.6166     0.0000     0.0000     1.5128          7  0.000e+00
      98.73     0.0442          7   3.532630      0.001    -1.8000   27.74622  -87.98012    139.435    117.996  295.06054  295.52611 1.1856e-01 6.7235e+00    707.374          1     148555     79.853     6.7894     6.7889     69.225   6189.750     1.5128     1.4359     4.9365     4.6166     0.0000     0.0000     1.5128          7  0.000e+00
      98.73     0.0442          7   3.532604      0.856    -1.8000   27.74622  -87.98012    139.436    117.996  295.06120  295.52676 1.1856e-01 6.7235e+00    707.410          1     148556     79.876     6.7894     6.7890     69.247   6189.792     1.5128     1.4359     4.9365     4.6166     0.0000     0.0000     1.5128          7  0.000e+00
      98.73     0.0442          7   3.532643     -3.250    -1.8000   27.74622  -87.98012    139.432    117.994  295.05865  295.52418 1.1856e-01 6.7238e+00    707.275          1     148557     79.866     6.7897     6.7893     69.239   6189.833     1.5128     1.4359     4.9365     4.6166     0.0000     0.0000     1.5128          7  0.000e+00
      98.71     0.0453          7   3.532637      2.396    -1.8000   27.74622  -87.98012    139.435    117.996  295.06039  295.52596 1.1856e-01 6.7235e+00    707.374          1     148558     79.848     6.7894     6.7890     69.219   6189.875     1.5128     1.4359     4.9353     4.6154     0.0000     0.0000     1.5128          7  0.000e+00
      98.71     0.0453          7   3.532604     -1.197    -1.8000   27.74622  -87.98012    139.434    117.995  295.06027  295.52581 1.1856e-01 6.7237e+00    707.324          1     148559     79.888     6.7895     6.7892     69.261   6189.917     1.5128     1.4359     4.9353     4.6154     0.0000     0.0000     1.5128          7  0.000e+00
      98.73     0.0442          7   3.532617      2.053    -1.8000   27.74622  -87.98012    139.435    117.997  295.06089  295.52646 1.1856e-01 6.7235e+00    707.410          1     148560     79.865     6.7894     6.7890     69.237   6189.958     1.5128     1.4359     4.9365     4.6166     0.0000     0.0000     1.5128          7  0.000e+00
      98.71     0.0442          7   3.532611     -2.052    -1.8000   27.74622  -87.98012    139.434    117.996  295.06096  295.52652 1.1856e-01 6.7235e+00    707.325          1     148561     79.866     6.7894     6.7889     69.239   6190.000     1.5128     1.4359     4.9353     4.6166     0.0000     0.0000     1.5128          7  0.000e+00
      98.71     0.0442          7   3.532598      0.001    -1.8000   27.74622  -87.98012    139.434    117.995  295.06127  295.52683 1.1856e-01 6.7235e+00    707.325          1     148562     79.877     6.7894     6.7890     69.250   6190.042     1.5128     1.4359     4.9353     4.6166     0.0000     0.0000     1.5128          7  0.000e+00
      98.71     0.0442          7   3.532617      1.198    -1.8000   27.74622  -87.98012    139.604    117.997  295.06085  295.52642 1.1856e-01 6.7235e+00    707.374          1     148563     79.864     6.7894     6.7888     69.235   6190.083     1.5140     1.4359     4.9353     4.6166     0.0000     0.0000     1.5140          7  0.000e+00
      98.73     0.0453          7   3.532630     -1.197    -1.8000   27.74622  -87.98012    139.603    117.996  295.06049  295.52606 1.1856e-01 6.7235e+00    707.325          1     148564     79.851     6.7894     6.7887     69.223   6190.125     1.5140     1.4359     4.9365     4.6154     0.0000     0.0000     1.5140          7  0.000e+00
      98.71     0.0453          7   3.532604     -0.341    -1.8000   27.74622  -87.98012    139.602    117.995  295.06025  295.52579 1.1856e-01 6.7237e+00    707.310          1     148565     79.887     6.7895     6.7890     69.260   6190.167     1.5140     1.4359     4.9353     4.6154     0.0000     0.0000     1.5140          7  0.000e+00
      98.73     0.0453          7   3.532617      1.540    -1.8000   27.74622  -87.98012    139.604    117.996  295.06085  295.52642 1.1856e-01 6.7235e+00    707.375          1     148566     79.864     6.7894     6.7890     69.235   6190.208     1.5140     1.4359     4.9365     4.6154     0.0000     0.0000     1.5140          7  0.000e+00
      98.71     0.0442          7   3.532649     -1.197    -1.8000   27.74622  -87.98012    139.602    117.840  295.05855  295.52408 1.1856e-01 6.7238e+00    707.325          1     148567     79.864     6.7897     6.7888     69.236   6190.250     1.5140     1.4347     4.9353     4.6166     0.0000     0.0000     1.5140          7  0.000e+00
      98.71     0.0453          7   3.532637      0.001    -1.8000   27.74622  -87.98012    139.434    117.996  295.06034  295.52591 1.1856e-01 6.7235e+00    707.325          1     148568     79.845     6.7894     6.7888     69.218   6190.292     1.5128     1.4359     4.9353     4.6154     0.0000     0.0000     1.5128          7  0.000e+00
      98.73     0.0463          7   3.532630      0.856    -1.8000   27.74622  -87.98012    139.434    117.996  295.06053  295.52610 1.1856e-01 6.7235e+00    707.360          1     148569     79.852     6.7894     6.7888     69.224   6190.333     1.5128     1.4359     4.9365     4.6142     0.0000     0.0000     1.5128          7  0.000e+00
      98.73     0.0453          7   3.532630     -0.855    -1.8000   27.74622  -87.98012    139.603    117.996  295.06112  295.52671 1.1856e-01 6.7233e+00    707.325          1     148570     79.838     6.7892     6.7888     69.211   6190.375     1.5140     1.4359     4.9365     4.6154     0.0000     0.0000     1.5140          7  0.000e+00
      98.71     0.0453          7   3.532604      0.001    -1.8000   27.74622  -87.98012    139.434    117.995  295.06111  295.52668 1.1856e-01 6.7235e+00    707.325          1     148571     79.872     6.7894     6.7890     69.244   6190.417     1.5128     1.4359     4.9353     4.6154     0.0000     0.0000     1.5128          7  0.000e+00
      98.71     0.0453          7   3.532598      0.001    -1.8000   27.74622  -87.98012    139.434    117.995  295.06190  295.52748 1.1856e-01 6.7233e+00    707.325          1     148572     79.865     6.7892     6.7892     69.237   6190.458     1.5128     1.4359     4.9353     4.6154     0.0000     0.0000     1.5128          7  0.000e+00
      98.73     0.0453          7   3.532598     -0.342    -1.8000   27.74622  -87.98012    139.604    117.995  295.06273  295.52833 1.1856e-01 6.7232e+00    707.311          1     148573     79.847     6.7890     6.7890     69.220   6190.500     1.5140     1.4359     4.9365     4.6154     0.0000     0.0000     1.5140          7  0.000e+00
      98.73     0.0442          7   3.532643      0.343    -1.8000   27.74622  -87.98012    139.603    117.995  295.06018  295.52576 1.1856e-01 6.7235e+00    707.325          1     148574     79.840     6.7894     6.7890     69.212   6190.542     1.5140     1.4359     4.9365     4.6166     0.0000     0.0000     1.5140          7  0.000e+00
      98.73     0.0442          7   3.532637      0.001    -1.8000   27.74620  -87.98010    139.434    117.996  295.06034  295.52591 1.1856e-01 6.7235e+00    707.325          1     148575     79.845     6.7894     6.7888     69.218   6190.583     1.5128     1.4359     4.9365     4.6166     0.0000     0.0000     1.5128          7  0.000e+00
      98.73     0.0442          7   3.532630      0.001    -1.8000   27.74620  -87.98010    139.434    117.996  295.06112  295.52671 1.1856e-01 6.7233e+00    707.325          1     148576     79.838     6.7892     6.7888     69.211   6190.625     1.5128     1.4359     4.9365     4.6166     0.0000     0.0000     1.5128          7  0.000e+00
      98.71     0.0453          7   3.532630      0.001    -1.8000   27.74620  -87.98010    139.434    117.996  295.06112  295.52671 1.1856e-01 6.7233e+00    707.325          1     148577     79.838     6.7892     6.7889     69.211   6190.667     1.5128     1.4359     4.9353     4.6154     0.0000     0.0000     1.5128          7  0.000e+00
      98.73     0.0442          7   3.532611      0.856    -1.8000   27.74620  -87.98010    139.435    117.840  295.06099  295.52656 1.1856e-01 6.7235e+00    707.361          1     148578     79.868     6.7894     6.7890     69.240   6190.708     1.5128     1.4347     4.9365     4.6166     0.0000     0.0000     1.5128          7  0.000e+00
      98.73     0.0453          7   3.532624     -2.052    -1.8000   27.74620  -87.98010    139.602    117.995  295.06123  295.52682 1.1856e-01 6.7233e+00    707.275          1     148579     79.841     6.7892     6.7890     69.214   6190.750     1.5140     1.4359     4.9365     4.6154     0.0000     0.0000     1.5140          7  0.000e+00
      98.73     0.0453          7   3.532604      1.198    -1.8000   27.74620  -87.98010    139.603    117.996  295.06174  295.52733 1.1856e-01 6.7233e+00    707.325          1     148580     79.859     6.7892     6.7888     69.232   6190.792     1.5140     1.4359     4.9365     4.6154     0.0000     0.0000     1.5140          7  0.000e+00
      98.73     0.0442          7   3.532578      0.001    -1.8000   27.74620  -87.98010    139.604    117.996  295.06321  295.52881 1.1856e-01 6.7232e+00    707.325          1     148581     79.864     6.7890     6.7887     69.237   6190.833     1.5140     1.4359     4.9365     4.6166     0.0000     0.0000     1.5140          7  0.000e+00
      98.71     0.0453          7   3.532572     -0.341    -1.8000   27.74620  -87.98010    139.604    117.995  295.06398  295.52960 1.1856e-01 6.7230e+00    707.311          1     148582     79.856     6.7889     6.7889     69.229   6190.875     1.5140     1.4359     4.9353     4.6154     0.0000     0.0000     1.5140          7  0.000e+00
      98.71     0.0453          7   3.532572      0.343    -1.8000   27.74620  -87.98010    139.605    117.996  295.06484  295.53048 1.1856e-01 6.7228e+00    707.325          1     148583     79.840     6.7887     6.7888     69.213   6190.917     1.5140     1.4359     4.9353     4.6154     0.0000     0.0000     1.5140          7  0.000e+00
      98.71     0.0453          7   3.532572      0.001    -1.8000   27.74620  -87.98010    139.605    117.840  295.06484  295.53048 1.1856e-01 6.7228e+00    707.325          1     148584     79.840     6.7887     6.7888     69.213   6190.958     1.5140     1.4347     4.9353     4.6154     0.0000     0.0000     1.5140          7  0.000e+00
