tests/data/CTD/g01l03s05.ros
* Sea-Bird SBE 9 Data File:
* FileName = D:\CTD DATA\2013\PE13-01 DiMarco\G01L03S05.hex
* Software Version Seasave V 7.21g
* Temperature SN = 4515
* Conductivity SN = 3079
* Number of Bytes Per Scan = 40
* Number of Voltage Words = 5
* Number of Scans Averaged by the Deck Unit = 1
* NMEA Latitude = 27 45.01 N
* NMEA Longitude = 088 44.95 W
* NMEA UTC (Time) = Jul 10 2012  16:10:28
* NMEA baud rate = 4800
# nquan = 31
# nvalues = 588                                   
# units = specified
# name 0 = altM: Altimeter [m]
# name 1 = bat: Beam Attenuation, Chelsea/Seatech [1/m]
# name 2 = bpos: Bottle Position in Carousel
# name 3 = c0S/m: Conductivity [S/m]
# name 4 = dz/dtM: Descent Rate [m/s]
# name 5 = wetCDOM: Fluorescence, WET Labs CDOM [mg/m^3]
# name 6 = latitude: Latitude [deg]
# name 7 = longitude: Longitude [deg]
# name 8 = sbeox0Mm/Kg: Oxygen, SBE 43 [umol/kg]
# name 9 = sbeox1Mm/Kg: Oxygen, SBE 43, 2 [umol/kg]
# name 10 = oxsolMm/Kg: Oxygen Saturation, Garcia & Gordon [umol/kg]
# name 11 = oxsatMm/Kg: Oxygen Saturation, Weiss [umol/kg]
# name 12 = par: PAR/Irradiance, Biospherical/Licor
# name 13 = pla: Plume Anomaly
# name 14 = prDM: Pressure, Digiquartz [db]
# name 15 = pumps: Pump Status
# name 16 = scan: Scan Count
# name 17 = sva: Specific Volume Anomaly [10^-8 * m^3/kg]
# name 18 = t090C: Temperature [ITS-90, deg C]
# name 19 = t190C: Temperature, 2 [ITS-90, deg C]
# name 20 = tsa: Thermosteric Anomaly [10^-8 * m^3/kg]
# name 21 = timeS: Time, Elapsed [seconds]
# name 22 = v0: Voltage 0
# name 23 = v1: Voltage 1
# name 24 = v2: Voltage 2
# name 25 = v3: Voltage 3
# name 26 = v4: Voltage 4
# name 27 = v5: Voltage 5
# name 28 = sbeox0V: Oxygen raw, SBE 43 [V]
# name 29 = nbf: Bottles Fired
# name 30 = flag:  0.000e+00
# interval = seconds: 0.0416667
# start_time = Jul 10 2012 16:10:28 [NMEA time, header]
# bad_flag = -9.990e-29
*END*
[from data line 188]
      98.66     0.0474          4   3.378663      0.001    -1.8000   27.76986  -88.73238    188.534    159.940  308.06473  308.75970 1.1856e-01 4.8414e+00   1011.490          1      95737     56.095     4.9248     4.9253     44.687   3989.000     1.7558     1.6606     4.9328     4.6129     0.0000     0.0000     1.7558          4  0.000e+00
      98.68     0.0474          4   3.378701      0.001    -1.8000   27.76986  -88.73238    188.532    159.939  308.06302  308.75798 1.1856e-01 4.8416e+00   1011.490          1      95738     56.076     4.9249     4.9255     44.667   3989.042     1.7558     1.6606     4.9341     4.6129     0.0000     0.0000     1.7558          4  0.000e+00
      98.66     0.0474          4   3.378707     -0.171    -1.8000   27.76986  -88.73238    188.532    159.940  308.06191  308.75684 1.1856e-01 4.8418e+00   1011.483          1      95739     56.087     4.9251     4.9251     44.678   3989.083     1.7558     1.6606     4.9328     4.6129     0.0000     0.0000     1.7558          4  0.000e+00
      98.66     0.0474          4   3.378688      0.173    -1.8000   27.76986  -88.73238    188.532    159.940  308.06172  308.75662 1.1856e-01 4.8419e+00   1011.490          1      95740     56.117     4.9252     4.9253     44.708   3989.125     1.7558     1.6606     4.9328     4.6129     0.0000     0.0000     1.7558          4  0.000e+00
      98.68     0.0474          4   3.378688     -1.375    -1.8000   27.76986  -88.73238    188.531    159.768  308.06306  308.75801 1.1856e-01 4.8416e+00   1011.433          1      95741     56.088     4.9250     4.9253     44.680   3989.167     1.7558     1.6593     4.9341     4.6129     0.0000     0.0000     1.7558          4  0.000e+00
      98.68     0.0463          4   3.378688      1.377    -1.8000   27.76986  -88.73238    188.533    159.768  308.06406  308.75904 1.1856e-01 4.8414e+00   1011.490          1      95742     56.074     4.9248     4.9255     44.665   3989.208     1.7558     1.6593     4.9341     4.6142     0.0000     0.0000     1.7558          4  0.000e+00
      98.68     0.0463          4   3.378650     -1.547    -1.8000   27.76986  -88.73238    188.531    159.767  308.06406  308.75900 1.1856e-01 4.8416e+00   1011.426          1      95743     56.120     4.9250     4.9255     44.713   3989.250     1.7558     1.6593     4.9341     4.6142     0.0000     0.0000     1.7558          4  0.000e+00
      98.66     0.0463          4   3.378675      1.549    -1.8000   27.76986  -88.73238    188.718    159.940  308.06440  308.75937 1.1856e-01 4.8414e+00   1011.490          1      95744     56.085     4.9248     4.9253     44.676   3989.292     1.7570     1.6606     4.9328     4.6142     0.0000     0.0000     1.7570          4  0.000e+00
      98.68     0.0474          5   3.447734     -1.199    -1.8000   27.77122  -88.73106    161.044    136.449  301.79069  302.37171 1.1856e-01 5.7402e+00    809.342          1     103187     67.534     5.8107     5.8108     56.943   4299.417     1.6264     1.5409     4.9341     4.6129     0.0000     0.0000     1.6264          5  0.000e+00
      98.71     0.0463          5   3.447746      3.771    -1.8000   27.77122  -88.73106    161.047    136.451  301.78987  302.37087 1.1856e-01 5.7403e+00    809.499          1     103188     67.544     5.8108     5.8109     56.950   4299.458     1.6264     1.5409     4.9353     4.6142     0.0000     0.0000     1.6264          5  0.000e+00
      98.71     0.0474          5   3.447772     -1.370    -1.8000   27.77122  -88.73106    161.045    136.450  301.79005  302.37108 1.1856e-01 5.7402e+00    809.442          1     103189     67.503     5.8106     5.8108     56.910   4299.500     1.6264     1.5409     4.9353     4.6129     0.0000     0.0000     1.6264          5  0.000e+00
      98.71     0.0474          5   3.447740      1.372    -1.8000   27.77122  -88.73106    161.047    136.451  301.79003  302.37103 1.1856e-01 5.7403e+00    809.499          1     103190     67.549     5.8108     5.8109     56.956   4299.542     1.6264     1.5409     4.9353     4.6129     0.0000     0.0000     1.6264          5  0.000e+00
      98.68     0.0474          5   3.447766     -3.770    -1.8000   27.77122  -88.73106    161.043    136.448  301.78943  302.37045 1.1856e-01 5.7403e+00    809.342          1     103191     67.516     5.8108     5.8109     56.924   4299.583     1.6264     1.5409     4.9341     4.6129     0.0000     0.0000     1.6264          5  0.000e+00
      98.71     0.0474          5   3.447759      2.400    -1.8000   27.77122  -88.73106    161.045    136.450  301.78859  302.36957 1.1856e-01 5.7405e+00    809.442          1     103192     67.547     5.8110     5.8109     56.954   4299.625     1.6264     1.5409     4.9353     4.6129     0.0000     0.0000     1.6264          5  0.000e+00
      98.71     0.0474          5   3.447753      0.001    -1.8000   27.77122  -88.73106    161.045    136.450  301.78875  302.36973 1.1856e-01 5.7405e+00    809.442          1     103193     67.552     5.8110     5.8106     56.960   4299.667     1.6264     1.5409     4.9353     4.6129     0.0000     0.0000     1.6264          5  0.000e+00
      98.71     0.0463          5   3.447734      0.001    -1.8000   27.77122  -88.73106    161.045    136.450  301.78879  302.36975 1.1856e-01 5.7406e+00    809.442          1     103194     67.577     5.8111     5.8106     56.984   4299.708     1.6264     1.5409     4.9353     4.6142     0.0000     0.0000     1.6264          5  0.000e+00
      98.71     0.0463          5   3.447727      0.001    -1.8000   27.77122  -88.73106    161.046    136.450  301.79029  302.37129 1.1856e-01 5.7403e+00    809.442          1     103195     67.557     5.8108     5.8107     56.964   4299.750     1.6264     1.5409     4.9353     4.6142     0.0000     0.0000     1.6264          5  0.000e+00
      98.71     0.0463          5   3.447746      0.001    -1.8000   27.77122  -88.73106    161.045    136.450  301.78914  302.37012 1.1856e-01 5.7405e+00    809.443          1     103196     67.554     5.8110     5.8108     56.961   4299.792     1.6264     1.5409     4.9353     4.6142     0.0000     0.0000     1.6264          5  0.000e+00
      98.71     0.0484          5   3.447734      0.001    -1.8000   27.77122  -88.73106    161.045    136.450  301.78924  302.37021 1.1856e-01 5.7405e+00    809.443          1     103197     67.568     5.8110     5.8107     56.976   4299.833     1.6264     1.5409     4.9353     4.6117     0.0000     0.0000     1.6264          5  0.000e+00
      98.71     0.0474          5   3.447746      0.001    -1.8000   27.77122  -88.73106    161.045    136.450  301.78981  302.37081 1.1856e-01 5.7403e+00    809.443          1     103198     67.541     5.8108     5.8106     56.948   4299.875     1.6264     1.5409     4.9353     4.6129     0.0000     0.0000     1.6264          5  0.000e+00
      98.71     0.0474          5   3.447772      1.372    -1.8000   27.77122  -88.73106    161.046    136.452  301.78855  302.36954 1.1856e-01 5.7405e+00    809.500          1     103199     67.535     5.8110     5.8107     56.941   4299.917     1.6264     1.5409     4.9353     4.6129     0.0000     0.0000     1.6264          5  0.000e+00
      98.68     0.0474          5   3.447740     -1.370    -1.8000   27.77122  -88.73106    161.045    136.451  301.78908  302.37005 1.1856e-01 5.7405e+00    809.443          1     103200     67.563     5.8110     5.8106     56.970   4299.958     1.6264     1.5409     4.9341     4.6129     0.0000     0.0000     1.6264          5  0.000e+00
      98.71     0.0474          5   3.447791      1.372    -1.8000   27.77122  -88.73106    161.046    136.452  301.78896  302.36998 1.1856e-01 5.7403e+00    809.500          1     103201     67.502     5.8108     5.8105     56.908   4300.000     1.6264     1.5409     4.9353     4.6129     0.0000     0.0000     1.6264          5  0.000e+00
      98.71     0.0474          5   3.447746     -0.171    -1.8000   27.77122  -88.73106    161.222    136.451  301.79053  302.37155 1.1856e-01 5.7402e+00    809.493          1     103202     67.531     5.8107     5.8108     56.938   4300.042     1.6276     1.5409     4.9353     4.6129     0.0000     0.0000     1.6276          5  0.000e+00
      98.68     0.0474          5   3.447746      0.172    -1.8000   27.77122  -88.73106    161.046    136.451  301.78898  302.36995 1.1856e-01 5.7405e+00    809.500          1     103203     67.561     5.8110     5.8109     56.967   4300.083     1.6264     1.5409     4.9341     4.6129     0.0000     0.0000     1.6264          5  0.000e+00
      98.71     0.0474          5   3.447734      0.001    -1.8000   27.77122  -88.73106    161.047    136.451  301.79041  302.37142 1.1856e-01 5.7403e+00    809.500          1     103204     67.550     5.8108     5.8107     56.957   4300.125     1.6264     1.5409     4.9353     4.6129     0.0000     0.0000     1.6264          5  0.000e+00
      98.71     0.0474          5   3.447746      0.001    -1.8000   27.77122  -88.73106    161.047    136.451  301.79054  302.37156 1.1856e-01 5.7402e+00    809.500          1     103205     67.531     5.8107     5.8108     56.938   4300.167     1.6264     1.5409     4.9353     4.6129     0.0000     0.0000     1.6264          5  0.000e+00
      98.71     0.0474          5   3.447734      0.001    -1.8000   27.77122  -88.73106    161.046    136.451  301.78952  302.37050 1.1856e-01 5.7405e+00    809.500          1     103206     67.567     5.8110     5.8107     56.974   4300.208     1.6264     1.5409     4.9353     4.6129     0.0000     0.0000     1.6264          5  0.000e+00
      98.68     0.0474          5   3.447746      0.001    -1.8000   27.77122  -88.73106    161.046    136.451  301.78898  302.36995 1.1856e-01 5.7405e+00    809.500          1     103207     67.561     5.8110     5.8109     56.967   4300.250     1.6264     1.5409     4.9341     4.6129     0.0000     0.0000     1.6264          5  0.000e+00
      98.71     0.0474          5   3.447772     -0.171    -1.8000   27.77122  -88.73106    161.046    136.451  301.78921  302.37022 1.1856e-01 5.7403e+00    809.493          1     103208     67.522     5.8108     5.8107     56.928   4300.292     1.6264     1.5409     4.9353     4.6129     0.0000     0.0000     1.6264          5  0.000e+00
      98.71     0.0463          5   3.447759      0.172    -1.8000   27.77122  -88.73106    161.046    136.451  301.78821  302.36917 1.1856e-01 5.7406e+00    809.500          1     103209     67.558     5.8111     5.8108     56.965   4300.333     1.6264     1.5409     4.9353     4.6142     0.0000     0.0000     1.6264          5  0.000e+00
      98.71     0.0463          5   3.447753      0.001    -1.8000   27.77122  -88.73106    161.046    136.614  301.78971  302.37071 1.1856e-01 5.7403e+00    809.500          1     103210     67.538     5.8108     5.8107     56.945   4300.375     1.6264     1.5421     4.9353     4.6142     0.0000     0.0000     1.6264          5  0.000e+00
      98.71     0.0474          5   3.447772      1.201    -1.8000   27.77122  -88.73106    161.047    136.614  301.78861  302.36959 1.1856e-01 5.7405e+00    809.550          1     103211     67.537     5.8110     5.8106     56.943   4300.417     1.6264     1.5421     4.9353     4.6129     0.0000     0.0000     1.6264          5  0.000e+00
      98.71     0.0474          5   3.447740     -1.199    -1.8000   27.77122  -88.73106    161.047    136.451  301.79003  302.37103 1.1856e-01 5.7403e+00    809.500          1     103212     67.549     5.8108     5.8110     56.956   4300.458     1.6264     1.5409     4.9353     4.6129     0.0000     0.0000     1.6264          5  0.000e+00
      98.71     0.0474          5   3.447746      1.201    -1.8000   27.77122  -88.73106    161.048    136.452  301.79059  302.37161 1.1856e-01 5.7402e+00    809.550          1     103213     67.534     5.8107     5.8108     56.940   4300.500     1.6264     1.5409     4.9353     4.6129     0.0000     0.0000     1.6264          5  0.000e+00
      98.71     0.0474          5   3.447734      0.001    -1.8000   27.77122  -88.73106    161.048    136.453  301.79114  302.37216 1.1856e-01 5.7401e+00    809.550          1     103214     67.540     5.8106     5.8103     56.946   4300.542     1.6264     1.5409     4.9353     4.6129     0.0000     0.0000     1.6264          5  0.000e+00
      98.71     0.0474          5   3.447727     -1.370    -1.8000   27.77122  -88.73106    161.047    136.451  301.79035  302.37134 1.1856e-01 5.7403e+00    809.493          1     103215     67.559     5.8108     5.8109     56.966   4300.583     1.6264     1.5409     4.9353     4.6129     0.0000     0.0000     1.6264          5  0.000e+00
      98.71     0.0474          5   3.447727      1.372    -1.8000   27.77122  -88.73106    161.047    136.452  301.78974  302.37071 1.1856e-01 5.7405e+00    809.550          1     103216     67.575     5.8110     5.8106     56.981   4300.625     1.6264     1.5409     4.9353     4.6129     0.0000     0.0000     1.6264          5  0.000e+00
      98.71     0.0474          5   3.447746     -1.199    -1.8000   27.77122  -88.73106    161.047    136.613  301.78987  302.37087 1.1856e-01 5.7403e+00    809.500          1     103217     67.544     5.8108     5.8107     56.950   4300.667     1.6264     1.5421     4.9353     4.6129     0.0000     0.0000     1.6264          5  0.000e+00
      98.71     0.0474          5   3.447772      1.201    -1.8000   27.77122  -88.73106    161.047    136.452  301.78839  302.36936 1.1856e-01 5.7405e+00    809.550          1     103218     67.542     5.8110     5.8106     56.947   4300.708     1.6264     1.5409     4.9353     4.6129     0.0000     0.0000     1.6264          5  0.000e+00
      98.71     0.0474          5   3.447740     -1.199    -1.8000   27.77122  -88.73106    161.046    136.614  301.78870  302.36965 1.1856e-01 5.7406e+00    809.500          1     103219     67.574     5.8111     5.8107     56.981   4300.750     1.6264     1.5421     4.9353     4.6129     0.0000     0.0000     1.6264          5  0.000e+00
      98.71     0.0474          5   3.447746      0.001    -1.8000   27.77122  -88.73106    161.046    136.451  301.78898  302.36995 1.1856e-01 5.7405e+00    809.501          1     103220     67.561     5.8110     5.8106     56.967   4300.792     1.6264     1.5409     4.9353     4.6129     0.0000     0.0000     1.6264          5  0.000e+00
      98.68     0.0474          5   3.447772      1.029    -1.8000   27.77122  -88.73106    161.047    136.453  301.78860  302.36959 1.1856e-01 5.7405e+00    809.543          1     103221     67.537     5.8110     5.8105     56.943   4300.833     1.6264     1.5409     4.9341     4.6129     0.0000     0.0000     1.6264          5  0.000e+00
      98.68     0.0474          5   3.447759      0.172    -1.8000   27.77122  -88.73106    161.047    136.452  301.78804  302.36900 1.1856e-01 5.7407e+00    809.551          1     103222     67.565     5.8111     5.8108     56.971   4300.875     1.6264     1.5409     4.9341     4.6129     0.0000     0.0000     1.6264          5  0.000e+00
      98.68     0.0474          5   3.447772      0.001    -1.8000   27.77122  -88.73106    161.047    136.614  301.78928  302.37028 1.1856e-01 5.7403e+00    809.551          1     103223     67.525     5.8108     5.8109     56.931   4300.917     1.6264     1.5421     4.9341     4.6129     0.0000     0.0000     1.6264          5  0.000e+00
