tests/data/CTD/g01l02s03.ros
* Sea-Bird SBE 9 Data File:
* FileName = D:\CTD DATA\2013\PE13-01 DiMarco\G01L02S03.hex
* Software Version Seasave V 7.21g
* Temperature SN = 4515
* Conductivity SN = 3079
* Number of Bytes Per Scan = 40
* Number of Voltage Words = 5
* Number of Scans Averaged by the Deck Unit = 1
* NMEA Latitude = 28 15.05 N
* NMEA Longitude = 089 00.00 W
* NMEA UTC (Time) = Jul 08 2012  10:06:00
* NMEA baud rate = 4800
# nquan = 31
# nvalues = 588                                   
# units = specified
# name 0 = altM: Altimeter [m]
# name 1 = bat: Beam Attenuation, Chelsea/Seatech [1/m]
# name 2 = bpos: Bottle Position in Carousel
# name 3 = c0S/m: Conductivity [S/m]
# name 4 = dz/dtM: Descent Rate [m/s]
# name 5 = wetCDOM: Fluorescence, WET Labs CDOM [mg/m^3]
# name 6 = latitude: Latitude [deg]
# name 7 = longitude: Longitude [deg]
# name 8 = sbeox0Mm/Kg: Oxygen, SBE 43 [umol/kg]
# name 9 = sbeox1Mm/Kg: Oxygen, SBE 43, 2 [umol/kg]
# name 10 = oxsolMm/Kg: Oxygen Saturation, Garcia & Gordon [umol/kg]
# name 11 = oxsatMm/Kg: Oxygen Saturation, Weiss [umol/kg]
# name 12 = par: PAR/Irradiance, Biospherical/Licor
# name 13 = pla: Plume Anomaly
# name 14 = prDM: Pressure, Digiquartz [db]
# name 15 = pumps: Pump Status
# name 16 = scan: Scan Count
# name 17 = sva: Specific Volume Anomaly [10^-8 * m^3/kg]
# name 18 = t090C: Temperature [ITS-90, deg C]
# name 19 = t190C: Temperature, 2 [ITS-90, deg C]
# name 20 = tsa: Thermosteric Anomaly [10^-8 * m^3/kg]
# name 21 = timeS: Time, Elapsed [seconds]
# name 22 = v0: Voltage 0
# name 23 = v1: Voltage 1
# name 24 = v2: Voltage 2
# name 25 = v3: Voltage 3
# name 26 = v4: Voltage 4
# name 27 = v5: Voltage 5
# name 28 = sbeox0V: Oxygen raw, SBE 43 [V]
# name 29 = nbf: Bottles Fired
# name 30 = flag:  0.000e+00
# interval = seconds: 0.0416667
# start_time = Jul 08 2012 10:06:00 [NMEA time, header]
# bad_flag = -9.990e-29
*END*
[from data line 141]
      98.68     0.0569          3   3.418408      0.688     3.4808   28.26148  -89.00426    171.860    145.689  304.46250  305.09140 1.3784e-01 5.3523e+00    908.969          1      66620     62.867     5.4298     5.4297     51.673   2775.792     1.6752     1.5861     4.9341     4.6020     0.0647     0.2112     1.6752          3  0.000e+00
      98.68     0.0569          3   3.418395     -1.888     3.4808   28.26148  -89.00426    171.857    145.688  304.46183  305.09070 1.3823e-01 5.3525e+00    908.890          1      66621     62.890     5.4300     5.4296     51.698   2775.833     1.6752     1.5861     4.9341     4.6020     0.0659     0.2112     1.6752          3  0.000e+00
      98.68     0.0569          3   3.418433      1.203     3.4808   28.26148  -89.00426    171.859    145.688  304.46181  305.09072 1.3784e-01 5.3523e+00    908.941          1      66622     62.844     5.4298     5.4297     51.650   2775.875     1.6752     1.5861     4.9341     4.6020     0.0647     0.2112     1.6752          3  0.000e+00
      98.68     0.0569          3   3.418427     -0.514     3.4808   28.26148  -89.00426    171.858    145.522  304.46195  305.09086 1.3784e-01 5.3523e+00    908.919          1      66623     62.848     5.4298     5.4296     51.654   2775.917     1.6752     1.5849     4.9341     4.6020     0.0647     0.2112     1.6752          3  0.000e+00
      98.68     0.0569          3   3.418420     -0.686     3.4808   28.26148  -89.00426    172.036    145.687  304.46117  305.09005 1.3823e-01 5.3525e+00    908.891          1      66624     62.869     5.4300     5.4296     51.676   2775.958     1.6764     1.5861     4.9341     4.6020     0.0659     0.2112     1.6764          3  0.000e+00
      98.68     0.0569          3   3.418420      0.687     3.4808   28.26148  -89.00426    171.858    145.688  304.46211  305.09102 1.3784e-01 5.3524e+00    908.919          1      66625     62.853     5.4298     5.4297     51.660   2776.000     1.6752     1.5861     4.9341     4.6020     0.0647     0.2112     1.6752          3  0.000e+00
      98.71     0.0379          4   3.465533      1.200     3.3587   28.26240  -89.00448    156.338    132.641  300.39537  300.95183 1.3551e-01 5.9401e+00    806.063          1      72159     70.516     6.0114     6.0113     59.647   3006.583     1.5995     1.5177     4.9353     4.6239     0.0574     0.2063     1.5995          4  0.000e+00
      98.71     0.0379          4   3.465578     -2.570     3.3587   28.26240  -89.00448    156.335    132.640  300.39369  300.95015 1.3590e-01 5.9402e+00    805.956          1      72160     70.482     6.0115     6.0112     59.614   3006.625     1.5995     1.5177     4.9353     4.6239     0.0586     0.2063     1.5995          4  0.000e+00
      98.71     0.0379          4   3.465578      1.372     3.3587   28.26240  -89.00448    156.162    132.641  300.39353  300.94998 1.3590e-01 5.9403e+00    806.013          1      72161     70.489     6.0116     6.0111     59.620   3006.667     1.5983     1.5177     4.9353     4.6239     0.0586     0.2063     1.5983          4  0.000e+00
      98.71     0.0379          4   3.465552      0.001     3.3587   28.26240  -89.00448    156.337    132.641  300.39484  300.95130 1.3590e-01 5.9401e+00    806.013          1      72162     70.498     6.0114     6.0112     59.629   3006.708     1.5995     1.5177     4.9353     4.6239     0.0586     0.2063     1.5995          4  0.000e+00
      98.68     0.0389          4   3.465565      0.001     3.3282   28.26240  -89.00448    156.336    132.642  300.39386  300.95030 1.3590e-01 5.9403e+00    806.013          1      72163     70.500     6.0116     6.0110     59.631   3006.750     1.5995     1.5177     4.9341     4.6227     0.0586     0.2051     1.5995          4  0.000e+00
      98.68     0.0389          4   3.465533      1.200     3.3587   28.26240  -89.00448    156.338    132.481  300.39581  300.95228 1.3551e-01 5.9400e+00    806.063          1      72164     70.508     6.0113     6.0112     59.639   3006.792     1.5995     1.5165     4.9341     4.6227     0.0574     0.2063     1.5995          4  0.000e+00
      98.71     0.0389          4   3.465533     -2.570     3.3282   28.26240  -89.00448    156.336    132.640  300.39526  300.95171 1.3590e-01 5.9401e+00    805.956          1      72165     70.511     6.0114     6.0112     59.643   3006.833     1.5995     1.5177     4.9353     4.6227     0.0586     0.2051     1.5995          4  0.000e+00
      98.71     0.0389          4   3.465559      2.571     3.3587   28.26240  -89.00448    156.338    132.642  300.39473  300.95119 1.3551e-01 5.9401e+00    806.063          1      72166     70.495     6.0114     6.0112     59.625   3006.875     1.5995     1.5177     4.9353     4.6227     0.0574     0.2063     1.5995          4  0.000e+00
      98.71     0.0379          4   3.465552     -1.199     3.3587   28.26240  -89.00448    156.337    132.641  300.39594  300.95243 1.3590e-01 5.9399e+00    806.013          1      72167     70.477     6.0112     6.0110     59.608   3006.917     1.5995     1.5177     4.9353     4.6239     0.0586     0.2063     1.5995          4  0.000e+00
      98.71     0.0389          4   3.465565      0.001     3.3587   28.26240  -89.00448    156.338    132.641  300.39606  300.95257 1.3590e-01 5.9398e+00    806.013          1      72168     70.458     6.0111     6.0112     59.589   3006.958     1.5995     1.5177     4.9353     4.6227     0.0586     0.2063     1.5995          4  0.000e+00
      98.71     0.0379          4   3.465507      0.001     3.3587   28.26240  -89.00448    156.512    132.641  300.39684  300.95332 1.3590e-01 5.9399e+00    806.013          1      72169     70.519     6.0112     6.0110     59.650   3007.000     1.6007     1.5177     4.9353     4.6239     0.0586     0.2063     1.6007          4  0.000e+00
      98.71     0.0389          4   3.465527      0.001     3.3282   28.26240  -89.00448    156.338    132.641  300.39746  300.95398 1.3590e-01 5.9397e+00    806.013          1      72170     70.482     6.0110     6.0113     59.613   3007.042     1.5995     1.5177     4.9353     4.6227     0.0586     0.2051     1.5995          4  0.000e+00
      98.68     0.0389          4   3.465546      0.001     3.3587   28.26240  -89.00448    156.337    132.641  300.39588  300.95237 1.3551e-01 5.9399e+00    806.013          1      72171     70.487     6.0112     6.0112     59.618   3007.083     1.5995     1.5177     4.9341     4.6227     0.0574     0.2063     1.5995          4  0.000e+00
      98.68     0.0389          4   3.465565      1.029     3.3587   28.26240  -89.00448    156.164    132.480  300.39610  300.95262 1.3551e-01 5.9398e+00    806.056          1      72172     70.460     6.0111     6.0110     59.591   3007.125     1.5983     1.5165     4.9341     4.6227     0.0574     0.2063     1.5983          4  0.000e+00
      98.71     0.0389          4   3.465572     -1.028     3.3587   28.26240  -89.00448    156.337    132.479  300.39524  300.95173 1.3551e-01 5.9399e+00    806.013          1      72173     70.465     6.0112     6.0113     59.596   3007.167     1.5995     1.5165     4.9353     4.6227     0.0574     0.2063     1.5995          4  0.000e+00
      98.71     0.0389          4   3.465552      0.001     3.3587   28.26240  -89.00448    156.337    132.480  300.39594  300.95243 1.3590e-01 5.9399e+00    806.013          1      72174     70.477     6.0112     6.0112     59.608   3007.208     1.5995     1.5165     4.9353     4.6227     0.0586     0.2063     1.5995          4  0.000e+00
      98.71     0.0389          4   3.465514      0.001     3.3587   28.26240  -89.00448    156.338    132.479  300.39668  300.95316 1.3590e-01 5.9399e+00    806.013          1      72175     70.513     6.0112     6.0113     59.645   3007.250     1.5995     1.5165     4.9353     4.6227     0.0586     0.2063     1.5995          4  0.000e+00
      98.68     0.0400          4   3.465539      0.001     3.3587   28.26240  -89.00448    156.338    132.480  300.39604  300.95252 1.3590e-01 5.9399e+00    806.013          1      72176     70.492     6.0112     6.0111     59.623   3007.292     1.5995     1.5165     4.9341     4.6215     0.0586     0.2063     1.5995          4  0.000e+00
      98.71     0.0389          4   3.465539      0.001     3.3587   28.26240  -89.00448    156.338    132.478  300.39626  300.95275 1.3551e-01 5.9399e+00    806.013          1      72177     70.488     6.0112     6.0115     59.619   3007.333     1.5995     1.5165     4.9353     4.6227     0.0574     0.2063     1.5995          4  0.000e+00
      98.71     0.0389          4   3.465546      0.001     3.3282   28.26240  -89.00448    156.337    132.479  300.39500  300.95146 1.3590e-01 5.9401e+00    806.013          1      72178     70.503     6.0114     6.0113     59.634   3007.375     1.5995     1.5165     4.9353     4.6227     0.0586     0.2051     1.5995          4  0.000e+00
      98.71     0.0389          4   3.465494      0.001     3.3282   28.26240  -89.00448    156.338    132.479  300.39716  300.95363 1.3551e-01 5.9399e+00    806.013          1      72179     70.529     6.0112     6.0115     59.661   3007.417     1.5995     1.5165     4.9353     4.6227     0.0574     0.2051     1.5995          4  0.000e+00
      98.68     0.0389          4   3.465546      0.001     3.3587   28.26240  -89.00448    156.337    132.479  300.39588  300.95237 1.3784e-01 5.9399e+00    806.013          1      72180     70.487     6.0112     6.0113     59.618   3007.458     1.5995     1.5165     4.9341     4.6227     0.0647     0.2063     1.5995          4  0.000e+00
      98.71     0.0389          4   3.465533      0.001     3.3587   28.26240  -89.00448    156.337    132.479  300.39576  300.95223 1.4021e-01 5.9400e+00    806.013          1      72181     70.506     6.0113     6.0115     59.637   3007.500     1.5995     1.5165     4.9353     4.6227     0.0720     0.2063     1.5995          4  0.000e+00
      98.68     0.0400          4   3.465507     -1.370     3.3587   28.26240  -89.00448    156.162    132.639  300.39678  300.95326 1.4021e-01 5.9399e+00    805.956          1      72182     70.516     6.0112     6.0113     59.648   3007.542     1.5983     1.5177     4.9341     4.6215     0.0720     0.2063     1.5983          4  0.000e+00
      98.68     0.0400          4   3.465514      1.372     3.3282   28.26240  -89.00448    155.988    132.479  300.39580  300.95225 1.3863e-01 5.9401e+00    806.013          1      72183     70.530     6.0114     6.0115     59.661   3007.583     1.5971     1.5165     4.9341     4.6215     0.0672     0.2051     1.5971          4  0.000e+00
      98.71     0.0389          4   3.465507      0.001     3.2366   28.26240  -89.00448    156.163    132.639  300.39552  300.95196 1.3590e-01 5.9402e+00    806.013          1      72184     70.544     6.0115     6.0116     59.675   3007.625     1.5983     1.5177     4.9353     4.6227     0.0586     0.2015     1.5983          4  0.000e+00
      98.71     0.0389          4   3.465539     -1.370     3.2061   28.26240  -89.00448    156.336    132.639  300.39510  300.95156 1.3551e-01 5.9401e+00    805.956          1      72185     70.506     6.0114     6.0115     59.638   3007.667     1.5995     1.5177     4.9353     4.6227     0.0574     0.2002     1.5995          4  0.000e+00
      98.71     0.0389          4   3.465539      0.001     3.2061   28.26240  -89.00448    156.336    132.639  300.39598  300.95246 1.3551e-01 5.9399e+00    805.956          1      72186     70.489     6.0112     6.0115     59.621   3007.708     1.5995     1.5177     4.9353     4.6227     0.0574     0.2002     1.5995          4  0.000e+00
      98.68     0.0389          4   3.465559      1.372     3.2061   28.26240  -89.00448    156.162    132.640  300.39424  300.95069 1.3590e-01 5.9402e+00    806.014          1      72187     70.501     6.0115     6.0116     59.632   3007.750     1.5983     1.5177     4.9341     4.6227     0.0586     0.2002     1.5983          4  0.000e+00
      98.68     0.0389          4   3.465552     -1.370     3.2061   28.26242  -89.00448    156.161    132.640  300.39478  300.95124 1.3590e-01 5.9401e+00    805.956          1      72188     70.495     6.0114     6.0113     59.627   3007.792     1.5983     1.5177     4.9341     4.6227     0.0586     0.2002     1.5983          4  0.000e+00
      98.68     0.0400          4   3.465565      0.001     3.1756   28.26242  -89.00448    156.161    132.640  300.39380  300.95024 1.3590e-01 5.9403e+00    805.956          1      72189     70.497     6.0116     6.0113     59.629   3007.833     1.5983     1.5177     4.9341     4.6215     0.0586     0.1990     1.5983          4  0.000e+00
      98.71     0.0389          4   3.465552      0.001     3.2061   28.26242  -89.00448    156.336    132.640  300.39478  300.95124 1.3551e-01 5.9401e+00    805.957          1      72190     70.495     6.0114     6.0113     59.627   3007.875     1.5995     1.5177     4.9353     4.6227     0.0574     0.2002     1.5995          4  0.000e+00
      98.68     0.0400          4   3.465539      0.001     3.2061   28.26242  -89.00448    156.336    132.478  300.39554  300.95201 1.3590e-01 5.9400e+00    805.957          1      72191     70.498     6.0113     6.0113     59.629   3007.917     1.5995     1.5165     4.9341     4.6215     0.0586     0.2002     1.5995          4  0.000e+00
      98.71     0.0389          4   3.465520     -1.199     3.2061   28.26242  -89.00448    156.336    132.478  300.39707  300.95357 1.3551e-01 5.9398e+00    805.907          1      72192     70.490     6.0111     6.0113     59.623   3007.958     1.5995     1.5165     4.9353     4.6227     0.0574     0.2002     1.5995          4  0.000e+00
      98.71     0.0400          4   3.465533      2.571     3.2061   28.26242  -89.00448    156.338    132.480  300.39620  300.95268 1.3590e-01 5.9399e+00    806.014          1      72193     70.497     6.0112     6.0112     59.629   3008.000     1.5995     1.5165     4.9353     4.6215     0.0586     0.2002     1.5995          4  0.000e+00
      98.71     0.0389          4   3.465514     -2.570     3.2061   28.26242  -89.00448    156.336    132.478  300.39679  300.95327 1.3590e-01 5.9399e+00    805.907          1      72194     70.504     6.0112     6.0110     59.637   3008.042     1.5995     1.5165     4.9353     4.6227     0.0586     0.2002     1.5995          4  0.000e+00
      98.68     0.0389          4   3.465488      1.200     3.2061   28.26242  -89.00448    156.512    132.479  300.39726  300.95373 1.3590e-01 5.9399e+00    805.957          1      72195     70.532     6.0112     6.0113     59.664   3008.083     1.6007     1.5165     4.9341     4.6227     0.0586     0.2002     1.6007          4  0.000e+00
      98.71     0.0379          4   3.465501     -1.199     3.2061   28.26242  -89.00448    156.684    132.478  300.39601  300.95245 1.3551e-01 5.9401e+00    805.907          1      72196     70.535     6.0114     6.0110     59.668   3008.125     1.6020     1.5165     4.9353     4.6239     0.0574     0.2002     1.6020          4  0.000e+00
      98.71     0.0389          4   3.465565      0.001     3.2061   28.26242  -89.00448    156.335    132.478  300.39484  300.95132 1.3551e-01 5.9400e+00    805.907          1      72197     70.474     6.0113     6.0112     59.606   3008.167     1.5995     1.5165     4.9353     4.6227     0.0574     0.2002     1.5995          4  0.000e+00
      98.71     0.0389          4   3.465527      1.201     3.2061   28.26242  -89.00448    156.337    132.479  300.39630  300.95278 1.3590e-01 5.9399e+00    805.957          1      72198     70.500     6.0112     6.0112     59.632   3008.208     1.5995     1.5165     4.9353     4.6227     0.0586     0.2002     1.5995          4  0.000e+00
