tests/data/CTD/g01l03s01m-m2.ros
* Sea-Bird SBE 9 Data File:
* FileName = D:\CTD DATA\2013\PE13-01 DiMarco\G01L03S01M-M2.hex
* Software Version Seasave V 7.21g
* Temperature SN = 4515
* Conductivity SN = 3079
* Number of Bytes Per Scan = 40
* Number of Voltage Words = 5
* Number of Scans Averaged by the Deck Unit = 1
* NMEA Latitude = 28 44.57 N
* NMEA Longitude = 088 44.45 W
* NMEA UTC (Time) = Jul 05 2012  22:15:57
* NMEA baud rate = 4800
# nquan = 31
# nvalues = 588                                   
# units = specified
# name 0 = altM: Altimeter [m]
# name 1 = bat: Beam Attenuation, Chelsea/Seatech [1/m]
# name 2 = bpos: Bottle Position in Carousel
# name 3 = c0S/m: Conductivity [S/m]
# name 4 = dz/dtM: Descent Rate [m/s]
# name 5 = wetCDOM: Fluorescence, WET Labs CDOM [mg/m^3]
# name 6 = latitude: Latitude [deg]
# name 7 = longitude: Longitude [deg]
# name 8 = sbeox0Mm/Kg: Oxygen, SBE 43 [umol/kg]
# name 9 = sbeox1Mm/Kg: Oxygen, SBE 43, 2 [umol/kg]
# name 10 = oxsolMm/Kg: Oxygen Saturation, Garcia & Gordon [umol/kg]
# name 11 = oxsatMm/Kg: Oxygen Saturation, Weiss [umol/kg]
# name 12 = par: PAR/Irradiance, Biospherical/Licor
# name 13 = pla: Plume Anomaly
# name 14 = prDM: Pressure, Digiquartz [db]
# name 15 = pumps: Pump Status
# name 16 = scan: Scan Count
# name 17 = sva: Specific Volume Anomaly [10^-8 * m^3/kg]
# name 18 = t090C: Temperature [ITS-90, deg C]
# name 19 = t190C: Temperature, 2 [ITS-90, deg C]
# name 20 = tsa: Thermosteric Anomaly [10^-8 * m^3/kg]
# name 21 = timeS: Time, Elapsed [seconds]
# name 22 = v0: Voltage 0
# name 23 = v1: Voltage 1
# name 24 = v2: Voltage 2
# name 25 = v3: Voltage 3
# name 26 = v4: Voltage 4
# name 27 = v5: Voltage 5
# name 28 = sbeox0V: Oxygen raw, SBE 43 [V]
# name 29 = nbf: Bottles Fired
# name 30 = flag:  0.000e+00
# interval = seconds: 0.0416667
# start_time = Jul 05 2012 22:15:57 [NMEA time, header]
# bad_flag = -9.990e-29
*END*
[from data line 375]
      98.71     0.0357          8   4.089722     -0.169     3.3587   28.72814  -88.72798    127.237    108.786  261.00285  260.98066 1.2268e-01 1.2202e+01    302.932          1     109035    117.865    12.2398    12.2422    110.309   4543.083     1.6056     1.5299     4.9353     4.6264     0.0147     0.2063     1.6056          8  0.000e+00
      98.68     0.0357          8   4.089585      0.001     3.3587   28.72814  -88.72798    127.241    108.785  261.01074  260.98866 1.2268e-01 1.2201e+01    302.932          1     109036    117.830    12.2383    12.2428    110.275   4543.125     1.6056     1.5299     4.9341     4.6264     0.0147     0.2063     1.6056          8  0.000e+00
      98.71     0.0347          8   4.089715      0.170     3.3893   28.72814  -88.72798    127.380    108.786  261.00655  260.98444 1.2268e-01 1.2201e+01    302.940          1     109037    117.783    12.2388    12.2429    110.227   4543.167     1.6068     1.5299     4.9353     4.6276     0.0147     0.2076     1.6068          8  0.000e+00
      98.68     0.0357          8   4.089962     -0.169     3.4198   28.72814  -88.72798    127.233    108.788  260.99421  260.97194 1.2268e-01 1.2203e+01    302.932          1     109038    117.800    12.2410    12.2419    110.243   4543.208     1.6056     1.5299     4.9341     4.6264     0.0147     0.2088     1.6056          8  0.000e+00
      98.68     0.0357          8   4.089969      0.170     3.4503   28.72814  -88.72798    127.373    108.789  260.99176  260.96944 1.2268e-01 1.2204e+01    302.940          1     109039    117.852    12.2416    12.2415    110.295   4543.250     1.6068     1.5299     4.9341     4.6264     0.0147     0.2100     1.6068          8  0.000e+00
      98.71     0.0357          8   4.089866      1.189     3.4503   28.72814  -88.72798    127.376    108.788  260.99659  260.97432 1.2268e-01 1.2203e+01    302.989          1     109040    117.856    12.2408    12.2418    110.298   4543.292     1.6068     1.5299     4.9353     4.6264     0.0147     0.2100     1.6068          8  0.000e+00
      98.71     0.0357          8   4.089818     -1.188     3.4503   28.72814  -88.72798    127.235    108.787  260.99927  260.97705 1.2303e-01 1.2203e+01    302.940          1     109041    117.842    12.2403    12.2422    110.286   4543.333     1.6056     1.5299     4.9353     4.6264     0.0159     0.2100     1.6056          8  0.000e+00
      98.71     0.0357          8   4.089859     -0.169     3.4503   28.72814  -88.72798    127.375    108.787  260.99729  260.97504 1.2268e-01 1.2203e+01    302.933          1     109042    117.843    12.2407    12.2423    110.286   4543.375     1.6068     1.5299     4.9353     4.6264     0.0147     0.2100     1.6068          8  0.000e+00
      98.71     0.0347          8   4.089928      0.170     3.4503   28.72814  -88.72798    127.375    108.788  260.99653  260.97430 1.2268e-01 1.2203e+01    302.940          1     109043    117.783    12.2405    12.2419    110.226   4543.417     1.6068     1.5299     4.9353     4.6276     0.0147     0.2100     1.6068          8  0.000e+00
      98.71     0.0347          8   4.090051     -1.357     3.4503   28.72814  -88.72798    127.369    108.789  260.98713  260.96475 1.2268e-01 1.2205e+01    302.883          1     109044    117.866    12.2425    12.2411    110.310   4543.458     1.6068     1.5299     4.9353     4.6276     0.0147     0.2100     1.6068          8  0.000e+00
      98.68     0.0357          8   4.090045      1.189     3.4503   28.72814  -88.72798    127.229    108.791  260.98792  260.96555 1.2268e-01 1.2205e+01    302.933          1     109045    117.858    12.2423    12.2403    110.301   4543.500     1.6056     1.5299     4.9341     4.6264     0.0147     0.2100     1.6056          8  0.000e+00
      98.68     0.0357          8   4.090024      1.528     3.4503   28.72814  -88.72798    127.232    108.784  260.99020  260.96787 1.2268e-01 1.2204e+01    302.996          1     109046    117.831    12.2418    12.2429    110.272   4543.542     1.6056     1.5299     4.9341     4.6264     0.0147     0.2100     1.6056          8  0.000e+00
      98.71     0.0347          8   4.090072     -1.527     3.4503   28.72814  -88.72798    127.229    108.776  260.98742  260.96506 1.2268e-01 1.2205e+01    302.933          1     109047    117.839    12.2423    12.2468    110.281   4543.583     1.6056     1.5299     4.9353     4.6276     0.0147     0.2100     1.6056          8  0.000e+00
      98.71     0.0357          8   4.090038     -1.018     3.4503   28.72814  -88.72798    127.229    108.783  260.98863  260.96627 1.2268e-01 1.2205e+01    302.890          1     109048    117.846    12.2421    12.2440    110.289   4543.625     1.6056     1.5299     4.9353     4.6264     0.0147     0.2100     1.6056          8  0.000e+00
      98.71     0.0357          8   4.090079      1.019     3.4503   28.72814  -88.72798    127.229    108.788  260.98792  260.96558 1.2268e-01 1.2205e+01    302.933          1     109049    117.819    12.2421    12.2421    110.261   4543.667     1.6056     1.5299     4.9353     4.6264     0.0147     0.2100     1.6056          8  0.000e+00
      98.71     0.0357          8   4.090147      1.528     3.4503   28.72814  -88.72798    127.369    108.792  260.98302  260.96059 1.2268e-01 1.2206e+01    302.996          1     109050    117.864    12.2432    12.2405    110.305   4543.708     1.6068     1.5299     4.9353     4.6264     0.0147     0.2100     1.6068          8  0.000e+00
      98.71     0.0357          8   4.090134     -1.527     3.4503   28.72814  -88.72798    127.368    108.791  260.98321  260.96078 1.2268e-01 1.2206e+01    302.933          1     109051    117.870    12.2432    12.2401    110.313   4543.750     1.6068     1.5299     4.9353     4.6264     0.0147     0.2100     1.6068          8  0.000e+00
      98.66     0.0357          9   4.490048     -1.355     3.3893   28.72718  -88.72738    144.184    123.670  242.60824  242.37448 1.2268e-01 1.5674e+01    201.770          1     115378    144.479    15.7017    15.7026    138.411   4807.375     1.8657     1.7705     4.9328     4.6264     0.0147     0.2076     1.8657          9  0.000e+00
      98.63     0.0357          9   4.490040      0.340     3.3893   28.72718  -88.72738    144.184    123.790  242.60746  242.37368 1.2268e-01 1.5674e+01    201.784          1     115379    144.509    15.7020    15.7024    138.442   4807.417     1.8657     1.7717     4.9316     4.6264     0.0147     0.2076     1.8657          9  0.000e+00
      98.63     0.0357          9   4.490069      1.017     3.3893   28.72718  -88.72738    144.185    123.791  242.60680  242.37302 1.2233e-01 1.5674e+01    201.826          1     115380    144.500    15.7021    15.7026    138.431   4807.458     1.8657     1.7717     4.9316     4.6264     0.0134     0.2076     1.8657          9  0.000e+00
      98.66     0.0357          9   4.490105     -1.355     3.3893   28.72718  -88.72738    144.183    123.790  242.60597  242.37219 1.2233e-01 1.5674e+01    201.770          1     115381    144.481    15.7022    15.7024    138.413   4807.500     1.8657     1.7717     4.9328     4.6264     0.0134     0.2076     1.8657          9  0.000e+00
      98.66     0.0357          9   4.490090      1.356     3.3893   28.72718  -88.72738    144.184    123.791  242.60648  242.37270 1.2233e-01 1.5674e+01    201.826          1     115382    144.486    15.7021    15.7026    138.417   4807.542     1.8657     1.7717     4.9328     4.6264     0.0134     0.2076     1.8657          9  0.000e+00
      98.63     0.0357          9   4.490019     -2.540     3.3893   28.72718  -88.72738    144.054    123.789  242.60748  242.37369 1.2268e-01 1.5674e+01    201.721          1     115383    144.527    15.7021    15.7026    138.461   4807.583     1.8645     1.7717     4.9316     4.6264     0.0147     0.2076     1.8645          9  0.000e+00
      98.66     0.0357          9   4.490005      2.881     3.3893   28.72718  -88.72738    144.186    123.791  242.60855  242.37477 1.2268e-01 1.5674e+01    201.841          1     115384    144.522    15.7019    15.7023    138.452   4807.625     1.8657     1.7717     4.9328     4.6264     0.0147     0.2076     1.8657          9  0.000e+00
      98.63     0.0357          9   4.490005     -1.693     3.3893   28.72718  -88.72738    144.184    123.790  242.60824  242.37447 1.2268e-01 1.5674e+01    201.770          1     115385    144.525    15.7019    15.7024    138.458   4807.667     1.8657     1.7717     4.9316     4.6264     0.0147     0.2076     1.8657          9  0.000e+00
      98.66     0.0357          9   4.490005      0.001     3.3893   28.72718  -88.72738    144.185    123.790  242.60966  242.37591 1.2233e-01 1.5673e+01    201.770          1     115386    144.485    15.7015    15.7026    138.418   4807.708     1.8657     1.7717     4.9328     4.6264     0.0134     0.2076     1.8657          9  0.000e+00
      98.66     0.0357          9   4.490062      1.356     3.3893   28.72718  -88.72738    144.055    123.791  242.60742  242.37365 1.2268e-01 1.5674e+01    201.827          1     115387    144.491    15.7019    15.7024    138.422   4807.750     1.8645     1.7717     4.9328     4.6264     0.0147     0.2076     1.8645          9  0.000e+00
      98.66     0.0357          9   4.490083     -1.016     3.3893   28.72716  -88.72738    144.184    123.670  242.60733  242.37357 1.2233e-01 1.5674e+01    201.784          1     115388    144.467    15.7019    15.7023    138.399   4807.792     1.8657     1.7705     4.9328     4.6264     0.0134     0.2076     1.8657          9  0.000e+00
      98.63     0.0368          9   4.490048      1.017     3.3893   28.72716  -88.72738    144.056    123.670  242.60764  242.37386 1.2268e-01 1.5674e+01    201.827          1     115389    144.500    15.7019    15.7026    138.431   4807.833     1.8645     1.7705     4.9316     4.6252     0.0147     0.2076     1.8645          9  0.000e+00
      98.66     0.0347          9   4.490040     -1.354     3.3893   28.72716  -88.72738    144.184    123.790  242.60796  242.37420 1.2268e-01 1.5674e+01    201.770          1     115390    144.494    15.7019    15.7026    138.427   4807.875     1.8657     1.7717     4.9328     4.6276     0.0147     0.2076     1.8657          9  0.000e+00
      98.63     0.0357          9   4.490069      1.356     3.3893   28.72716  -88.72738    144.055    123.791  242.60680  242.37302 1.2233e-01 1.5674e+01    201.827          1     115391    144.500    15.7021    15.7026    138.431   4807.917     1.8645     1.7717     4.9316     4.6264     0.0134     0.2076     1.8645          9  0.000e+00
      98.63     0.0368          9   4.490048     -1.016     3.3893   28.72716  -88.72738    144.054    123.790  242.60632  242.37252 1.2233e-01 1.5674e+01    201.784          1     115392    144.533    15.7023    15.7024    138.466   4807.958     1.8645     1.7717     4.9316     4.6252     0.0134     0.2076     1.8645          9  0.000e+00
      98.66     0.0379          9   4.490083      1.017     3.3893   28.72716  -88.72738    144.183    123.671  242.60491  242.37110 1.2233e-01 1.5675e+01    201.827          1     115393    144.538    15.7026    15.7024    138.469   4808.000     1.8657     1.7705     4.9328     4.6239     0.0134     0.2076     1.8657          9  0.000e+00
      98.63     0.0368          9   4.490112      0.001     3.3893   28.72716  -88.72738    144.183    123.671  242.60487  242.37107 1.2233e-01 1.5674e+01    201.827          1     115394    144.508    15.7025    15.7021    138.439   4808.042     1.8657     1.7705     4.9316     4.6252     0.0134     0.2076     1.8657          9  0.000e+00
      98.66     0.0368          9   4.490119      0.001     3.3893   28.72716  -88.72738    144.182    123.671  242.60334  242.36951 1.2268e-01 1.5675e+01    201.827          1     115395    144.543    15.7029    15.7023    138.474   4808.083     1.8657     1.7705     4.9328     4.6252     0.0147     0.2076     1.8657          9  0.000e+00
      98.63     0.0379          9   4.490176      0.001     3.3893   28.72716  -88.72738    144.053    123.672  242.60249  242.36866 1.2268e-01 1.5675e+01    201.827          1     115396    144.506    15.7029    15.7021    138.437   4808.125     1.8645     1.7705     4.9316     4.6239     0.0147     0.2076     1.8645          9  0.000e+00
      98.66     0.0379          9   4.490197     -1.016     3.3893   28.72716  -88.72738    144.181    123.671  242.60240  242.36858 1.2268e-01 1.5675e+01    201.784          1     115397    144.482    15.7029    15.7021    138.414   4808.167     1.8657     1.7705     4.9328     4.6239     0.0147     0.2076     1.8657          9  0.000e+00
      98.66     0.0368          9   4.490169      1.017     3.3893   28.72716  -88.72738    144.181    123.672  242.60156  242.36772 1.2268e-01 1.5675e+01    201.827          1     115398    144.539    15.7033    15.7019    138.470   4808.208     1.8657     1.7705     4.9328     4.6252     0.0147     0.2076     1.8657          9  0.000e+00
      98.66     0.0368          9   4.490183     -1.355     3.3893   28.72716  -88.72738    144.181    123.671  242.60209  242.36826 1.2268e-01 1.5675e+01    201.770          1     115399    144.505    15.7030    15.7019    138.437   4808.250     1.8657     1.7705     4.9328     4.6252     0.0147     0.2076     1.8657          9  0.000e+00
      98.63     0.0368          9   4.490197      1.356     3.3587   28.72716  -88.72738    144.182    123.672  242.60217  242.36834 1.2268e-01 1.5675e+01    201.827          1     115400    144.492    15.7029    15.7019    138.422   4808.292     1.8657     1.7705     4.9316     4.6252     0.0147     0.2063     1.8657          9  0.000e+00
      98.63     0.0368          9   4.490169      0.340     3.3282   28.72716  -88.72738    144.182    123.673  242.60286  242.36904 1.2233e-01 1.5675e+01    201.841          1     115401    144.504    15.7029    15.7017    138.434   4808.333     1.8657     1.7705     4.9316     4.6252     0.0134     0.2051     1.8657          9  0.000e+00
      98.66     0.0368          9   4.490097     -0.338     3.2977   28.72716  -88.72738    144.184    123.793  242.60534  242.37154 1.2268e-01 1.5674e+01    201.827          1     115402    144.510    15.7024    15.7019    138.441   4808.375     1.8657     1.7717     4.9328     4.6252     0.0147     0.2039     1.8657          9  0.000e+00
      98.63     0.0379          9   4.490083      0.001     3.2977   28.72716  -88.72738    144.054    123.672  242.60530  242.37149 1.2233e-01 1.5674e+01    201.827          1     115403    144.527    15.7025    15.7019    138.458   4808.417     1.8645     1.7705     4.9316     4.6239     0.0134     0.2039     1.8645          9  0.000e+00
      98.66     0.0379          9   4.490105      0.001     3.2977   28.72716  -88.72738    144.055    123.792  242.60627  242.37249 1.2268e-01 1.5674e+01    201.827          1     115404    144.477    15.7021    15.7020    138.408   4808.458     1.8645     1.7717     4.9328     4.6239     0.0147     0.2039     1.8645          9  0.000e+00
      98.63     0.0368          9   4.490055      0.340     3.2977   28.72716  -88.72738    144.185    123.672  242.60677  242.37298 1.2233e-01 1.5674e+01    201.841          1     115405    144.518    15.7022    15.7021    138.448   4808.500     1.8657     1.7705     4.9316     4.6252     0.0134     0.2039     1.8657          9  0.000e+00
      98.66     0.0368          9   4.490097     -1.693     3.2977   28.72716  -88.72738    144.183    123.671  242.60530  242.37150 1.2233e-01 1.5674e+01    201.771          1     115406    144.507    15.7024    15.7021    138.440   4808.542     1.8657     1.7705     4.9328     4.6252     0.0134     0.2039     1.8657          9  0.000e+00
