tests/data/CTD/g01l02s04m.ros
* Sea-Bird SBE 9 Data File:
* FileName = D:\CTD DATA\2013\PE13-01 DiMarco\G01L02S04M.hex
* Software Version Seasave V 7.21g
* Temperature SN = 4515
* Conductivity SN = 3079
* Number of Bytes Per Scan = 40
* Number of Voltage Words = 5
* Number of Scans Averaged by the Deck Unit = 1
* NMEA Latitude = 28 00.05 N
* NMEA Longitude = 089 00.62 W
* NMEA UTC (Time) = Jul 08 2012  22:04:02
* NMEA baud rate = 4800
# nquan = 31
# nvalues = 588                                   
# units = specified
# name 0 = altM: Altimeter [m]
# name 1 = bat: Beam Attenuation, Chelsea/Seatech [1/m]
# name 2 = bpos: Bottle Position in Carousel
# name 3 = c0S/m: Conductivity [S/m]
# name 4 = dz/dtM: Descent Rate [m/s]
# name 5 = wetCDOM: Fluorescence, WET Labs CDOM [mg/m^3]
# name 6 = latitude: Latitude [deg]
# name 7 = longitude: Longitude [deg]
# name 8 = sbeox0Mm/Kg: Oxygen, SBE 43 [umol/kg]
# name 9 = sbeox1Mm/Kg: Oxygen, SBE 43, 2 [umol/kg]
# name 10 = oxsolMm/Kg: Oxygen Saturation, Garcia & Gordon [umol/kg]
# name 11 = oxsatMm/Kg: Oxygen Saturation, Weiss [umol/kg]
# name 12 = par: PAR/Irradiance, Biospherical/Licor
# name 13 = pla: Plume Anomaly
# name 14 = prDM: Pressure, Digiquartz [db]
# name 15 = pumps: Pump Status
# name 16 = scan: Scan Count
# name 17 = sva: Specific Volume Anomaly [10^-8 * m^3/kg]
# name 18 = t090C: Temperature [ITS-90, deg C]
# name 19 = t190C: Temperature, 2 [ITS-90, deg C]
# name 20 = tsa: Thermosteric Anomaly [10^-8 * m^3/kg]
# name 21 = timeS: Time, Elapsed [seconds]
# name 22 = v0: Voltage 0
# name 23 = v1: Voltage 1
# name 24 = v2: Voltage 2
# name 25 = v3: Voltage 3
# name 26 = v4: Voltage 4
# name 27 = v5: Voltage 5
# name 28 = sbeox0V: Oxygen raw, SBE 43 [V]
# name 29 = nbf: Bottles Fired
# name 30 = flag:  0.000e+00
# interval = seconds: 0.0416667
# start_time = Jul 08 2012 22:04:02 [NMEA time, header]
# bad_flag = -9.990e-29
*END*
[from data line 234]
      98.71     0.0368          5   3.580705     -0.511     3.0840   28.00560  -89.01664    133.149    112.615  291.33544  291.74019 1.3097e-01 7.2849e+00    605.778          1      72017     85.063     7.3431     7.3428     75.307   3000.667     1.4933     1.4176     4.9353     4.6252     0.0427     0.1954     1.4933          5  0.000e+00
      98.71     0.0368          5   3.580718      0.513     3.0840   28.00560  -89.01664    132.985    112.616  291.33597  291.74075 1.3097e-01 7.2847e+00    605.800          1      72018     85.037     7.3429     7.3428     75.281   3000.708     1.4921     1.4176     4.9353     4.6252     0.0427     0.1954     1.4921          5  0.000e+00
      98.71     0.0357          5   3.580731      2.049     3.1145   28.00560  -89.01664    132.985    112.617  291.33433  291.73906 1.3134e-01 7.2850e+00    605.885          1      72019     85.060     7.3432     7.3427     75.302   3000.750     1.4921     1.4176     4.9353     4.6264     0.0440     0.1966     1.4921          5  0.000e+00
      98.73     0.0368          5   3.580699     -0.853     3.0840   28.00560  -89.01664    133.150    112.617  291.33566  291.74041 1.3097e-01 7.2849e+00    605.849          1      72020     85.072     7.3431     7.3427     75.315   3000.792     1.4933     1.4176     4.9365     4.6252     0.0427     0.1954     1.4933          5  0.000e+00
      98.71     0.0357          5   3.580705     -0.341     3.0840   28.00560  -89.01664    132.985    112.769  291.33488  291.73961 1.3097e-01 7.2851e+00    605.835          1      72021     85.078     7.3432     7.3427     75.321   3000.833     1.4921     1.4188     4.9353     4.6264     0.0427     0.1954     1.4921          5  0.000e+00
      98.73     0.0347          5   3.580731      1.537     3.0840   28.00560  -89.01664    133.150    112.618  291.33495  291.73971 1.3097e-01 7.2849e+00    605.899          1      72022     85.048     7.3431     7.3425     75.290   3000.875     1.4933     1.4176     4.9365     4.6276     0.0427     0.1954     1.4933          5  0.000e+00
      98.71     0.0347          5   3.580699     -0.341     3.0840   28.00560  -89.01664    132.986    112.618  291.33569  291.74044 1.3097e-01 7.2849e+00    605.885          1      72023     85.074     7.3431     7.3427     75.316   3000.917     1.4921     1.4176     4.9353     4.6276     0.0427     0.1954     1.4921          5  0.000e+00
      98.73     0.0347          5   3.580731      1.708     3.0840   28.00560  -89.01664    132.987    112.618  291.33583  291.74061 1.3097e-01 7.2847e+00    605.956          1      72024     85.035     7.3429     7.3427     75.276   3000.958     1.4921     1.4176     4.9365     4.6276     0.0427     0.1954     1.4921          5  0.000e+00
      98.73     0.0347          5   3.580712     -0.511     3.0840   28.00560  -89.01664    132.987    112.618  291.33544  291.74019 1.3097e-01 7.2849e+00    605.935          1      72025     85.066     7.3431     7.3425     75.307   3001.000     1.4921     1.4176     4.9365     4.6276     0.0427     0.1954     1.4921          5  0.000e+00
      98.73     0.0336          5   3.580712      0.001     3.0840   28.00560  -89.01664    132.986    112.618  291.33483  291.73956 1.3060e-01 7.2850e+00    605.935          1      72026     85.078     7.3432     7.3425     75.319   3001.042     1.4921     1.4176     4.9365     4.6288     0.0415     0.1954     1.4921          5  0.000e+00
      98.71     0.0347          5   3.580692      0.513     3.0840   28.00560  -89.01664    132.987    112.618  291.33592  291.74066 1.3097e-01 7.2849e+00    605.956          1      72027     85.083     7.3431     7.3427     75.324   3001.083     1.4921     1.4176     4.9353     4.6276     0.0427     0.1954     1.4921          5  0.000e+00
      98.71     0.0379          6   3.697478     -2.555     3.1145   28.00584  -89.01694    124.498    105.344  283.37834  283.66084 1.3097e-01 8.4988e+00    504.677          1      75545     94.582     8.5509     8.5520     85.279   3147.667     1.4689     1.3956     4.9353     4.6239     0.0427     0.1966     1.4689          6  0.000e+00
      98.71     0.0379          6   3.697425      2.556     3.1145   28.00584  -89.01694    124.500    105.346  283.37978  283.66227 1.3097e-01 8.4987e+00    504.784          1      75546     94.624     8.5509     8.5518     85.320   3147.708     1.4689     1.3956     4.9353     4.6239     0.0427     0.1966     1.4689          6  0.000e+00
      98.71     0.0368          6   3.697458      0.001     3.1145   28.00584  -89.01694    124.658    105.346  283.37983  283.66235 1.3097e-01 8.4986e+00    504.784          1      75547     94.583     8.5507     8.5518     85.278   3147.750     1.4701     1.3956     4.9353     4.6252     0.0427     0.1966     1.4701          6  0.000e+00
      98.71     0.0368          6   3.697452      1.193     3.1145   28.00584  -89.01696    124.501    105.347  283.38040  283.66293 1.3097e-01 8.4985e+00    504.834          1      75548     94.583     8.5506     8.5516     85.277   3147.792     1.4689     1.3956     4.9353     4.6252     0.0427     0.1966     1.4689          6  0.000e+00
      98.73     0.0368          6   3.697392     -2.555     3.1145   28.00584  -89.01696    124.501    105.345  283.38254  283.66509 1.3060e-01 8.4982e+00    504.727          1      75549     94.603     8.5504     8.5518     85.300   3147.833     1.4689     1.3956     4.9365     4.6252     0.0415     0.1966     1.4689          6  0.000e+00
      98.71     0.0379          6   3.697359      2.556     3.1145   28.00584  -89.01696    124.346    105.348  283.38546  283.66806 1.3060e-01 8.4977e+00    504.834          1      75550     94.590     8.5499     8.5513     85.285   3147.875     1.4676     1.3956     4.9353     4.6239     0.0415     0.1966     1.4676          6  0.000e+00
      98.71     0.0379          6   3.697313     -1.192     3.1145   28.00584  -89.01696    124.504    105.348  283.38852  283.67116 1.3097e-01 8.4972e+00    504.784          1      75551     94.580     8.5494     8.5511     85.276   3147.917     1.4689     1.3956     4.9353     4.6239     0.0427     0.1966     1.4689          6  0.000e+00
      98.71     0.0379          6   3.697280     -1.362     3.1145   28.00584  -89.01696    124.504    105.349  283.39013  283.67280 1.3097e-01 8.4970e+00    504.727          1      75552     94.582     8.5492     8.5505     85.280   3147.958     1.4689     1.3956     4.9353     4.6239     0.0427     0.1966     1.4689          6  0.000e+00
      98.73     0.0368          6   3.697247      2.557     3.1145   28.00584  -89.01696    124.507    105.205  283.39210  283.67479 1.3060e-01 8.4967e+00    504.834          1      75553     94.590     8.5489     8.5502     85.286   3148.000     1.4689     1.3944     4.9365     4.6252     0.0415     0.1966     1.4689          6  0.000e+00
      98.71     0.0379          6   3.697247     -1.192     3.1145   28.00584  -89.01696    124.664    105.352  283.39205  283.67474 1.3060e-01 8.4968e+00    504.784          1      75554     94.587     8.5489     8.5494     85.284   3148.042     1.4701     1.3956     4.9353     4.6239     0.0415     0.1966     1.4701          6  0.000e+00
      98.71     0.0368          6   3.697267      0.001     3.1145   28.00584  -89.01696    124.663    105.351  283.38952  283.67216 1.3060e-01 8.4973e+00    504.784          1      75555     94.616     8.5494     8.5495     85.312   3148.083     1.4701     1.3956     4.9353     4.6252     0.0415     0.1966     1.4701          6  0.000e+00
      98.71     0.0368          6   3.697353      1.193     3.1145   28.00584  -89.01696    124.504    105.353  283.38599  283.66859 1.3134e-01 8.4976e+00    504.834          1      75556     94.588     8.5498     8.5492     85.283   3148.125     1.4689     1.3956     4.9353     4.6252     0.0440     0.1966     1.4689          6  0.000e+00
      98.73     0.0368          6   3.697452     -1.192     3.1145   28.00584  -89.01696    124.343    105.352  283.38131  283.66387 1.3097e-01 8.4982e+00    504.784          1      75557     94.560     8.5504     8.5490     85.255   3148.167     1.4676     1.3956     4.9365     4.6252     0.0427     0.1966     1.4676          6  0.000e+00
      98.71     0.0357          6   3.697478      1.193     3.1145   28.00584  -89.01696    124.501    105.352  283.37868  283.66119 1.3097e-01 8.4987e+00    504.834          1      75558     94.586     8.5509     8.5495     85.280   3148.208     1.4689     1.3956     4.9353     4.6264     0.0427     0.1966     1.4689          6  0.000e+00
      98.71     0.0368          6   3.697406     -2.385     3.1145   28.00584  -89.01696    124.500    105.350  283.38150  283.66403 1.3097e-01 8.4984e+00    504.735          1      75559     94.609     8.5506     8.5499     85.306   3148.250     1.4689     1.3956     4.9353     4.6252     0.0427     0.1966     1.4689          6  0.000e+00
      98.71     0.0368          6   3.697346      2.386     3.1145   28.00584  -89.01696    124.503    105.352  283.38403  283.66658 1.3060e-01 8.4981e+00    504.834          1      75560     94.637     8.5503     8.5497     85.332   3148.292     1.4689     1.3956     4.9353     4.6252     0.0415     0.1966     1.4689          6  0.000e+00
      98.71     0.0368          6   3.697340     -1.192     3.1145   28.00584  -89.01696    124.503    105.352  283.38584  283.66844 1.3097e-01 8.4977e+00    504.784          1      75561     94.603     8.5499     8.5495     85.299   3148.333     1.4689     1.3956     4.9353     4.6252     0.0427     0.1966     1.4689          6  0.000e+00
      98.73     0.0368          6   3.697366      1.193     3.1145   28.00584  -89.01696    124.503    105.352  283.38455  283.66713 1.3097e-01 8.4979e+00    504.834          1      75562     94.601     8.5501     8.5497     85.296   3148.375     1.4689     1.3956     4.9365     4.6252     0.0427     0.1966     1.4689          6  0.000e+00
      98.71     0.0368          6   3.697333     -1.192     3.1145   28.00584  -89.01696    124.661    105.351  283.38637  283.66897 1.3097e-01 8.4977e+00    504.784          1      75563     94.600     8.5498     8.5499     85.296   3148.417     1.4701     1.3956     4.9353     4.6252     0.0427     0.1966     1.4701          6  0.000e+00
      98.71     0.0379          6   3.697333      0.001     3.1145   28.00584  -89.01696    124.503    105.351  283.38599  283.66858 1.3097e-01 8.4977e+00    504.784          1      75564     94.608     8.5499     8.5499     85.304   3148.458     1.4689     1.3956     4.9353     4.6239     0.0427     0.1966     1.4689          6  0.000e+00
      98.73     0.0357          6   3.697287      0.001     3.1145   28.00584  -89.01696    124.503    105.350  283.38565  283.66820 1.3097e-01 8.4981e+00    504.785          1      75565     94.672     8.5502     8.5502     85.369   3148.500     1.4689     1.3956     4.9365     4.6264     0.0427     0.1966     1.4689          6  0.000e+00
      98.73     0.0368          6   3.697320      1.193     3.1145   28.00584  -89.01696    124.662    105.350  283.38556  283.66812 1.3097e-01 8.4979e+00    504.834          1      75566     94.637     8.5501     8.5503     85.332   3148.542     1.4701     1.3956     4.9365     4.6252     0.0427     0.1966     1.4701          6  0.000e+00
      98.71     0.0368          6   3.697340     -1.192     3.1145   28.00584  -89.01696    124.502    105.495  283.38336  283.66589 1.3060e-01 8.4983e+00    504.785          1      75567     94.655     8.5505     8.5505     85.351   3148.583     1.4689     1.3968     4.9353     4.6252     0.0415     0.1966     1.4689          6  0.000e+00
      98.71     0.0368          6   3.697320      0.001     3.0840   28.00584  -89.01696    124.661    105.348  283.38627  283.66886 1.3097e-01 8.4977e+00    504.785          1      75568     94.619     8.5499     8.5508     85.315   3148.625     1.4701     1.3956     4.9353     4.6252     0.0427     0.1954     1.4701          6  0.000e+00
      98.73     0.0368          6   3.697307      1.193     2.9924   28.00584  -89.01696    124.505    105.202  283.38928  283.67194 1.3097e-01 8.4971e+00    504.834          1      75569     94.576     8.5493     8.5511     85.271   3148.667     1.4689     1.3944     4.9365     4.6252     0.0427     0.1917     1.4689          6  0.000e+00
      98.73     0.0368          6   3.697228     -2.555     2.9924   28.00584  -89.01696    124.664    105.346  283.39376  283.67649 1.3060e-01 8.4964e+00    504.728          1      75570     94.572     8.5486     8.5515     85.270   3148.708     1.4701     1.3956     4.9365     4.6252     0.0415     0.1917     1.4701          6  0.000e+00
      98.73     0.0357          6   3.697181      1.364     2.9619   28.00584  -89.01696    124.666    105.347  283.39578  283.67851 1.3097e-01 8.4962e+00    504.785          1      75571     94.590     8.5483     8.5513     85.288   3148.750     1.4701     1.3956     4.9365     4.6264     0.0427     0.1905     1.4701          6  0.000e+00
      98.71     0.0368          6   3.697195      0.001     2.9924   28.00584  -89.01696    124.507    105.347  283.39530  283.67803 1.3097e-01 8.4963e+00    504.785          1      75572     94.584     8.5484     8.5513     85.282   3148.792     1.4689     1.3956     4.9353     4.6252     0.0427     0.1917     1.4689          6  0.000e+00
      98.71     0.0368          6   3.697241      0.001     2.9924   28.00584  -89.01696    124.507    105.348  283.39430  283.67704 1.3097e-01 8.4963e+00    504.785          1      75573     94.548     8.5484     8.5511     85.245   3148.833     1.4689     1.3956     4.9353     4.6252     0.0427     0.1917     1.4689          6  0.000e+00
      98.71     0.0368          6   3.697214     -1.362     2.9924   28.00584  -89.01696    124.506    105.349  283.39310  283.67579 1.3097e-01 8.4967e+00    504.728          1      75574     94.602     8.5488     8.5505     85.300   3148.875     1.4689     1.3956     4.9353     4.6252     0.0427     0.1917     1.4689          6  0.000e+00
      98.71     0.0368          6   3.697254      2.556     2.9924   28.00584  -89.01696    124.665    105.350  283.39329  283.67602 1.3097e-01 8.4964e+00    504.835          1      75575     94.557     8.5486     8.5503     85.253   3148.917     1.4701     1.3956     4.9353     4.6252     0.0427     0.1917     1.4701          6  0.000e+00
      98.71     0.0379          6   3.697247     -2.555     2.9924   28.00584  -89.01696    124.663    105.350  283.39123  283.67390 1.3060e-01 8.4969e+00    504.728          1      75576     94.600     8.5491     8.5500     85.298   3148.958     1.4701     1.3956     4.9353     4.6239     0.0415     0.1917     1.4701          6  0.000e+00
      98.73     0.0368          6   3.697247      0.171     2.9924   28.00584  -89.01696    124.663    105.350  283.39200  283.67469 1.3097e-01 8.4968e+00    504.735          1      75577     94.585     8.5489     8.5500     85.282   3149.000     1.4701     1.3956     4.9365     4.6252     0.0427     0.1917     1.4701          6  0.000e+00
      98.71     0.0379          6   3.697293      1.193     2.9924   28.00584  -89.01696    124.505    105.496  283.38933  283.67198 1.3097e-01 8.4972e+00    504.785          1      75578     94.587     8.5493     8.5500     85.284   3149.042     1.4689     1.3968     4.9353     4.6239     0.0427     0.1917     1.4689          6  0.000e+00
      98.73     0.0379          6   3.697307     -1.362     2.9924   28.00584  -89.01696    124.503    105.350  283.38784  283.67047 1.3097e-01 8.4974e+00    504.728          1      75579     94.598     8.5496     8.5499     85.295   3149.083     1.4689     1.3956     4.9365     4.6239     0.0427     0.1917     1.4689          6  0.000e+00
