tests/data/CTD/g01l06s03.ros
* Sea-Bird SBE 9 Data File:
* FileName = D:\CTD DATA\2013\PE13-01 DiMarco\G01L06s03.hex
* Software Version Seasave V 7.21g
* Temperature SN = 4515
* Conductivity SN = 3079
* Number of Bytes Per Scan = 40
* Number of Voltage Words = 5
* Number of Scans Averaged by the Deck Unit = 1
* NMEA Latitude = 28 14.96 N
* NMEA Longitude = 087 59.94 W
* NMEA UTC (Time) = Jul 07 2012  12:07:36
* NMEA baud rate = 4800
# nquan = 31
# nvalues = 588                                   
# units = specified
# name 0 = altM: Altimeter [m]
# name 1 = bat: Beam Attenuation, Chelsea/Seatech [1/m]
# name 2 = bpos: Bottle Position in Carousel
# name 3 = c0S/m: Conductivity [S/m]
# name 4 = dz/dtM: Descent Rate [m/s]
# name 5 = wetCDOM: Fluorescence, WET Labs CDOM [mg/m^3]
# name 6 = latitude: Latitude [deg]
# name 7 = longitude: Longitude [deg]
# name 8 = sbeox0Mm/Kg: Oxygen, SBE 43 [umol/kg]
# name 9 = sbeox1Mm/Kg: Oxygen, SBE 43, 2 [umol/kg]
# name 10 = oxsolMm/Kg: Oxygen Saturation, Garcia & Gordon [umol/kg]
# name 11 = oxsatMm/Kg: Oxygen Saturation, Weiss [umol/kg]
# name 12 = par: PAR/Irradiance, Biospherical/Licor
# name 13 = pla: Plume Anomaly
# name 14 = prDM: Pressure, Digiquartz [db]
# name 15 = pumps: Pump Status
# name 16 = scan: Scan Count
# name 17 = sva: Specific Volume Anomaly [10^-8 * m^3/kg]
# name 18 = t090C: Temperature [ITS-90, deg C]
# name 19 = t190C: Temperature, 2 [ITS-90, deg C]
# name 20 = tsa: Thermosteric Anomaly [10^-8 * m^3/kg]
# name 21 = timeS: Time, Elapsed [seconds]
# name 22 = v0: Voltage 0
# name 23 = v1: Voltage 1
# name 24 = v2: Voltage 2
# name 25 = v3: Voltage 3
# name 26 = v4: Voltage 4
# name 27 = v5: Voltage 5
# name 28 = sbeox0V: Oxygen raw, SBE 43 [V]
# name 29 = nbf: Bottles Fired
# name 30 = flag:  0.000e+00
# interval = seconds: 0.0416667
# start_time = Jul 07 2012 12:07:36 [NMEA time, header]
# bad_flag = -9.990e-29
*END*
[from data line 188]
      98.66     0.0379          4   3.351612     -1.565    -1.8000   28.23804  -87.98142    215.206    182.324  312.51569  313.29502 1.1856e-01 4.1789e+00   1616.085          1     146599     51.981     4.3125     4.3112     35.967   6108.250     1.8046     1.7033     4.9328     4.6239     0.0000     0.0000     1.8046          4  0.000e+00
      98.66     0.0379          4   3.351612      1.393    -1.8000   28.23804  -87.98142    215.006    182.324  312.51672  313.29609 1.1856e-01 4.1787e+00   1616.143          1     146600     51.966     4.3124     4.3114     35.952   6108.292     1.8034     1.7033     4.9328     4.6239     0.0000     0.0000     1.8034          4  0.000e+00
      98.66     0.0379          4   3.351631      0.175    -1.8000   28.23804  -87.98142    215.207    182.325  312.51452  313.29383 1.1856e-01 4.1790e+00   1616.151          1     146601     51.980     4.3127     4.3115     35.965   6108.333     1.8046     1.7033     4.9328     4.6239     0.0000     0.0000     1.8046          4  0.000e+00
      98.66     0.0379          4   3.351619     -1.565    -1.8000   28.23804  -87.98142    215.206    182.324  312.51576  313.29510 1.1856e-01 4.1788e+00   1616.085          1     146602     51.971     4.3125     4.3112     35.957   6108.375     1.8046     1.7033     4.9328     4.6239     0.0000     0.0000     1.8046          4  0.000e+00
      98.66     0.0368          4   3.351606      2.611    -1.8000   28.23804  -87.98142    215.210    182.325  312.51671  313.29607 1.1856e-01 4.1787e+00   1616.194          1     146603     51.978     4.3124     4.3117     35.964   6108.417     1.8046     1.7033     4.9328     4.6252     0.0000     0.0000     1.8046          4  0.000e+00
      98.66     0.0368          4   3.351638     -2.435    -1.8000   28.23804  -87.98142    215.003    182.324  312.51525  313.29460 1.1856e-01 4.1788e+00   1616.093          1     146604     51.955     4.3125     4.3114     35.941   6108.458     1.8034     1.7033     4.9328     4.6252     0.0000     0.0000     1.8034          4  0.000e+00
      98.66     0.0368          4   3.351625      1.219    -1.8000   28.23804  -87.98142    215.004    182.138  312.51468  313.29399 1.1856e-01 4.1790e+00   1616.143          1     146605     51.985     4.3127     4.3112     35.971   6108.500     1.8034     1.7021     4.9328     4.6252     0.0000     0.0000     1.8034          4  0.000e+00
      98.66     0.0379          4   3.351631     -1.391    -1.8000   28.23804  -87.98142    214.801    182.323  312.51541  313.29476 1.1856e-01 4.1788e+00   1616.086          1     146606     51.960     4.3125     4.3115     35.946   6108.542     1.8022     1.7033     4.9328     4.6239     0.0000     0.0000     1.8022          4  0.000e+00
      98.66     0.0368          5   3.349015      2.948    -1.8000   28.23748  -87.98024    210.827    178.725  312.01022  312.77978 1.1856e-01 4.2662e+00   1413.536          1     154159     51.269     4.3816     4.3808     37.000   6423.250     1.8144     1.7131     4.9328     4.6252     0.0000     0.0000     1.8144          5  0.000e+00
      98.66     0.0368          5   3.349014     -2.946    -1.8000   28.23748  -87.98024    210.823    178.721  312.01008  312.77964 1.1856e-01 4.2662e+00   1413.413          1     154160     51.263     4.3816     4.3811     36.996   6423.292     1.8144     1.7131     4.9328     4.6252     0.0000     0.0000     1.8144          5  0.000e+00
      98.66     0.0368          5   3.349015      1.388    -1.8000   28.23748  -87.98024    210.628    178.723  312.01015  312.77970 1.1856e-01 4.2662e+00   1413.471          1     154161     51.266     4.3816     4.3810     36.998   6423.333     1.8132     1.7131     4.9328     4.6252     0.0000     0.0000     1.8132          5  0.000e+00
      98.66     0.0379          5   3.349014     -1.386    -1.8000   28.23748  -87.98024    210.823    178.722  312.00984  312.77939 1.1856e-01 4.2663e+00   1413.413          1     154162     51.267     4.3817     4.3810     37.000   6423.375     1.8144     1.7131     4.9328     4.6239     0.0000     0.0000     1.8144          5  0.000e+00
      98.66     0.0368          5   3.348989      0.001    -1.8000   28.23748  -87.98024    210.824    178.722  312.01077  312.78032 1.1856e-01 4.2662e+00   1413.413          1     154163     51.285     4.3816     4.3810     37.018   6423.417     1.8144     1.7131     4.9328     4.6252     0.0000     0.0000     1.8144          5  0.000e+00
      98.66     0.0368          5   3.348983     -1.040    -1.8000   28.23748  -87.98024    210.822    178.903  312.01017  312.77970 1.1856e-01 4.2664e+00   1413.370          1     154164     51.301     4.3818     4.3810     37.035   6423.458     1.8144     1.7143     4.9328     4.6252     0.0000     0.0000     1.8144          5  0.000e+00
      98.66     0.0368          5   3.349008      1.041    -1.8000   28.23748  -87.98024    210.823    178.904  312.01001  312.77956 1.1856e-01 4.2663e+00   1413.413          1     154165     51.273     4.3817     4.3810     37.006   6423.500     1.8144     1.7143     4.9328     4.6252     0.0000     0.0000     1.8144          5  0.000e+00
      98.66     0.0368          5   3.349014      0.001    -1.8000   28.23748  -87.98024    210.823    178.904  312.00936  312.77889 1.1856e-01 4.2664e+00   1413.413          1     154166     51.276     4.3818     4.3808     37.009   6423.542     1.8144     1.7143     4.9328     4.6252     0.0000     0.0000     1.8144          5  0.000e+00
      98.66     0.0368          5   3.349014      0.001    -1.8000   28.23748  -87.98024    211.020    178.723  312.00936  312.77889 1.1856e-01 4.2664e+00   1413.413          1     154167     51.276     4.3818     4.3808     37.009   6423.583     1.8156     1.7131     4.9328     4.6252     0.0000     0.0000     1.8156          5  0.000e+00
      98.66     0.0368          5   3.349014     -1.039    -1.8000   28.23748  -87.98024    210.822    178.722  312.00931  312.77884 1.1856e-01 4.2664e+00   1413.370          1     154168     51.274     4.3818     4.3808     37.007   6423.625     1.8144     1.7131     4.9328     4.6252     0.0000     0.0000     1.8144          5  0.000e+00
      98.66     0.0379          5   3.348995     -0.173    -1.8000   28.23748  -87.98024    210.624    178.904  312.00861  312.77810 1.1856e-01 4.2666e+00   1413.363          1     154169     51.312     4.3820     4.3807     37.045   6423.667     1.8132     1.7143     4.9328     4.6239     0.0000     0.0000     1.8132          5  0.000e+00
      98.66     0.0368          5   3.349027      0.001    -1.8000   28.23748  -87.98024    210.821    178.903  312.00823  312.77775 1.1856e-01 4.2665e+00   1413.363          1     154170     51.276     4.3819     4.3810     37.008   6423.708     1.8144     1.7143     4.9328     4.6252     0.0000     0.0000     1.8144          5  0.000e+00
      98.66     0.0368          5   3.349027      1.214    -1.8000   28.23748  -87.98024    210.822    178.905  312.00829  312.77780 1.1856e-01 4.2665e+00   1413.413          1     154171     51.278     4.3819     4.3806     37.010   6423.750     1.8144     1.7143     4.9328     4.6252     0.0000     0.0000     1.8144          5  0.000e+00
      98.66     0.0368          5   3.349014     -1.213    -1.8000   28.23746  -87.98022    210.821    178.721  312.00906  312.77859 1.1856e-01 4.2664e+00   1413.363          1     154172     51.278     4.3818     4.3808     37.011   6423.792     1.8144     1.7131     4.9328     4.6252     0.0000     0.0000     1.8144          5  0.000e+00
      98.66     0.0368          5   3.349014     -1.040    -1.8000   28.23746  -87.98022    210.820    178.902  312.00925  312.77879 1.1856e-01 4.2664e+00   1413.320          1     154173     51.272     4.3818     4.3810     37.005   6423.833     1.8144     1.7143     4.9328     4.6252     0.0000     0.0000     1.8144          5  0.000e+00
      98.68     0.0368          5   3.349021      1.041    -1.8000   28.23746  -87.98022    210.821    178.720  312.00841  312.77792 1.1856e-01 4.2665e+00   1413.363          1     154174     51.281     4.3819     4.3810     37.014   6423.875     1.8144     1.7131     4.9341     4.6252     0.0000     0.0000     1.8144          5  0.000e+00
      98.66     0.0368          5   3.349014      0.001    -1.8000   28.23746  -87.98022    210.821    178.720  312.00930  312.77884 1.1856e-01 4.2664e+00   1413.363          1     154175     51.274     4.3818     4.3812     37.007   6423.917     1.8144     1.7131     4.9328     4.6252     0.0000     0.0000     1.8144          5  0.000e+00
      98.66     0.0368          5   3.349014     -1.386    -1.8000   28.23746  -87.98022    210.820    178.720  312.00972  312.77927 1.1856e-01 4.2663e+00   1413.305          1     154176     51.262     4.3817     4.3808     36.996   6423.958     1.8144     1.7131     4.9328     4.6252     0.0000     0.0000     1.8144          5  0.000e+00
      98.66     0.0379          5   3.349040      0.348    -1.8000   28.23746  -87.98022    210.820    178.720  312.00856  312.77810 1.1856e-01 4.2664e+00   1413.320          1     154177     51.250     4.3818     4.3810     36.983   6424.000     1.8144     1.7131     4.9328     4.6239     0.0000     0.0000     1.8144          5  0.000e+00
      98.66     0.0368          5   3.349002      1.041    -1.8000   28.23746  -87.98022    210.822    178.721  312.00965  312.77918 1.1856e-01 4.2664e+00   1413.363          1     154178     51.285     4.3818     4.3810     37.018   6424.042     1.8144     1.7131     4.9328     4.6252     0.0000     0.0000     1.8144          5  0.000e+00
      98.66     0.0368          5   3.348983     -1.386    -1.8000   28.23746  -87.98022    210.822    178.901  312.01179  312.78137 1.1856e-01 4.2660e+00   1413.305          1     154179     51.268     4.3814     4.3810     37.002   6424.083     1.8144     1.7143     4.9328     4.6252     0.0000     0.0000     1.8144          5  0.000e+00
      98.66     0.0368          5   3.348983     -1.213    -1.8000   28.23746  -87.98022    210.820    178.899  312.01125  312.78082 1.1856e-01 4.2661e+00   1413.255          1     154180     51.274     4.3815     4.3812     37.009   6424.125     1.8144     1.7143     4.9328     4.6252     0.0000     0.0000     1.8144          5  0.000e+00
      98.66     0.0379          5   3.349008      1.561    -1.8000   28.23746  -87.98022    210.820    178.901  312.00943  312.77896 1.1856e-01 4.2664e+00   1413.320          1     154181     51.277     4.3818     4.3811     37.011   6424.167     1.8144     1.7143     4.9328     4.6239     0.0000     0.0000     1.8144          5  0.000e+00
      98.66     0.0379          5   3.348995     -0.346    -1.8000   28.23746  -87.98022    210.821    178.900  312.01048  312.78003 1.1856e-01 4.2662e+00   1413.305          1     154182     51.274     4.3816     4.3812     37.008   6424.208     1.8144     1.7143     4.9328     4.6239     0.0000     0.0000     1.8144          5  0.000e+00
      98.66     0.0379          5   3.348964      0.001    -1.8000   28.23746  -87.98022    210.821    178.902  312.01110  312.78063 1.1856e-01 4.2663e+00   1413.305          1     154183     51.306     4.3817     4.3810     37.040   6424.250     1.8144     1.7143     4.9328     4.6239     0.0000     0.0000     1.8144          5  0.000e+00
      98.66     0.0368          5   3.348995     -1.213    -1.8000   28.23746  -87.98022    210.820    178.899  312.01139  312.78097 1.1856e-01 4.2660e+00   1413.255          1     154184     51.255     4.3814     4.3811     36.989   6424.292     1.8144     1.7143     4.9328     4.6252     0.0000     0.0000     1.8144          5  0.000e+00
      98.66     0.0368          5   3.348995      1.214    -1.8000   28.23746  -87.98022    210.821    178.902  312.01144  312.78103 1.1856e-01 4.2660e+00   1413.305          1     154185     51.257     4.3814     4.3808     36.991   6424.333     1.8144     1.7143     4.9328     4.6252     0.0000     0.0000     1.8144          5  0.000e+00
      98.66     0.0368          5   3.348983     -1.039    -1.8000   28.23746  -87.98022    210.820    178.718  312.01174  312.78132 1.1856e-01 4.2660e+00   1413.262          1     154186     51.266     4.3814     4.3810     37.001   6424.375     1.8144     1.7131     4.9328     4.6252     0.0000     0.0000     1.8144          5  0.000e+00
      98.66     0.0379          5   3.348983      1.041    -1.8000   28.23746  -87.98022    210.821    178.719  312.01058  312.78012 1.1856e-01 4.2663e+00   1413.306          1     154187     51.290     4.3817     4.3811     37.024   6424.417     1.8144     1.7131     4.9328     4.6239     0.0000     0.0000     1.8144          5  0.000e+00
      98.66     0.0368          5   3.348983     -1.213    -1.8000   28.23746  -87.98022    210.623    178.900  312.01077  312.78032 1.1856e-01 4.2662e+00   1413.255          1     154188     51.283     4.3816     4.3810     37.018   6424.458     1.8132     1.7143     4.9328     4.6252     0.0000     0.0000     1.8132          5  0.000e+00
      98.66     0.0379          5   3.348983      1.214    -1.8000   28.23746  -87.98022    210.822    178.901  312.01179  312.78137 1.1856e-01 4.2660e+00   1413.306          1     154189     51.268     4.3814     4.3811     37.002   6424.500     1.8144     1.7143     4.9328     4.6239     0.0000     0.0000     1.8144          5  0.000e+00
      98.66     0.0368          5   3.348957     -1.040    -1.8000   28.23746  -87.98022    210.623    178.902  312.01123  312.78076 1.1856e-01 4.2663e+00   1413.262          1     154190     51.309     4.3817     4.3805     37.044   6424.542     1.8132     1.7143     4.9328     4.6252     0.0000     0.0000     1.8132          5  0.000e+00
      98.66     0.0368          5   3.349002      1.041    -1.8000   28.23746  -87.98022    210.822    178.902  312.01200  312.78161 1.1856e-01 4.2659e+00   1413.306          1     154191     51.239     4.3813     4.3810     36.973   6424.583     1.8144     1.7143     4.9328     4.6252     0.0000     0.0000     1.8144          5  0.000e+00
      98.66     0.0379          5   3.348989     -1.213    -1.8000   28.23746  -87.98022    210.819    178.900  312.01060  312.78015 1.1856e-01 4.2662e+00   1413.255          1     154192     51.277     4.3816     4.3810     37.012   6424.625     1.8144     1.7143     4.9328     4.6239     0.0000     0.0000     1.8144          5  0.000e+00
      98.66     0.0368          5   3.349008      0.001    -1.8000   28.23746  -87.98022    210.820    178.901  312.01104  312.78063 1.1856e-01 4.2660e+00   1413.255          1     154193     51.244     4.3814     4.3808     36.978   6424.667     1.8144     1.7143     4.9328     4.6252     0.0000     0.0000     1.8144          5  0.000e+00
      98.66     0.0368          5   3.349021      1.214    -1.8000   28.23746  -87.98022    210.821    178.901  312.01027  312.77985 1.1856e-01 4.2661e+00   1413.306          1     154194     51.244     4.3815     4.3810     36.978   6424.708     1.8144     1.7143     4.9328     4.6252     0.0000     0.0000     1.8144          5  0.000e+00
      98.66     0.0379          5   3.348989     -2.253    -1.8000   28.23746  -87.98022    210.622    178.900  312.01151  312.78110 1.1856e-01 4.2661e+00   1413.212          1     154195     51.258     4.3814     4.3808     36.993   6424.750     1.8132     1.7143     4.9328     4.6239     0.0000     0.0000     1.8132          5  0.000e+00
