tests/data/CTD/g01l03s02.ros
* Sea-Bird SBE 9 Data File:
* FileName = D:\CTD DATA\2013\PE13-01 DiMarco\G01L03S02.hex
* Software Version Seasave V 7.21g
* Temperature SN = 4515
* Conductivity SN = 3079
* Number of Bytes Per Scan = 40
* Number of Voltage Words = 5
* Number of Scans Averaged by the Deck Unit = 1
* NMEA Latitude = 28 30.02 N
* NMEA Longitude = 088 45.03 W
* NMEA UTC (Time) = Jul 08 2012  00:20:26
* NMEA baud rate = 4800
# nquan = 31
# nvalues = 588                                   
# units = specified
# name 0 = altM: Altimeter [m]
# name 1 = bat: Beam Attenuation, Chelsea/Seatech [1/m]
# name 2 = bpos: Bottle Position in Carousel
# name 3 = c0S/m: Conductivity [S/m]
# name 4 = dz/dtM: Descent Rate [m/s]
# name 5 = wetCDOM: Fluorescence, WET Labs CDOM [mg/m^3]
# name 6 = latitude: Latitude [deg]
# name 7 = longitude: Longitude [deg]
# name 8 = sbeox0Mm/Kg: Oxygen, SBE 43 [umol/kg]
# name 9 = sbeox1Mm/Kg: Oxygen, SBE 43, 2 [umol/kg]
# name 10 = oxsolMm/Kg: Oxygen Saturation, Garcia & Gordon [umol/kg]
# name 11 = oxsatMm/Kg: Oxygen Saturation, Weiss [umol/kg]
# name 12 = par: PAR/Irradiance, Biospherical/Licor
# name 13 = pla: Plume Anomaly
# name 14 = prDM: Pressure, Digiquartz [db]
# name 15 = pumps: Pump Status
# name 16 = scan: Scan Count
# name 17 = sva: Specific Volume Anomaly [10^-8 * m^3/kg]
# name 18 = t090C: Temperature [ITS-90, deg C]
# name 19 = t190C: Temperature, 2 [ITS-90, deg C]
# name 20 = tsa: Thermosteric Anomaly [10^-8 * m^3/kg]
# name 21 = timeS: Time, Elapsed [seconds]
# name 22 = v0: Voltage 0
# name 23 = v1: Voltage 1
# name 24 = v2: Voltage 2
# name 25 = v3: Voltage 3
# name 26 = v4: Voltage 4
# name 27 = v5: Voltage 5
# name 28 = sbeox0V: Oxygen raw, SBE 43 [V]
# name 29 = nbf: Bottles Fired
# name 30 = flag:  0.000e+00
# interval = seconds: 0.0416667
# start_time = Jul 08 2012 00:20:26 [NMEA time, header]
# bad_flag = -9.990e-29
*END*
[from data line 562]
      98.58     0.0953         12   6.017137      0.001     1.4357   28.50726  -88.76214    201.406    178.178  189.06190  188.59857 3.2542e+00 3.0105e+01      1.144          1     127716    527.613    30.0982    30.1060    527.768   5321.458     3.0037     2.8523     4.9292     4.5580     1.4335     0.1294     3.0037         12  0.000e+00
      98.58     0.0964         12   6.016711      1.013     1.4662   28.50726  -88.76214    201.310    178.359  189.06285  188.59952 3.2542e+00 3.0106e+01      1.186          1     127717    527.928    30.0994    30.1095    528.081   5321.500     3.0024     2.8547     4.9292     4.5568     1.4335     0.1306     3.0024         12  0.000e+00
      98.56     0.0964         12   6.015713     -1.012     1.4357   28.50726  -88.76214    201.444    178.370  189.09756  188.63392 3.2359e+00 3.0093e+01      1.144          1     127718    527.292    30.0865    30.1051    527.447   5321.542     3.0037     2.8547     4.9280     4.5568     1.4310     0.1294     3.0037         12  0.000e+00
      98.56     0.0964         12   6.014297     -0.168     1.4357   28.50726  -88.76214    201.506    178.475  189.15556  188.69138 3.0589e+00 3.0071e+01      1.137          1     127719    526.030    30.0639    30.0983    526.185   5321.583     3.0037     2.8559     4.9280     4.5568     1.4066     0.1294     3.0037         12  0.000e+00
      98.56     0.0964         12   6.012873      1.350     1.4357   28.50726  -88.76214    201.552    178.478  189.19744  188.73288 2.9657e+00 3.0056e+01      1.193          1     127720    525.455    30.0492    30.0971    525.607   5321.625     3.0037     2.8559     4.9280     4.5568     1.3932     0.1294     3.0037         12  0.000e+00
      98.56     0.0975         12   6.011304     -0.168     1.4357   28.50726  -88.76214    201.595    178.577  189.23771  188.77280 2.9657e+00 3.0043e+01      1.186          1     127721    525.062    30.0358    30.0965    525.215   5321.667     3.0037     2.8571     4.9280     4.5556     1.3932     0.1294     3.0037         12  0.000e+00
      98.56     0.0975         12   6.010049     -1.012     1.4357   28.50726  -88.76214    201.623    178.679  189.26516  188.80001 2.9741e+00 3.0034e+01      1.144          1     127722    524.944    30.0274    30.0956    525.099   5321.708     3.0037     2.8584     4.9280     4.5556     1.3944     0.1294     3.0037         12  0.000e+00
      98.56     0.0964         12   6.010081      1.013     1.4357   28.50726  -88.76214    201.617    178.696  189.25792  188.79285 3.0077e+00 3.0038e+01      1.186          1     127723    525.224    30.0308    30.0911    525.377   5321.750     3.0037     2.8584     4.9280     4.5568     1.3993     0.1294     3.0037         12  0.000e+00
      98.56     0.0975         12   6.010202      0.169     1.4357   28.50726  -88.76214    201.532    178.731  189.27121  188.80600 3.0077e+00 3.0031e+01      1.193          1     127724    524.569    30.0239    30.0790    524.722   5321.792     3.0024     2.8584     4.9280     4.5556     1.3993     0.1294     3.0024         12  0.000e+00
      98.56     0.0975         12   6.009695     -1.181     1.4357   28.50726  -88.76214    201.662    178.879  189.30110  188.83561 3.5011e+00 3.0018e+01      1.144          1     127725    523.733    30.0114    30.0574    523.888   5321.833     3.0037     2.8596     4.9280     4.5556     1.4652     0.1294     3.0037         12  0.000e+00
      98.58     0.0975         12   6.009051      1.013     1.4662   28.50726  -88.76214    201.684    178.927  189.32055  188.85489 3.9847e+00 3.0011e+01      1.186          1     127726    523.454    30.0045    30.0361    523.607   5321.875     3.0037     2.8596     4.9292     4.5556     1.5214     0.1306     3.0037         12  0.000e+00
      98.56     0.0975         12   6.008810      0.169     1.4357   28.50726  -88.76214    201.581    178.937  189.31710  188.85148 4.0639e+00 3.0014e+01      1.193          1     127727    523.798    30.0071    30.0294    523.951   5321.917     3.0024     2.8596     4.9280     4.5556     1.5299     0.1294     3.0024         12  0.000e+00
      98.58     0.0964         12   6.008794     -1.349     1.4357   28.50726  -88.76214    201.661    178.927  189.30072  188.83527 3.9959e+00 3.0022e+01      1.137          1     127728    524.491    30.0151    30.0318    524.646   5321.958     3.0037     2.8596     4.9292     4.5568     1.5226     0.1294     3.0037         12  0.000e+00
      98.56     0.0975         12   6.008754      2.700     1.4357   28.50726  -88.76214    201.661    179.019  189.29790  188.83247 3.9180e+00 3.0024e+01      1.249          1     127729    524.651    30.0166    30.0342    524.801   5322.000     3.0037     2.8608     4.9280     4.5556     1.5140     0.1294     3.0037         12  0.000e+00
      98.58     0.0964         12   6.008255     -2.700     1.4357   28.50726  -88.76214    201.668    179.023  189.30693  188.84142 3.9070e+00 3.0021e+01      1.137          1     127730    524.676    30.0142    30.0320    524.831   5322.042     3.0037     2.8608     4.9292     4.5568     1.5128     0.1294     3.0037         12  0.000e+00
      98.58     0.0964         12   6.007732      1.350     1.4357   28.50726  -88.76214    201.687    179.044  189.32341  188.85776 3.1110e+00 3.0015e+01      1.193          1     127731    524.422    30.0082    30.0229    524.575   5322.083     3.0037     2.8608     4.9292     4.5568     1.4139     0.1294     3.0037         12  0.000e+00
      98.56     0.0975         12   6.007386      0.000     1.4357   28.50726  -88.76214    201.694    179.056  189.33007  188.86437 2.1280e+00 3.0013e+01      1.193          1     127732    524.429    30.0064    30.0193    524.581   5322.125     3.0037     2.8608     4.9280     4.5556     1.2491     0.1294     3.0037         12  0.000e+00
      98.58     0.0964         12   6.006976     -0.168     1.4662   28.50726  -88.76214    201.699    179.067  189.33545  188.86970 1.9122e+00 3.0012e+01      1.186          1     127733    524.541    30.0054    30.0164    524.695   5322.167     3.0037     2.8608     4.9292     4.5568     1.2027     0.1306     3.0037         12  0.000e+00
      98.56     0.0975         12   6.006574      0.169     1.4357   28.50726  -88.76214    201.608    179.073  189.34236  188.87656 2.3416e+00 3.0010e+01      1.193          1     127734    524.585    30.0036    30.0136    524.738   5322.208     3.0024     2.8608     4.9280     4.5556     1.2906     0.1294     3.0024         12  0.000e+00
      98.56     0.0975         12   6.006365      1.182     1.4357   28.50726  -88.76214    201.715    178.977  189.34870  188.88284 3.8851e+00 3.0008e+01      1.242          1     127735    524.496    30.0013    30.0153    524.647   5322.250     3.0037     2.8596     4.9280     4.5556     1.5104     0.1294     3.0037         12  0.000e+00
      98.58     0.0975         12   6.006292     -1.181     1.4662   28.50726  -88.76214    201.719    178.980  189.35315  188.88725 4.5734e+00 3.0006e+01      1.193          1     127736    524.366    29.9995    30.0134    524.519   5322.292     3.0037     2.8596     4.9292     4.5556     1.5812     0.1306     3.0037         12  0.000e+00
      98.56     0.0975         12   6.006284     -0.168     1.5272   28.50726  -88.76214    201.621    178.988  189.35453  188.88861 4.2034e+00 3.0006e+01      1.186          1     127737    524.314    29.9988    30.0099    524.468   5322.333     3.0024     2.8596     4.9280     4.5556     1.5446     0.1331     3.0024         12  0.000e+00
      98.56     0.0975         12   6.006284      0.169     1.5272   28.50726  -88.76214    201.722    178.999  189.35668  188.89074 2.9408e+00 3.0005e+01      1.193          1     127738    524.225    29.9978    30.0061    524.378   5322.375     3.0037     2.8596     4.9280     4.5556     1.3895     0.1331     3.0037         12  0.000e+00
      98.58     0.0964         12   6.006212      1.350     1.5272   28.50726  -88.76214    201.727    178.918  189.35957  188.89361 2.5622e+00 3.0004e+01      1.249          1     127739    524.168    29.9967    30.0025    524.319   5322.417     3.0037     2.8584     4.9292     4.5568     1.3297     0.1331     3.0037         12  0.000e+00
      98.58     0.0953         12   6.006148     -0.168     1.5272   28.50726  -88.76214    201.729    178.830  189.36161  188.89563 2.5694e+00 3.0003e+01      1.242          1     127740    524.136    29.9960    29.9998    524.286   5322.458     3.0037     2.8571     4.9292     4.5580     1.3309     0.1331     3.0037         12  0.000e+00
      98.56     0.0953         12   6.006139     -1.181     1.5272   28.50726  -88.76214    201.628    178.831  189.36075  188.89478 2.7878e+00 3.0003e+01      1.193          1     127741    524.174    29.9964    29.9986    524.327   5322.500     3.0024     2.8571     4.9280     4.5580     1.3663     0.1331     3.0024         12  0.000e+00
