tests/data/CTD/g01l05s02m.ros
* Sea-Bird SBE 9 Data File:
* FileName = D:\CTD DATA\2013\PE13-01 DiMarco\G01L05S02M.hex
* Software Version Seasave V 7.21g
* Temperature SN = 4515
* Conductivity SN = 3079
* Number of Bytes Per Scan = 40
* Number of Voltage Words = 5
* Number of Scans Averaged by the Deck Unit = 1
* NMEA Latitude = 28 44.42 N
* NMEA Longitude = 088 15.09 W
* NMEA UTC (Time) = Jul 06 2012  17:35:33
* NMEA baud rate = 4800
# nquan = 31
# nvalues = 588                                   
# units = specified
# name 0 = altM: Altimeter [m]
# name 1 = bat: Beam Attenuation, Chelsea/Seatech [1/m]
# name 2 = bpos: Bottle Position in Carousel
# name 3 = c0S/m: Conductivity [S/m]
# name 4 = dz/dtM: Descent Rate [m/s]
# name 5 = wetCDOM: Fluorescence, WET Labs CDOM [mg/m^3]
# name 6 = latitude: Latitude [deg]
# name 7 = longitude: Longitude [deg]
# name 8 = sbeox0Mm/Kg: Oxygen, SBE 43 [umol/kg]
# name 9 = sbeox1Mm/Kg: Oxygen, SBE 43, 2 [umol/kg]
# name 10 = oxsolMm/Kg: Oxygen Saturation, Garcia & Gordon [umol/kg]
# name 11 = oxsatMm/Kg: Oxygen Saturation, Weiss [umol/kg]
# name 12 = par: PAR/Irradiance, Biospherical/Licor
# name 13 = pla: Plume Anomaly
# name 14 = prDM: Pressure, Digiquartz [db]
# name 15 = pumps: Pump Status
# name 16 = scan: Scan Count
# name 17 = sva: Specific Volume Anomaly [10^-8 * m^3/kg]
# name 18 = t090C: Temperature [ITS-90, deg C]
# name 19 = t190C: Temperature, 2 [ITS-90, deg C]
# name 20 = tsa: Thermosteric Anomaly [10^-8 * m^3/kg]
# name 21 = timeS: Time, Elapsed [seconds]
# name 22 = v0: Voltage 0
# name 23 = v1: Voltage 1
# name 24 = v2: Voltage 2
# name 25 = v3: Voltage 3
# name 26 = v4: Voltage 4
# name 27 = v5: Voltage 5
# name 28 = sbeox0V: Oxygen raw, SBE 43 [V]
# name 29 = nbf: Bottles Fired
# name 30 = flag:  0.000e+00
# interval = seconds: 0.0416667
# start_time = Jul 06 2012 17:35:33 [NMEA time, header]
# bad_flag = -9.990e-29
*END*
[from data line 375]
      98.71     0.0421          8   3.841716     -0.509     2.9924   28.72616  -88.25624    123.258    104.530  274.47799  274.63297 1.2875e-01 9.9155e+00    404.471          1      97831    103.528     9.9605     9.9614     95.019   4076.250     1.5043     1.4298     4.9353     4.6190     0.0354     0.1917     1.5043          8  0.000e+00
      98.71     0.0431          8   3.841676      0.511     2.9619   28.72616  -88.25624    123.259    104.530  274.47952  274.63451 1.2875e-01 9.9153e+00    404.492          1      97832    103.543     9.9604     9.9616     95.034   4076.292     1.5043     1.4298     4.9353     4.6178     0.0354     0.1905     1.5043          8  0.000e+00
      98.71     0.0431          8   3.841676      0.001     2.9619   28.72616  -88.25624    123.259    104.391  274.47952  274.63451 1.2875e-01 9.9153e+00    404.492          1      97833    103.543     9.9604     9.9615     95.034   4076.333     1.5043     1.4286     4.9353     4.6178     0.0354     0.1905     1.5043          8  0.000e+00
      98.71     0.0431          8   3.841703      0.001     2.9619   28.72616  -88.25624    123.108    104.391  274.47898  274.63398 1.2912e-01 9.9153e+00    404.492          1      97834    103.523     9.9604     9.9616     95.014   4076.375     1.5031     1.4286     4.9353     4.6178     0.0366     0.1905     1.5031          8  0.000e+00
      98.71     0.0421          8   3.841716      0.001     2.9619   28.72616  -88.25624    123.259    104.390  274.47801  274.63298 1.2875e-01 9.9155e+00    404.492          1      97835    103.529     9.9605     9.9618     95.019   4076.417     1.5043     1.4286     4.9353     4.6190     0.0354     0.1905     1.5043          8  0.000e+00
      98.71     0.0431          8   3.841716      0.001     2.9619   28.72616  -88.25624    123.258    104.390  274.47748  274.63244 1.2875e-01 9.9156e+00    404.492          1      97836    103.540     9.9607     9.9616     95.031   4076.458     1.5043     1.4286     4.9353     4.6178     0.0354     0.1905     1.5043          8  0.000e+00
      98.71     0.0431          8   3.841736      0.001     2.9619   28.72616  -88.25624    123.258    104.529  274.47690  274.63186 1.2912e-01 9.9157e+00    404.493          1      97837    103.529     9.9607     9.9618     95.020   4076.500     1.5043     1.4298     4.9353     4.6178     0.0366     0.1905     1.5043          8  0.000e+00
      98.71     0.0421          8   3.841696      0.001     2.9619   28.72616  -88.25624    123.259    104.529  274.47841  274.63339 1.2875e-01 9.9155e+00    404.493          1      97838    103.544     9.9605     9.9618     95.035   4076.542     1.5043     1.4298     4.9353     4.6190     0.0354     0.1905     1.5043          8  0.000e+00
      98.71     0.0421          8   3.841703      0.681     2.9619   28.72616  -88.25624    123.259    104.529  274.47830  274.63328 1.2875e-01 9.9155e+00    404.521          1      97839    103.540     9.9605     9.9618     95.031   4076.583     1.5043     1.4298     4.9353     4.6190     0.0354     0.1905     1.5043          8  0.000e+00
      98.71     0.0421          8   3.841736     -1.870     2.9619   28.72616  -88.25624    123.257    104.529  274.47615  274.63109 1.2912e-01 9.9158e+00    404.443          1      97840    103.542     9.9609     9.9618     95.034   4076.625     1.5043     1.4298     4.9353     4.6190     0.0366     0.1905     1.5043          8  0.000e+00
      98.71     0.0431          8   3.841743      2.552     2.9619   28.72616  -88.25624    123.259    104.530  274.47628  274.63123 1.2875e-01 9.9158e+00    404.549          1      97841    103.539     9.9608     9.9616     95.028   4076.667     1.5043     1.4298     4.9353     4.6178     0.0354     0.1905     1.5043          8  0.000e+00
      98.71     0.0421          8   3.841743     -1.360     2.9619   28.72616  -88.25624    123.257    104.390  274.47482  274.62974 1.2875e-01 9.9161e+00    404.493          1      97842    103.567     9.9612     9.9616     95.058   4076.708     1.5043     1.4286     4.9353     4.6190     0.0354     0.1905     1.5043          8  0.000e+00
      98.71     0.0431          8   3.841770      1.361     2.9619   28.72616  -88.25624    123.258    104.530  274.47504  274.62997 1.2875e-01 9.9160e+00    404.549          1      97843    103.535     9.9610     9.9616     95.024   4076.750     1.5043     1.4298     4.9353     4.6178     0.0354     0.1905     1.5043          8  0.000e+00
      98.71     0.0421          8   3.841756     -1.360     2.9619   28.72616  -88.25624    123.258    104.529  274.47596  274.63092 1.2875e-01 9.9158e+00    404.493          1      97844    103.526     9.9608     9.9617     95.016   4076.792     1.5043     1.4298     4.9353     4.6190     0.0354     0.1905     1.5043          8  0.000e+00
      98.71     0.0431          8   3.841743      1.361     2.9619   28.72616  -88.25624    123.259    104.530  274.47611  274.63105 1.2875e-01 9.9158e+00    404.549          1      97845    103.543     9.9609     9.9618     95.032   4076.833     1.5043     1.4298     4.9353     4.6178     0.0354     0.1905     1.5043          8  0.000e+00
      98.71     0.0421          8   3.841743     -1.360     2.9619   28.72616  -88.25624    123.258    104.529  274.47623  274.63118 1.2875e-01 9.9158e+00    404.493          1      97846    103.536     9.9608     9.9618     95.026   4076.875     1.5043     1.4298     4.9353     4.6190     0.0354     0.1905     1.5043          8  0.000e+00
      98.71     0.0421          8   3.841750      0.001     2.9619   28.72616  -88.25624    123.258    104.530  274.47663  274.63159 1.2875e-01 9.9157e+00    404.493          1      97847    103.519     9.9607     9.9616     95.010   4076.917     1.5043     1.4298     4.9353     4.6190     0.0354     0.1905     1.5043          8  0.000e+00
      98.68     0.0421          9   4.115752     -1.187     2.9009   28.72582  -88.25644    129.400    110.340  259.70603  259.66769 1.2986e-01 1.2432e+01    303.031          1     101632    119.761    12.4703    12.4690    112.087   4234.625     1.6300     1.5495     4.9341     4.6190     0.0391     0.1880     1.6300          9  0.000e+00
      98.68     0.0421          9   4.115820      0.001     2.8398   28.72582  -88.25644    129.257    110.340  259.70236  259.66397 1.2986e-01 1.2433e+01    303.031          1     101633    119.773    12.4709    12.4690    112.098   4234.667     1.6288     1.5495     4.9341     4.6190     0.0391     0.1856     1.6288          9  0.000e+00
      98.68     0.0421          9   4.115862      0.001     2.8398   28.72582  -88.25644    129.397    110.340  259.70056  259.66214 1.2986e-01 1.2433e+01    303.031          1     101634    119.770    12.4712    12.4690    112.095   4234.708     1.6300     1.5495     4.9341     4.6190     0.0391     0.1856     1.6300          9  0.000e+00
      98.68     0.0421          9   4.115923      1.189     2.8398   28.72582  -88.25644    129.256    110.471  259.69751  259.65905 1.2986e-01 1.2434e+01    303.081          1     101635    119.778    12.4718    12.4690    112.102   4234.750     1.6288     1.5507     4.9341     4.6190     0.0391     0.1856     1.6288          9  0.000e+00
      98.68     0.0421          9   4.115917     -1.187     2.8398   28.72582  -88.25644    129.255    110.470  259.69820  259.65976 1.2986e-01 1.2434e+01    303.032          1     101636    119.765    12.4716    12.4691    112.090   4234.792     1.6288     1.5507     4.9341     4.6190     0.0391     0.1856     1.6288          9  0.000e+00
      98.68     0.0421          9   4.115930      1.359     2.8398   28.72582  -88.25644    129.256    110.470  259.69862  259.66019 1.2986e-01 1.2433e+01    303.088          1     101637    119.744    12.4715    12.4693    112.067   4234.833     1.6288     1.5507     4.9341     4.6190     0.0391     0.1856     1.6288          9  0.000e+00
      98.68     0.0421          9   4.115917     -0.169     2.8398   28.72582  -88.25644    129.257    110.470  259.69947  259.66106 1.2986e-01 1.2433e+01    303.081          1     101638    119.738    12.4713    12.4695    112.062   4234.875     1.6288     1.5507     4.9341     4.6190     0.0391     0.1856     1.6288          9  0.000e+00
      98.68     0.0421          9   4.115875     -1.187     2.8398   28.72582  -88.25644    129.256    110.469  259.69955  259.66112 1.2986e-01 1.2433e+01    303.032          1     101639    119.779    12.4715    12.4695    112.104   4234.917     1.6288     1.5507     4.9341     4.6190     0.0391     0.1856     1.6288          9  0.000e+00
      98.68     0.0421          9   4.115868      0.001     2.8398   28.72582  -88.25644    129.256    110.468  259.69982  259.66139 1.2986e-01 1.2433e+01    303.032          1     101640    119.780    12.4714    12.4696    112.106   4234.958     1.6288     1.5507     4.9341     4.6190     0.0391     0.1856     1.6288          9  0.000e+00
      98.68     0.0421          9   4.115896      1.359     2.8398   28.72582  -88.25644    129.397    110.470  259.69923  259.66080 1.2949e-01 1.2433e+01    303.088          1     101641    119.768    12.4715    12.4695    112.092   4235.000     1.6300     1.5507     4.9341     4.6190     0.0379     0.1856     1.6300          9  0.000e+00
      98.68     0.0421          9   4.115903     -1.357     2.8398   28.72582  -88.25644    129.255    110.469  259.69845  259.66001 1.2986e-01 1.2434e+01    303.032          1     101642    119.775    12.4716    12.4696    112.100   4235.042     1.6288     1.5507     4.9341     4.6190     0.0391     0.1856     1.6288          9  0.000e+00
      98.71     0.0421          9   4.115903      0.001     2.8398   28.72582  -88.25644    129.255    110.469  259.69845  259.66001 1.2986e-01 1.2434e+01    303.032          1     101643    119.775    12.4716    12.4696    112.100   4235.083     1.6288     1.5507     4.9353     4.6190     0.0391     0.1856     1.6288          9  0.000e+00
      98.68     0.0421          9   4.115910      0.001     2.8398   28.72582  -88.25644    129.255    110.469  259.69771  259.65926 1.2986e-01 1.2434e+01    303.032          1     101644    119.785    12.4718    12.4695    112.110   4235.125     1.6288     1.5507     4.9341     4.6190     0.0391     0.1856     1.6288          9  0.000e+00
      98.68     0.0431          9   4.115930      1.359     2.8398   28.72582  -88.25644    129.256    110.470  259.69816  259.65972 1.2986e-01 1.2434e+01    303.088          1     101645    119.755    12.4716    12.4693    112.078   4235.167     1.6288     1.5507     4.9341     4.6178     0.0391     0.1856     1.6288          9  0.000e+00
      98.71     0.0421          9   4.115944     -1.357     2.8398   28.72582  -88.25644    129.255    110.471  259.69772  259.65928 1.2986e-01 1.2434e+01    303.032          1     101646    119.746    12.4716    12.4690    112.071   4235.208     1.6288     1.5507     4.9353     4.6190     0.0391     0.1856     1.6288          9  0.000e+00
      98.71     0.0421          9   4.115917      0.001     2.8398   28.72582  -88.25644    129.255    110.470  259.69820  259.65976 1.2986e-01 1.2434e+01    303.032          1     101647    119.765    12.4716    12.4690    112.090   4235.250     1.6288     1.5507     4.9353     4.6190     0.0391     0.1856     1.6288          9  0.000e+00
      98.68     0.0421          9   4.115958      1.359     2.8398   28.72582  -88.25644    129.256    110.602  259.69752  259.65908 1.2986e-01 1.2434e+01    303.088          1     101648    119.739    12.4716    12.4686    112.063   4235.292     1.6288     1.5519     4.9341     4.6190     0.0391     0.1856     1.6288          9  0.000e+00
      98.68     0.0421          9   4.115978     -1.357     2.8398   28.72582  -88.25644    129.395    110.472  259.69650  259.65805 1.2986e-01 1.2434e+01    303.032          1     101649    119.736    12.4718    12.4683    112.061   4235.333     1.6300     1.5507     4.9341     4.6190     0.0391     0.1856     1.6300          9  0.000e+00
      98.68     0.0421          9   4.115951      0.001     2.8398   28.72582  -88.25644    129.255    110.472  259.69698  259.65853 1.2986e-01 1.2434e+01    303.032          1     101650    119.756    12.4718    12.4680    112.081   4235.375     1.6288     1.5507     4.9341     4.6190     0.0391     0.1856     1.6288          9  0.000e+00
      98.68     0.0421          9   4.115944      1.189     2.8398   28.72582  -88.25644    129.397    110.473  259.69852  259.66011 1.2986e-01 1.2433e+01    303.082          1     101651    119.730    12.4714    12.4680    112.053   4235.417     1.6300     1.5507     4.9341     4.6190     0.0391     0.1856     1.6300          9  0.000e+00
      98.68     0.0421          9   4.115889      0.170     2.8398   28.72582  -88.25644    129.257    110.473  259.69996  259.66155 1.2986e-01 1.2433e+01    303.089          1     101652    119.758    12.4713    12.4681    112.081   4235.458     1.6288     1.5507     4.9341     4.6190     0.0391     0.1856     1.6288          9  0.000e+00
      98.68     0.0421          9   4.115896     -1.357     2.8398   28.72582  -88.25644    129.256    110.472  259.69980  259.66138 1.2986e-01 1.2433e+01    303.032          1     101653    119.750    12.4713    12.4678    112.075   4235.500     1.6288     1.5507     4.9341     4.6190     0.0391     0.1856     1.6288          9  0.000e+00
      98.68     0.0410          9   4.115903      1.359     2.8398   28.72582  -88.25644    129.397    110.472  259.69910  259.66068 1.2986e-01 1.2433e+01    303.089          1     101654    119.763    12.4715    12.4683    112.087   4235.542     1.6300     1.5507     4.9341     4.6203     0.0391     0.1856     1.6300          9  0.000e+00
      98.68     0.0410          9   4.115930     -1.357     2.8398   28.72582  -88.25644    129.256    110.471  259.69858  259.66015 1.2949e-01 1.2433e+01    303.032          1     101655    119.740    12.4715    12.4681    112.065   4235.583     1.6288     1.5507     4.9341     4.6203     0.0379     0.1856     1.6288          9  0.000e+00
      98.68     0.0421          9   4.115944      1.189     2.8398   28.72582  -88.25644    129.397    110.471  259.69837  259.65995 1.2949e-01 1.2433e+01    303.082          1     101656    119.733    12.4715    12.4686    112.057   4235.625     1.6300     1.5507     4.9341     4.6190     0.0379     0.1856     1.6300          9  0.000e+00
      98.68     0.0421          9   4.115944      0.171     2.8398   28.72582  -88.25644    129.397    110.472  259.69853  259.66011 1.2949e-01 1.2433e+01    303.089          1     101657    119.730    12.4714    12.4684    112.054   4235.667     1.6300     1.5507     4.9341     4.6190     0.0379     0.1856     1.6300          9  0.000e+00
      98.68     0.0421          9   4.115944     -0.169     2.8398   28.72582  -88.25644    129.396    110.471  259.69776  259.65932 1.2986e-01 1.2434e+01    303.082          1     101658    119.749    12.4716    12.4686    112.072   4235.708     1.6300     1.5507     4.9341     4.6190     0.0391     0.1856     1.6300          9  0.000e+00
      98.68     0.0421          9   4.115944      0.170     2.8398   28.72582  -88.25644    129.396    110.471  259.69715  259.65870 1.2949e-01 1.2434e+01    303.089          1     101659    119.764    12.4718    12.4688    112.087   4235.750     1.6300     1.5507     4.9341     4.6190     0.0379     0.1856     1.6300          9  0.000e+00
      98.68     0.0421          9   4.115965     -0.169     2.8398   28.72582  -88.25644    129.396    110.470  259.69678  259.65833 1.2986e-01 1.2434e+01    303.082          1     101660    119.749    12.4718    12.4688    112.072   4235.792     1.6300     1.5507     4.9341     4.6190     0.0391     0.1856     1.6300          9  0.000e+00
