tests/data/CTD/g01l05s02m.ros
* Sea-Bird SBE 9 Data File:
* FileName = D:\CTD DATA\2013\PE13-01 DiMarco\G01L05S02M.hex
* Software Version Seasave V 7.21g
* Temperature SN = 4515
* Conductivity SN = 3079
* Number of Bytes Per Scan = 40
* Number of Voltage Words = 5
* Number of Scans Averaged by the Deck Unit = 1
* NMEA Latitude = 28 44.42 N
* NMEA Longitude = 088 15.09 W
* NMEA UTC (Time) = Jul 06 2012  17:35:33
* NMEA baud rate = 4800
# nquan = 31
# nvalues = 588                                   
# units = specified
# name 0 = altM: Altimeter [m]
# name 1 = bat: Beam Attenuation, Chelsea/Seatech [1/m]
# name 2 = bpos: Bottle Position in Carousel
# name 3 = c0S/m: Conductivity [S/m]
# name 4 = dz/dtM: Descent Rate [m/s]
# name 5 = wetCDOM: Fluorescence, WET Labs CDOM [mg/m^3]
# name 6 = latitude: Latitude [deg]
# name 7 = longitude: Longitude [deg]
# name 8 = sbeox0Mm/Kg: Oxygen, SBE 43 [umol/kg]
# name 9 = sbeox1Mm/Kg: Oxygen, SBE 43, 2 [umol/kg]
# name 10 = oxsolMm/Kg: Oxygen Saturation, Garcia & Gordon [umol/kg]
# name 11 = oxsatMm/Kg: Oxygen Saturation, Weiss [umol/kg]
# name 12 = par: PAR/Irradiance, Biospherical/Licor
# name 13 = pla: Plume Anomaly
# name 14 = prDM: Pressure, Digiquartz [db]
# name 15 = pumps: Pump Status
# name 16 = scan: Scan Count
# name 17 = sva: Specific Volume Anomaly [10^-8 * m^3/kg]
# name 18 = t090C: Temperature [ITS-90, deg C]
# name 19 = t190C: Temperature, 2 [ITS-90, deg C]
# name 20 = tsa: Thermosteric Anomaly [10^-8 * m^3/kg]
# name 21 = timeS: Time, Elapsed [seconds]
# name 22 = v0: Voltage 0
# name 23 = v1: Voltage 1
# name 24 = v2: Voltage 2
# name 25 = v3: Voltage 3
# name 26 = v4: Voltage 4
# name 27 = v5: Voltage 5
# name 28 = sbeox0V: Oxygen raw, SBE 43 [V]
# name 29 = nbf: Bottles Fired
# name 30 = flag:  0.000e+00
# interval = seconds: 0.0416667
# start_time = Jul 06 2012 17:35:33 [NMEA time, header]
# bad_flag = -9.990e-29
*END*
[from data line 328]
      98.71     0.0410          7   3.696253      0.001     3.0535   28.72656  -88.25602    126.605    107.129  283.44033  283.72350 1.2839e-01 8.4907e+00    506.304          1      93836     94.914     8.5429     8.5484     85.592   3909.792     1.4847     1.4103     4.9353     4.6203     0.0342     0.1941     1.4847          7  0.000e+00
      98.71     0.0410          7   3.696213      0.001     3.0535   28.72656  -88.25602    126.448    107.128  283.44100  283.72416 1.2839e-01 8.4907e+00    506.304          1      93837     94.949     8.5430     8.5487     85.627   3909.833     1.4835     1.4103     4.9353     4.6203     0.0342     0.1941     1.4835          7  0.000e+00
      98.71     0.0410          7   3.696239      0.001     3.0535   28.72656  -88.25602    126.289    107.128  283.44043  283.72359 1.2839e-01 8.4907e+00    506.304          1      93838     94.928     8.5430     8.5489     85.606   3909.875     1.4823     1.4103     4.9353     4.6203     0.0342     0.1941     1.4823          7  0.000e+00
      98.71     0.0410          7   3.696299      1.194     3.0535   28.72656  -88.25602    126.289    107.274  283.43708  283.72020 1.2802e-01 8.4912e+00    506.354          1      93839     94.929     8.5435     8.5489     85.605   3909.917     1.4823     1.4115     4.9353     4.6203     0.0330     0.1941     1.4823          7  0.000e+00
      98.73     0.0410          7   3.696292     -2.555     3.0840   28.72656  -88.25602    126.445    107.272  283.43655  283.71965 1.2839e-01 8.4913e+00    506.247          1      93840     94.940     8.5436     8.5489     85.619   3909.958     1.4835     1.4115     4.9365     4.6203     0.0342     0.1954     1.4835          7  0.000e+00
      98.73     0.0410          7   3.696259      2.557     3.0840   28.72656  -88.25602    126.446    107.274  283.43641  283.71948 1.2802e-01 8.4915e+00    506.354          1      93841     94.992     8.5438     8.5489     85.668   3910.000     1.4835     1.4115     4.9365     4.6203     0.0330     0.1954     1.4835          7  0.000e+00
      98.73     0.0410          7   3.696312     -1.192     3.0840   28.72656  -88.25602    126.445    107.273  283.43598  283.71909 1.2839e-01 8.4914e+00    506.304          1      93842     94.932     8.5437     8.5490     85.609   3910.042     1.4835     1.4115     4.9365     4.6203     0.0342     0.1954     1.4835          7  0.000e+00
      98.71     0.0410          7   3.696319     -1.192     3.0840   28.72656  -88.25602    126.444    107.272  283.43446  283.71752 1.2802e-01 8.4917e+00    506.254          1      93843     94.952     8.5440     8.5492     85.630   3910.083     1.4835     1.4115     4.9353     4.6203     0.0330     0.1954     1.4835          7  0.000e+00
      98.71     0.0400          7   3.696338      2.386     3.0840   28.72656  -88.25602    126.445    107.273  283.43355  283.71660 1.2839e-01 8.4918e+00    506.354          1      93844     94.954     8.5441     8.5492     85.630   3910.125     1.4835     1.4115     4.9353     4.6215     0.0342     0.1954     1.4835          7  0.000e+00
      98.71     0.0400          7   3.696351     -1.192     3.0840   28.72656  -88.25602    126.601    107.128  283.43092  283.71391 1.2802e-01 8.4924e+00    506.304          1      93845     94.989     8.5446     8.5489     85.666   3910.167     1.4847     1.4103     4.9353     4.6215     0.0330     0.1954     1.4847          7  0.000e+00
      98.73     0.0400          7   3.696371      0.001     3.0840   28.72656  -88.25602    126.601    107.130  283.43126  283.71427 1.2839e-01 8.4922e+00    506.304          1      93846     94.958     8.5445     8.5482     85.634   3910.208     1.4847     1.4103     4.9365     4.6215     0.0342     0.1954     1.4847          7  0.000e+00
      98.73     0.0400          7   3.696391      0.001     3.0840   28.72656  -88.25602    126.600    107.131  283.42949  283.71247 1.2839e-01 8.4925e+00    506.304          1      93847     94.970     8.5448     8.5477     85.646   3910.250     1.4847     1.4103     4.9365     4.6215     0.0342     0.1954     1.4847          7  0.000e+00
      98.71     0.0410          7   3.696384      0.001     3.0840   28.72656  -88.25602    126.442    107.278  283.42982  283.71281 1.2839e-01 8.4925e+00    506.304          1      93848     94.971     8.5447     8.5472     85.648   3910.292     1.4835     1.4115     4.9353     4.6203     0.0342     0.1954     1.4835          7  0.000e+00
      98.71     0.0410          7   3.696384      0.001     3.0840   28.72656  -88.25602    126.443    107.279  283.43021  283.71321 1.2802e-01 8.4924e+00    506.304          1      93849     94.963     8.5446     8.5469     85.640   3910.333     1.4835     1.4115     4.9353     4.6203     0.0330     0.1954     1.4835          7  0.000e+00
      98.71     0.0410          7   3.696358      0.001     3.0840   28.72656  -88.25602    126.443    107.281  283.43078  283.71377 1.2839e-01 8.4924e+00    506.304          1      93850     94.984     8.5446     8.5461     85.660   3910.375     1.4835     1.4115     4.9353     4.6203     0.0342     0.1954     1.4835          7  0.000e+00
      98.71     0.0421          8   3.841669      1.361     2.9619   28.72616  -88.25624    123.260    104.529  274.48023  274.63524 1.2875e-01 9.9152e+00    404.548          1      97799    103.540     9.9602     9.9621     95.029   4074.917     1.5043     1.4298     4.9353     4.6190     0.0354     0.1905     1.5043          8  0.000e+00
      98.73     0.0421          8   3.841703     -1.360     2.9619   28.72616  -88.25624    123.259    104.527  274.47827  274.63325 1.2875e-01 9.9155e+00    404.491          1      97800    103.539     9.9605     9.9624     95.030   4074.958     1.5043     1.4298     4.9365     4.6190     0.0354     0.1905     1.5043          8  0.000e+00
      98.71     0.0421          8   3.841763      0.001     2.9924   28.72616  -88.25624    123.258    104.667  274.47636  274.63132 1.2875e-01 9.9157e+00    404.491          1      97801    103.509     9.9607     9.9622     95.000   4075.000     1.5043     1.4310     4.9353     4.6190     0.0354     0.1917     1.5043          8  0.000e+00
      98.71     0.0421          8   3.841729      1.361     2.9619   28.72616  -88.25624    123.259    104.529  274.47655  274.63150 1.2875e-01 9.9158e+00    404.548          1      97802    103.549     9.9608     9.9621     95.038   4075.042     1.5043     1.4298     4.9353     4.6190     0.0354     0.1905     1.5043          8  0.000e+00
      98.71     0.0421          8   3.841736     -1.360     2.9314   28.72616  -88.25624    123.257    104.528  274.47566  274.63059 1.2875e-01 9.9160e+00    404.491          1      97803    103.557     9.9610     9.9622     95.047   4075.083     1.5043     1.4298     4.9353     4.6190     0.0354     0.1893     1.5043          8  0.000e+00
      98.71     0.0421          8   3.841723      2.552     2.9924   28.72616  -88.25624    123.260    104.530  274.47655  274.63150 1.2912e-01 9.9158e+00    404.598          1      97804    103.561     9.9609     9.9621     95.049   4075.125     1.5043     1.4298     4.9353     4.6190     0.0366     0.1917     1.5043          8  0.000e+00
      98.71     0.0421          8   3.841689     -3.060     3.0230   28.72616  -88.25624    123.259    104.528  274.47923  274.63422 1.2875e-01 9.9153e+00    404.470          1      97805    103.532     9.9604     9.9622     95.023   4075.167     1.5043     1.4298     4.9353     4.6190     0.0354     0.1929     1.5043          8  0.000e+00
      98.71     0.0410          8   3.841729      1.871     3.0230   28.72616  -88.25624    123.109    104.529  274.47779  274.63277 1.2875e-01 9.9155e+00    404.548          1      97806    103.522     9.9605     9.9622     95.011   4075.208     1.5031     1.4298     4.9353     4.6203     0.0354     0.1929     1.5031          8  0.000e+00
      98.71     0.0410          8   3.841709     -1.360     3.0230   28.72616  -88.25624    123.108    104.528  274.47761  274.63257 1.2912e-01 9.9156e+00    404.491          1      97807    103.545     9.9607     9.9624     95.036   4075.250     1.5031     1.4298     4.9353     4.6203     0.0366     0.1929     1.5031          8  0.000e+00
      98.71     0.0410          8   3.841709      1.361     3.0230   28.72616  -88.25624    123.108    104.529  274.47748  274.63244 1.2875e-01 9.9157e+00    404.548          1      97808    103.552     9.9607     9.9624     95.042   4075.292     1.5031     1.4298     4.9353     4.6203     0.0354     0.1929     1.5031          8  0.000e+00
      98.71     0.0421          8   3.841763     -1.360     2.9924   28.72616  -88.25624    123.107    104.528  274.47565  274.63060 1.2875e-01 9.9158e+00    404.492          1      97809    103.525     9.9609     9.9624     95.015   4075.333     1.5031     1.4298     4.9353     4.6190     0.0354     0.1917     1.5031          8  0.000e+00
      98.71     0.0421          8   3.841729      1.361     3.0230   28.72616  -88.25624    123.108    104.528  274.47655  274.63150 1.2912e-01 9.9158e+00    404.548          1      97810    103.549     9.9608     9.9624     95.038   4075.375     1.5031     1.4298     4.9353     4.6190     0.0366     0.1929     1.5031          8  0.000e+00
      98.71     0.0421          8   3.841783     -2.550     3.0230   28.72616  -88.25624    123.105    104.527  274.47467  274.62961 1.2875e-01 9.9160e+00    404.442          1      97811    103.519     9.9610     9.9626     95.010   4075.417     1.5031     1.4298     4.9353     4.6190     0.0354     0.1929     1.5031          8  0.000e+00
      98.71     0.0410          8   3.841763      1.191     3.0230   28.72616  -88.25624    123.257    104.528  274.47512  274.63006 1.2875e-01 9.9160e+00    404.492          1      97812    103.536     9.9610     9.9625     95.027   4075.458     1.5043     1.4298     4.9353     4.6203     0.0354     0.1929     1.5043          8  0.000e+00
      98.71     0.0421          8   3.841796      0.001     3.0230   28.72616  -88.25624    123.257    104.389  274.47445  274.62939 1.2875e-01 9.9160e+00    404.492          1      97813    103.511     9.9610     9.9622     95.002   4075.500     1.5043     1.4286     4.9353     4.6190     0.0354     0.1929     1.5043          8  0.000e+00
      98.71     0.0421          8   3.841790      2.042     3.0230   28.72616  -88.25624    123.258    104.391  274.47342  274.62833 1.2875e-01 9.9163e+00    404.577          1      97814    103.548     9.9613     9.9619     95.037   4075.542     1.5043     1.4286     4.9353     4.6190     0.0354     0.1929     1.5043          8  0.000e+00
      98.71     0.0421          8   3.841756     -2.040     3.0230   28.72616  -88.25624    123.257    104.390  274.47455  274.62947 1.2875e-01 9.9161e+00    404.492          1      97815    103.557     9.9612     9.9618     95.048   4075.583     1.5043     1.4286     4.9353     4.6190     0.0354     0.1929     1.5043          8  0.000e+00
      98.71     0.0421          8   3.841743      0.001     3.0230   28.72616  -88.25624    123.107    104.529  274.47605  274.63100 1.2875e-01 9.9158e+00    404.492          1      97816    103.540     9.9609     9.9619     95.030   4075.625     1.5031     1.4298     4.9353     4.6190     0.0354     0.1929     1.5031          8  0.000e+00
      98.71     0.0421          8   3.841743      0.001     3.0230   28.72616  -88.25624    123.107    104.529  274.47694  274.63191 1.2912e-01 9.9156e+00    404.492          1      97817    103.520     9.9607     9.9619     95.011   4075.667     1.5031     1.4298     4.9353     4.6190     0.0366     0.1929     1.5031          8  0.000e+00
      98.71     0.0421          8   3.841750      0.001     3.0230   28.72616  -88.25624    123.107    104.529  274.47539  274.63032 1.2875e-01 9.9160e+00    404.492          1      97818    103.546     9.9610     9.9618     95.037   4075.708     1.5031     1.4298     4.9353     4.6190     0.0354     0.1929     1.5031          8  0.000e+00
      98.71     0.0410          8   3.841750      1.361     3.0230   28.72616  -88.25624    123.107    104.391  274.47473  274.62965 1.2875e-01 9.9161e+00    404.549          1      97819    103.565     9.9612     9.9618     95.054   4075.750     1.5031     1.4286     4.9353     4.6203     0.0354     0.1929     1.5031          8  0.000e+00
      98.71     0.0421          8   3.841770     -2.550     3.0230   28.72616  -88.25624    123.257    104.389  274.47547  274.63042 1.2912e-01 9.9158e+00    404.442          1      97820    103.517     9.9609     9.9618     95.008   4075.792     1.5043     1.4286     4.9353     4.6190     0.0366     0.1929     1.5043          8  0.000e+00
      98.71     0.0431          8   3.841756      2.552     3.0230   28.72616  -88.25624    123.258    104.531  274.47460  274.62952 1.2875e-01 9.9161e+00    404.549          1      97821    103.560     9.9612     9.9614     95.049   4075.833     1.5043     1.4298     4.9353     4.6178     0.0354     0.1929     1.5043          8  0.000e+00
      98.71     0.0431          8   3.841723     -0.680     3.0230   28.72616  -88.25624    123.258    104.530  274.47595  274.63088 1.2875e-01 9.9160e+00    404.520          1      97822    103.568     9.9610     9.9617     95.058   4075.875     1.5043     1.4298     4.9353     4.6178     0.0354     0.1929     1.5043          8  0.000e+00
      98.71     0.0421          8   3.841763     -1.870     3.0230   28.72616  -88.25624    123.256    104.529  274.47508  274.63001 1.2912e-01 9.9160e+00    404.442          1      97823    103.534     9.9610     9.9616     95.025   4075.917     1.5043     1.4298     4.9353     4.6190     0.0366     0.1929     1.5043          8  0.000e+00
      98.71     0.0421          8   3.841750      2.552     3.0230   28.72616  -88.25624    123.258    104.530  274.47544  274.63037 1.2875e-01 9.9160e+00    404.549          1      97824    103.550     9.9610     9.9618     95.039   4075.958     1.5043     1.4298     4.9353     4.6190     0.0354     0.1929     1.5043          8  0.000e+00
      98.71     0.0431          8   3.841770     -1.360     3.0230   28.72616  -88.25624    123.257    104.530  274.47499  274.62992 1.2875e-01 9.9160e+00    404.492          1      97825    103.531     9.9610     9.9614     95.022   4076.000     1.5043     1.4298     4.9353     4.6178     0.0354     0.1929     1.5043          8  0.000e+00
      98.71     0.0421          8   3.841756     -1.190     3.0230   28.72616  -88.25624    123.256    104.529  274.47451  274.62942 1.2912e-01 9.9161e+00    404.443          1      97826    103.554     9.9612     9.9618     95.046   4076.042     1.5043     1.4298     4.9353     4.6190     0.0366     0.1929     1.5043          8  0.000e+00
      98.71     0.0431          8   3.841796      1.191     3.0230   28.72616  -88.25624    123.256    104.530  274.47321  274.62812 1.2875e-01 9.9163e+00    404.492          1      97827    103.539     9.9613     9.9614     95.029   4076.083     1.5043     1.4298     4.9353     4.6178     0.0354     0.1929     1.5043          8  0.000e+00
      98.71     0.0431          8   3.841783      0.001     3.0230   28.72616  -88.25624    123.257    104.530  274.47401  274.62893 1.2875e-01 9.9161e+00    404.492          1      97828    103.537     9.9612     9.9614     95.027   4076.125     1.5043     1.4298     4.9353     4.6178     0.0354     0.1929     1.5043          8  0.000e+00
      98.71     0.0431          8   3.841756      0.001     3.0230   28.72616  -88.25624    123.258    104.530  274.47596  274.63092 1.2875e-01 9.9158e+00    404.492          1      97829    103.526     9.9608     9.9613     95.016   4076.167     1.5043     1.4298     4.9353     4.6178     0.0354     0.1929     1.5043          8  0.000e+00
