tests/data/CTD/g01l05s04m.ros
* Sea-Bird SBE 9 Data File:
* FileName = D:\CTD DATA\2013\PE13-01 DiMarco\G01L05s04m.hex
* Software Version Seasave V 7.21g
* Temperature SN = 4515
* Conductivity SN = 3079
* Number of Bytes Per Scan = 40
* Number of Voltage Words = 5
* Number of Scans Averaged by the Deck Unit = 1
* NMEA Latitude = 28 14.97 N
* NMEA Longitude = 088 14.98 W
* NMEA UTC (Time) = Jul 07 2012  16:32:56
* NMEA baud rate = 4800
# nquan = 31
# nvalues = 588                                   
# units = specified
# name 0 = altM: Altimeter [m]
# name 1 = bat: Beam Attenuation, Chelsea/Seatech [1/m]
# name 2 = bpos: Bottle Position in Carousel
# name 3 = c0S/m: Conductivity [S/m]
# name 4 = dz/dtM: Descent Rate [m/s]
# name 5 = wetCDOM: Fluorescence, WET Labs CDOM [mg/m^3]
# name 6 = latitude: Latitude [deg]
# name 7 = longitude: Longitude [deg]
# name 8 = sbeox0Mm/Kg: Oxygen, SBE 43 [umol/kg]
# name 9 = sbeox1Mm/Kg: Oxygen, SBE 43, 2 [umol/kg]
# name 10 = oxsolMm/Kg: Oxygen Saturation, Garcia & Gordon [umol/kg]
# name 11 = oxsatMm/Kg: Oxygen Saturation, Weiss [umol/kg]
# name 12 = par: PAR/Irradiance, Biospherical/Licor
# name 13 = pla: Plume Anomaly
# name 14 = prDM: Pressure, Digiquartz [db]
# name 15 = pumps: Pump Status
# name 16 = scan: Scan Count
# name 17 = sva: Specific Volume Anomaly [10^-8 * m^3/kg]
# name 18 = t090C: Temperature [ITS-90, deg C]
# name 19 = t190C: Temperature, 2 [ITS-90, deg C]
# name 20 = tsa: Thermosteric Anomaly [10^-8 * m^3/kg]
# name 21 = timeS: Time, Elapsed [seconds]
# name 22 = v0: Voltage 0
# name 23 = v1: Voltage 1
# name 24 = v2: Voltage 2
# name 25 = v3: Voltage 3
# name 26 = v4: Voltage 4
# name 27 = v5: Voltage 5
# name 28 = sbeox0V: Oxygen raw, SBE 43 [V]
# name 29 = nbf: Bottles Fired
# name 30 = flag:  0.000e+00
# interval = seconds: 0.0416667
# start_time = Jul 07 2012 16:32:56 [NMEA time, header]
# bad_flag = -9.990e-29
*END*
[from data line 141]
      98.66     0.0368          3   3.352953     -1.568    -1.8000   28.25478  -88.23426    218.071    184.738  312.76470  313.54885 1.1856e-01 4.1356e+00   1718.523          1     106325     52.346     4.2787     4.2778     35.477   4430.167     1.8034     1.7021     4.9328     4.6252     0.0000     0.0000     1.8034          3  0.000e+00
      98.66     0.0357          3   3.352953      0.001    -1.8000   28.25478  -88.23426    218.070    184.737  312.76300  313.54709 1.1856e-01 4.1360e+00   1718.523          1     106326     52.377     4.2790     4.2781     35.507   4430.208     1.8034     1.7021     4.9328     4.6264     0.0000     0.0000     1.8034          3  0.000e+00
      98.66     0.0357          3   3.352966     -1.045    -1.8000   28.25478  -88.23426    217.864    184.736  312.76358  313.54770 1.1856e-01 4.1358e+00   1718.480          1     106327     52.347     4.2788     4.2780     35.477   4430.250     1.8022     1.7021     4.9328     4.6264     0.0000     0.0000     1.8022          3  0.000e+00
      98.66     0.0357          3   3.352985      2.267    -1.8000   28.25478  -88.23426    218.072    184.738  312.76389  313.54805 1.1856e-01 4.1356e+00   1718.574          1     106328     52.322     4.2787     4.2780     35.451   4430.292     1.8034     1.7021     4.9328     4.6264     0.0000     0.0000     1.8034          3  0.000e+00
      98.66     0.0357          3   3.352972     -2.614    -1.8000   28.25478  -88.23426    217.863    184.736  312.76315  313.54726 1.1856e-01 4.1358e+00   1718.465          1     106329     52.345     4.2788     4.2780     35.476   4430.333     1.8022     1.7021     4.9328     4.6264     0.0000     0.0000     1.8022          3  0.000e+00
      98.66     0.0357          3   3.352972      1.570    -1.8000   28.25478  -88.23426    218.070    184.737  312.76346  313.54759 1.1856e-01 4.1358e+00   1718.531          1     106330     52.344     4.2788     4.2780     35.474   4430.375     1.8034     1.7021     4.9328     4.6264     0.0000     0.0000     1.8034          3  0.000e+00
      98.66     0.0389          4   3.347094     -0.694    -1.8000   28.25516  -88.23336    215.443    182.756  312.54357  313.32338 1.1856e-01 4.1849e+00   1515.912          1     113982     51.013     4.3090     4.3080     35.971   4749.208     1.8230     1.7216     4.9328     4.6227     0.0000     0.0000     1.8230          4  0.000e+00
      98.66     0.0379          4   3.347132      0.696    -1.8000   28.25516  -88.23336    215.444    182.755  312.54280  313.32263 1.1856e-01 4.1848e+00   1515.941          1     113983     50.978     4.3090     4.3085     35.934   4749.250     1.8230     1.7216     4.9328     4.6239     0.0000     0.0000     1.8230          4  0.000e+00
      98.66     0.0379          4   3.347132      1.390    -1.8000   28.25516  -88.23336    215.645    182.757  312.54263  313.32245 1.1856e-01 4.1848e+00   1515.999          1     113984     50.985     4.3090     4.3083     35.940   4749.292     1.8242     1.7216     4.9328     4.6239     0.0000     0.0000     1.8242          4  0.000e+00
      98.66     0.0379          4   3.347119      0.001    -1.8000   28.25516  -88.23336    215.645    182.757  312.54321  313.32304 1.1856e-01 4.1848e+00   1515.999          1     113985     50.991     4.3090     4.3083     35.947   4749.333     1.8242     1.7216     4.9328     4.6239     0.0000     0.0000     1.8242          4  0.000e+00
      98.66     0.0389          4   3.347100     -1.388    -1.8000   28.25516  -88.23336    215.644    182.756  312.54343  313.32324 1.1856e-01 4.1849e+00   1515.941          1     113986     51.009     4.3090     4.3081     35.966   4749.375     1.8242     1.7216     4.9328     4.6227     0.0000     0.0000     1.8242          4  0.000e+00
      98.68     0.0379          4   3.347088      2.606    -1.8000   28.25516  -88.23336    215.647    182.759  312.54414  313.32395 1.1856e-01 4.1848e+00   1516.050          1     113987     51.021     4.3090     4.3082     35.977   4749.417     1.8242     1.7216     4.9341     4.6239     0.0000     0.0000     1.8242          4  0.000e+00
      98.66     0.0389          4   3.347088     -1.215    -1.8000   28.25516  -88.23336    215.645    182.758  312.54311  313.32289 1.1856e-01 4.1850e+00   1515.999          1     113988     51.036     4.3092     4.3083     35.992   4749.458     1.8242     1.7216     4.9328     4.6227     0.0000     0.0000     1.8242          4  0.000e+00
      98.66     0.0379          4   3.347113      0.001    -1.8000   28.25516  -88.23336    215.645    182.758  312.54339  313.32321 1.1856e-01 4.1848e+00   1515.999          1     113989     50.997     4.3090     4.3083     35.953   4749.500     1.8242     1.7216     4.9328     4.6239     0.0000     0.0000     1.8242          4  0.000e+00
      98.66     0.0379          4   3.347094      0.522    -1.8000   28.25516  -88.23336    215.646    182.573  312.54369  313.32350 1.1856e-01 4.1848e+00   1516.021          1     113990     51.018     4.3090     4.3082     35.975   4749.542     1.8242     1.7204     4.9328     4.6239     0.0000     0.0000     1.8242          4  0.000e+00
      98.66     0.0379          4   3.347088      0.696    -1.8000   28.25516  -88.23336    215.647    182.574  312.54414  313.32395 1.1856e-01 4.1848e+00   1516.050          1     113991     51.021     4.3090     4.3082     35.977   4749.583     1.8242     1.7204     4.9328     4.6239     0.0000     0.0000     1.8242          4  0.000e+00
      98.66     0.0379          4   3.347088     -1.215    -1.8000   28.25516  -88.23336    215.646    182.573  312.54384  313.32364 1.1856e-01 4.1849e+00   1515.999          1     113992     51.023     4.3090     4.3083     35.979   4749.625     1.8242     1.7204     4.9328     4.6239     0.0000     0.0000     1.8242          4  0.000e+00
      98.63     0.0389          4   3.347088      1.217    -1.8000   28.25516  -88.23336    215.448    182.760  312.54414  313.32395 1.1856e-01 4.1848e+00   1516.050          1     113993     51.021     4.3090     4.3080     35.977   4749.667     1.8230     1.7216     4.9316     4.6227     0.0000     0.0000     1.8230          4  0.000e+00
      98.66     0.0368          4   3.347113      0.001    -1.8000   28.25516  -88.23336    215.447    182.759  312.54320  313.32302 1.1856e-01 4.1848e+00   1516.050          1     113994     51.003     4.3090     4.3082     35.959   4749.708     1.8230     1.7216     4.9328     4.6252     0.0000     0.0000     1.8230          4  0.000e+00
      98.66     0.0368          4   3.347094     -1.215    -1.8000   28.25516  -88.23336    215.446    182.757  312.54391  313.32372 1.1856e-01 4.1848e+00   1515.999          1     113995     51.013     4.3090     4.3083     35.969   4749.750     1.8230     1.7216     4.9328     4.6252     0.0000     0.0000     1.8230          4  0.000e+00
      98.66     0.0357          4   3.347113      1.217    -1.8000   28.25516  -88.23336    215.447    182.758  312.54345  313.32327 1.1856e-01 4.1848e+00   1516.050          1     113996     50.999     4.3090     4.3085     35.955   4749.792     1.8230     1.7216     4.9328     4.6264     0.0000     0.0000     1.8230          4  0.000e+00
      98.66     0.0368          4   3.347094      1.390    -1.8000   28.25516  -88.23336    215.448    182.761  312.54209  313.32184 1.1856e-01 4.1852e+00   1516.108          1     113997     51.053     4.3094     4.3081     36.008   4749.833     1.8230     1.7216     4.9328     4.6252     0.0000     0.0000     1.8230          4  0.000e+00
      98.66     0.0368          4   3.347107     -2.083    -1.8000   28.25516  -88.23336    215.446    182.757  312.54359  313.32341 1.1856e-01 4.1848e+00   1516.021          1     113998     51.003     4.3090     4.3085     35.959   4749.875     1.8230     1.7216     4.9328     4.6252     0.0000     0.0000     1.8230          4  0.000e+00
      98.66     0.0368          4   3.347100      2.085    -1.8000   28.25516  -88.23336    215.648    182.760  312.54289  313.32267 1.1856e-01 4.1850e+00   1516.108          1     113999     51.030     4.3092     4.3083     35.985   4749.917     1.8242     1.7216     4.9328     4.6252     0.0000     0.0000     1.8242          4  0.000e+00
      98.66     0.0368          4   3.347113     -1.389    -1.8000   28.25516  -88.23336    215.646    182.758  312.54272  313.32252 1.1856e-01 4.1849e+00   1516.050          1     114000     51.012     4.3091     4.3083     35.968   4749.958     1.8242     1.7216     4.9328     4.6252     0.0000     0.0000     1.8242          4  0.000e+00
      98.66     0.0368          4   3.347119      0.001    -1.8000   28.25516  -88.23336    215.647    182.759  312.54303  313.32285 1.1856e-01 4.1848e+00   1516.050          1     114001     50.998     4.3090     4.3082     35.953   4750.000     1.8242     1.7216     4.9328     4.6252     0.0000     0.0000     1.8242          4  0.000e+00
      98.66     0.0368          4   3.347094      0.001    -1.8000   28.25516  -88.23336    215.646    182.574  312.54251  313.32228 1.1856e-01 4.1851e+00   1516.050          1     114002     51.041     4.3093     4.3083     35.997   4750.042     1.8242     1.7204     4.9328     4.6252     0.0000     0.0000     1.8242          4  0.000e+00
      98.66     0.0368          4   3.347157      1.390    -1.8000   28.25516  -88.23336    215.646    182.760  312.54036  313.32013 1.1856e-01 4.1852e+00   1516.108          1     114003     50.999     4.3094     4.3081     35.952   4750.083     1.8242     1.7216     4.9328     4.6252     0.0000     0.0000     1.8242          4  0.000e+00
      98.66     0.0368          4   3.347158      0.001    -1.8000   28.25516  -88.23336    215.647    182.760  312.54157  313.32138 1.1856e-01 4.1849e+00   1516.108          1     114004     50.977     4.3091     4.3083     35.931   4750.125     1.8242     1.7216     4.9328     4.6252     0.0000     0.0000     1.8242          4  0.000e+00
      98.66     0.0368          4   3.347126     -1.389    -1.8000   28.25516  -88.23336    215.646    182.759  312.54286  313.32268 1.1856e-01 4.1848e+00   1516.050          1     114005     50.993     4.3090     4.3081     35.948   4750.167     1.8242     1.7216     4.9328     4.6252     0.0000     0.0000     1.8242          4  0.000e+00
      98.66     0.0368          4   3.347119      0.696    -1.8000   28.25516  -88.23336    215.647    182.759  312.54258  313.32238 1.1856e-01 4.1849e+00   1516.079          1     114006     51.008     4.3091     4.3083     35.963   4750.208     1.8242     1.7216     4.9328     4.6252     0.0000     0.0000     1.8242          4  0.000e+00
      98.66     0.0368          4   3.347119      0.696    -1.8000   28.25516  -88.23336    215.648    182.760  312.54237  313.32216 1.1856e-01 4.1850e+00   1516.108          1     114007     51.014     4.3092     4.3082     35.968   4750.250     1.8242     1.7216     4.9328     4.6252     0.0000     0.0000     1.8242          4  0.000e+00
      98.66     0.0368          4   3.347094     -1.389    -1.8000   28.25516  -88.23336    215.647    182.759  312.54324  313.32303 1.1856e-01 4.1849e+00   1516.050          1     114008     51.028     4.3091     4.3081     35.984   4750.292     1.8242     1.7216     4.9328     4.6252     0.0000     0.0000     1.8242          4  0.000e+00
      98.66     0.0368          4   3.347113      2.606    -1.8000   28.25516  -88.23336    215.650    182.761  312.54333  313.32314 1.1856e-01 4.1848e+00   1516.159          1     114009     51.008     4.3090     4.3083     35.963   4750.333     1.8242     1.7216     4.9328     4.6252     0.0000     0.0000     1.8242          4  0.000e+00
      98.66     0.0368          4   3.347119     -2.604    -1.8000   28.25516  -88.23336    215.646    182.758  312.54255  313.32235 1.1856e-01 4.1849e+00   1516.051          1     114010     51.007     4.3091     4.3083     35.962   4750.375     1.8242     1.7216     4.9328     4.6252     0.0000     0.0000     1.8242          4  0.000e+00
      98.66     0.0357          4   3.347100      1.390    -1.8000   28.25516  -88.23336    215.449    182.759  312.54362  313.32342 1.1856e-01 4.1848e+00   1516.108          1     114011     51.017     4.3090     4.3084     35.972   4750.417     1.8230     1.7216     4.9328     4.6264     0.0000     0.0000     1.8230          4  0.000e+00
      98.66     0.0379          4   3.347113      0.001    -1.8000   28.25516  -88.23336    215.449    182.760  312.54351  313.32333 1.1856e-01 4.1848e+00   1516.109          1     114012     51.002     4.3090     4.3083     35.957   4750.458     1.8230     1.7216     4.9328     4.6239     0.0000     0.0000     1.8230          4  0.000e+00
      98.66     0.0368          4   3.347119      1.216    -1.8000   28.25516  -88.23336    215.649    182.760  312.54267  313.32247 1.1856e-01 4.1849e+00   1516.159          1     114013     51.012     4.3091     4.3084     35.966   4750.500     1.8242     1.7216     4.9328     4.6252     0.0000     0.0000     1.8242          4  0.000e+00
      98.66     0.0379          4   3.347100     -3.299    -1.8000   28.25516  -88.23336    215.446    182.757  312.54352  313.32333 1.1856e-01 4.1848e+00   1516.022          1     114014     51.013     4.3090     4.3083     35.969   4750.542     1.8230     1.7216     4.9328     4.6239     0.0000     0.0000     1.8230          4  0.000e+00
      98.66     0.0379          4   3.347113      2.085    -1.8000   28.25516  -88.23336    215.448    182.760  312.54278  313.32258 1.1856e-01 4.1849e+00   1516.109          1     114015     51.015     4.3091     4.3083     35.970   4750.583     1.8230     1.7216     4.9328     4.6239     0.0000     0.0000     1.8230          4  0.000e+00
      98.66     0.0368          4   3.347100      0.001    -1.8000   28.25516  -88.23336    215.649    182.760  312.54362  313.32342 1.1856e-01 4.1848e+00   1516.109          1     114016     51.017     4.3090     4.3083     35.972   4750.625     1.8242     1.7216     4.9328     4.6252     0.0000     0.0000     1.8242          4  0.000e+00
      98.66     0.0379          4   3.347113      0.001    -1.8000   28.25516  -88.23336    215.448    182.760  312.54206  313.32183 1.1856e-01 4.1851e+00   1516.109          1     114017     51.028     4.3093     4.3083     35.982   4750.667     1.8230     1.7216     4.9328     4.6239     0.0000     0.0000     1.8230          4  0.000e+00
      98.66     0.0368          4   3.347119      0.001    -1.8000   28.25516  -88.23336    215.448    182.760  312.54237  313.32216 1.1856e-01 4.1850e+00   1516.109          1     114018     51.014     4.3092     4.3083     35.968   4750.708     1.8230     1.7216     4.9328     4.6252     0.0000     0.0000     1.8230          4  0.000e+00
      98.66     0.0368          4   3.347100      0.001    -1.8000   28.25516  -88.23336    215.450    182.760  312.54483  313.32468 1.1856e-01 4.1846e+00   1516.109          1     114019     50.995     4.3088     4.3083     35.951   4750.750     1.8230     1.7216     4.9328     4.6252     0.0000     0.0000     1.8230          4  0.000e+00
      98.66     0.0368          4   3.347132      0.001    -1.8000   28.25516  -88.23336    215.448    182.759  312.54202  313.32182 1.1856e-01 4.1850e+00   1516.109          1     114020     51.003     4.3092     4.3085     35.957   4750.792     1.8230     1.7216     4.9328     4.6252     0.0000     0.0000     1.8230          4  0.000e+00
      98.66     0.0368          4   3.347132     -0.694    -1.8000   28.25516  -88.23336    215.447    182.759  312.54223  313.32204 1.1856e-01 4.1849e+00   1516.080          1     114021     50.997     4.3091     4.3084     35.952   4750.833     1.8230     1.7216     4.9328     4.6252     0.0000     0.0000     1.8230          4  0.000e+00
