tests/data/CTD/g01l02s03.ros
* Sea-Bird SBE 9 Data File:
* FileName = D:\CTD DATA\2013\PE13-01 DiMarco\G01L02S03.hex
* Software Version Seasave V 7.21g
* Temperature SN = 4515
* Conductivity SN = 3079
* Number of Bytes Per Scan = 40
* Number of Voltage Words = 5
* Number of Scans Averaged by the Deck Unit = 1
* NMEA Latitude = 28 15.05 N
* NMEA Longitude = 089 00.00 W
* NMEA UTC (Time) = Jul 08 2012  10:06:00
* NMEA baud rate = 4800
# nquan = 31
# nvalues = 588                                   
# units = specified
# name 0 = altM: Altimeter [m]
# name 1 = bat: Beam Attenuation, Chelsea/Seatech [1/m]
# name 2 = bpos: Bottle Position in Carousel
# name 3 = c0S/m: Conductivity [S/m]
# name 4 = dz/dtM: Descent Rate [m/s]
# name 5 = wetCDOM: Fluorescence, WET Labs CDOM [mg/m^3]
# name 6 = latitude: Latitude [deg]
# name 7 = longitude: Longitude [deg]
# name 8 = sbeox0Mm/Kg: Oxygen, SBE 43 [umol/kg]
# name 9 = sbeox1Mm/Kg: Oxygen, SBE 43, 2 [umol/kg]
# name 10 = oxsolMm/Kg: Oxygen Saturation, Garcia & Gordon [umol/kg]
# name 11 = oxsatMm/Kg: Oxygen Saturation, Weiss [umol/kg]
# name 12 = par: PAR/Irradiance, Biospherical/Licor
# name 13 = pla: Plume Anomaly
# name 14 = prDM: Pressure, Digiquartz [db]
# name 15 = pumps: Pump Status
# name 16 = scan: Scan Count
# name 17 = sva: Specific Volume Anomaly [10^-8 * m^3/kg]
# name 18 = t090C: Temperature [ITS-90, deg C]
# name 19 = t190C: Temperature, 2 [ITS-90, deg C]
# name 20 = tsa: Thermosteric Anomaly [10^-8 * m^3/kg]
# name 21 = timeS: Time, Elapsed [seconds]
# name 22 = v0: Voltage 0
# name 23 = v1: Voltage 1
# name 24 = v2: Voltage 2
# name 25 = v3: Voltage 3
# name 26 = v4: Voltage 4
# name 27 = v5: Voltage 5
# name 28 = sbeox0V: Oxygen raw, SBE 43 [V]
# name 29 = nbf: Bottles Fired
# name 30 = flag:  0.000e+00
# interval = seconds: 0.0416667
# start_time = Jul 08 2012 10:06:00 [NMEA time, header]
# bad_flag = -9.990e-29
*END*
[from data line 234]
      98.71     0.0400          5   3.519694      1.198     3.2366   28.26346  -89.00458    142.430    121.044  295.99459  296.47567 1.3360e-01 6.5872e+00    706.328          1      77565     78.136     6.6523     6.6521     67.714   3231.833     1.5311     1.4567     4.9353     4.6215     0.0513     0.2015     1.5311          5  0.000e+00
      98.71     0.0389          5   3.519668     -1.197     3.2061   28.26346  -89.00458    142.430    120.887  295.99601  296.47711 1.3322e-01 6.5870e+00    706.278          1      77566     78.138     6.6521     6.6519     67.717   3231.875     1.5311     1.4554     4.9353     4.6227     0.0501     0.2002     1.5311          5  0.000e+00
      98.71     0.0389          5   3.519701      0.856     3.2061   28.26346  -89.00458    142.599    121.044  295.99442  296.47550 1.3360e-01 6.5872e+00    706.314          1      77567     78.130     6.6523     6.6521     67.708   3231.917     1.5324     1.4567     4.9353     4.6227     0.0513     0.2002     1.5324          5  0.000e+00
      98.71     0.0389          5   3.519720     -0.854     3.2061   28.26346  -89.00458    142.599    121.043  295.99455  296.47566 1.3360e-01 6.5871e+00    706.278          1      77568     78.100     6.6521     6.6521     67.678   3231.958     1.5324     1.4567     4.9353     4.6227     0.0513     0.2002     1.5324          5  0.000e+00
      98.71     0.0389          5   3.519694      1.198     3.2061   28.26346  -89.00458    142.600    121.043  295.99607  296.47720 1.3322e-01 6.5869e+00    706.328          1      77569     78.107     6.6520     6.6523     67.685   3232.000     1.5324     1.4567     4.9353     4.6227     0.0501     0.2002     1.5324          5  0.000e+00
      98.71     0.0389          5   3.519668     -1.197     3.2061   28.26346  -89.00458    142.599    121.042  295.99516  296.47623 1.3322e-01 6.5872e+00    706.278          1      77570     78.154     6.6523     6.6524     67.733   3232.042     1.5324     1.4567     4.9353     4.6227     0.0501     0.2002     1.5324          5  0.000e+00
      98.71     0.0389          5   3.519701      1.198     3.2061   28.26346  -89.00458    142.600    120.886  295.99443  296.47552 1.3360e-01 6.5872e+00    706.328          1      77571     78.130     6.6523     6.6524     67.709   3232.083     1.5324     1.4554     4.9353     4.6227     0.0513     0.2002     1.5324          5  0.000e+00
      98.71     0.0389          5   3.519694     -0.341     3.2061   28.26346  -89.00458    142.600    121.043  295.99521  296.47631 1.3360e-01 6.5871e+00    706.314          1      77572     78.123     6.6521     6.6524     67.701   3232.125     1.5324     1.4567     4.9353     4.6227     0.0513     0.2002     1.5324          5  0.000e+00
      98.71     0.0400          5   3.519733     -0.855     3.2061   28.26346  -89.00458    142.598    121.042  295.99296  296.47404 1.3398e-01 6.5873e+00    706.278          1      77573     78.114     6.6524     6.6524     67.692   3232.167     1.5324     1.4567     4.9353     4.6215     0.0525     0.2002     1.5324          5  0.000e+00
      98.71     0.0389          5   3.519726      0.001     3.2061   28.26346  -89.00458    142.598    121.043  295.99376  296.47485 1.3360e-01 6.5872e+00    706.278          1      77574     78.107     6.6523     6.6523     67.685   3232.208     1.5324     1.4567     4.9353     4.6227     0.0513     0.2002     1.5324          5  0.000e+00
      98.71     0.0389          5   3.519746      1.198     3.2061   28.26346  -89.00458    142.599    120.886  295.99270  296.47378 1.3360e-01 6.5873e+00    706.328          1      77575     78.106     6.6524     6.6526     67.684   3232.250     1.5324     1.4554     4.9353     4.6227     0.0513     0.2002     1.5324          5  0.000e+00
      70.57     0.0389          6   3.597639      1.367     3.1451   28.26428  -89.00474    130.970    110.795  290.18888  290.57557 1.3284e-01 7.4549e+00    606.701          1      82164     86.718     7.5139     7.5138     76.743   3423.458     1.4811     1.4066     3.5287     4.6227     0.0488     0.1978     1.4811          6  0.000e+00
      67.18     0.0379          6   3.597639     -0.853     3.1451   28.26428  -89.00474    130.970    110.794  290.18946  290.57616 1.3247e-01 7.4548e+00    606.666          1      82165     86.704     7.5138     7.5141     76.729   3423.500     1.4811     1.4066     3.3590     4.6239     0.0476     0.1978     1.4811          6  0.000e+00
      67.89     0.0400          6   3.597639     -1.707     3.1451   28.26428  -89.00474    130.969    110.793  290.18939  290.57609 1.3247e-01 7.4548e+00    606.595          1      82166     86.700     7.5138     7.5141     76.727   3423.542     1.4811     1.4066     3.3944     4.6215     0.0476     0.1978     1.4811          6  0.000e+00
      68.57     0.0389          6   3.597626      1.708     3.1451   28.26428  -89.00474    130.970    110.793  290.18976  290.57646 1.3247e-01 7.4548e+00    606.666          1      82167     86.714     7.5138     7.5143     76.740   3423.583     1.4811     1.4066     3.4286     4.6227     0.0476     0.1978     1.4811          6  0.000e+00
      68.69     0.0389          6   3.597659     -0.511     3.1451   28.26428  -89.00474    130.805    110.793  290.18899  290.57570 1.3284e-01 7.4548e+00    606.644          1      82168     86.687     7.5138     7.5142     76.713   3423.625     1.4799     1.4066     3.4347     4.6227     0.0488     0.1978     1.4799          6  0.000e+00
      68.64     0.0389          6   3.597646      0.513     3.1451   28.26428  -89.00474    130.806    110.794  290.19012  290.57685 1.3209e-01 7.4546e+00    606.666          1      82169     86.683     7.5136     7.5142     76.708   3423.667     1.4799     1.4066     3.4322     4.6227     0.0464     0.1978     1.4799          6  0.000e+00
      68.62     0.0389          6   3.597659     -0.511     3.1451   28.26428  -89.00474    130.969    110.793  290.18838  290.57507 1.3247e-01 7.4549e+00    606.644          1      82170     86.700     7.5139     7.5143     76.725   3423.708     1.4811     1.4066     3.4310     4.6227     0.0476     0.1978     1.4811          6  0.000e+00
      68.62     0.0389          6   3.597659      0.513     3.1451   28.26428  -89.00474    130.970    110.794  290.18982  290.57655 1.3247e-01 7.4546e+00    606.666          1      82171     86.672     7.5136     7.5142     76.697   3423.750     1.4811     1.4066     3.4310     4.6227     0.0476     0.1978     1.4811          6  0.000e+00
      68.62     0.0379          6   3.597639     -0.511     3.1451   28.26428  -89.00474    130.970    110.793  290.18944  290.57614 1.3284e-01 7.4548e+00    606.645          1      82172     86.703     7.5138     7.5143     76.728   3423.792     1.4811     1.4066     3.4310     4.6239     0.0488     0.1978     1.4811          6  0.000e+00
      68.62     0.0379          6   3.597659      0.513     3.1451   28.26428  -89.00474    130.970    110.794  290.18901  290.57572 1.3247e-01 7.4548e+00    606.666          1      82173     86.688     7.5138     7.5142     76.713   3423.833     1.4811     1.4066     3.4310     4.6239     0.0476     0.1978     1.4811          6  0.000e+00
      68.62     0.0389          6   3.597646     -0.512     3.1451   28.26428  -89.00474    130.642    110.793  290.18929  290.57599 1.3247e-01 7.4548e+00    606.645          1      82174     86.698     7.5138     7.5142     76.723   3423.875     1.4786     1.4066     3.4310     4.6227     0.0476     0.1978     1.4786          6  0.000e+00
      68.62     0.0389          6   3.597679      0.513     3.1451   28.26428  -89.00474    130.805    110.793  290.18714  290.57381 1.3284e-01 7.4551e+00    606.666          1      82175     86.701     7.5141     7.5143     76.726   3423.917     1.4799     1.4066     3.4310     4.6227     0.0488     0.1978     1.4799          6  0.000e+00
      68.62     0.0389          6   3.597672     -0.511     3.1451   28.26428  -89.00474    130.969    110.792  290.18869  290.57540 1.3247e-01 7.4548e+00    606.645          1      82176     86.677     7.5138     7.5146     76.702   3423.958     1.4811     1.4066     3.4310     4.6227     0.0476     0.1978     1.4811          6  0.000e+00
      68.62     0.0389          6   3.597626     -0.682     3.1451   28.26428  -89.00474    130.968    110.792  290.18748  290.57412 1.3247e-01 7.4553e+00    606.616          1      82177     86.757     7.5143     7.5146     76.783   3424.000     1.4811     1.4066     3.4310     4.6227     0.0476     0.1978     1.4811          6  0.000e+00
      75.16     0.0389          6   3.597633      0.684     3.1451   28.26428  -89.00474    130.805    110.792  290.18898  290.57566 1.3247e-01 7.4549e+00    606.645          1      82178     86.720     7.5139     7.5146     76.746   3424.042     1.4799     1.4066     3.7582     4.6227     0.0476     0.1978     1.4799          6  0.000e+00
      93.16     0.0389          6   3.597679     -0.682     3.1451   28.26428  -89.00474    130.804    110.791  290.18628  290.57293 1.3284e-01 7.4553e+00    606.616          1      82179     86.715     7.5143     7.5147     76.740   3424.083     1.4799     1.4066     4.6581     4.6227     0.0488     0.1978     1.4799          6  0.000e+00
      99.02     0.0400          6   3.597672      0.684     3.1145   28.26428  -89.00474    130.969    110.792  290.18727  290.57394 1.3247e-01 7.4551e+00    606.645          1      82180     86.705     7.5141     7.5149     76.731   3424.125     1.4811     1.4066     4.9512     4.6215     0.0476     0.1966     1.4811          6  0.000e+00
      99.05     0.0400          6   3.597646     -0.682     3.1451   28.26428  -89.00474    130.804    110.791  290.18642  290.57305 1.3247e-01 7.4554e+00    606.616          1      82181     86.753     7.5144     7.5149     76.779   3424.167     1.4799     1.4066     4.9524     4.6215     0.0476     0.1978     1.4799          6  0.000e+00
      99.00     0.0389          6   3.597711     -0.511     3.1451   28.26428  -89.00474    130.967    110.791  290.18632  290.57300 1.3247e-01 7.4551e+00    606.595          1      82182     86.672     7.5141     7.5147     76.697   3424.208     1.4811     1.4066     4.9499     4.6227     0.0476     0.1978     1.4811          6  0.000e+00
      98.66     0.0389          6   3.597698      0.513     3.1451   28.26428  -89.00474    130.803    110.791  290.18522  290.57186 1.3247e-01 7.4554e+00    606.616          1      82183     86.712     7.5144     7.5150     76.737   3424.250     1.4799     1.4066     4.9328     4.6227     0.0476     0.1978     1.4799          6  0.000e+00
      98.66     0.0389          6   3.597672     -0.511     3.1145   28.26428  -89.00474    130.803    110.791  290.18580  290.57243 1.3247e-01 7.4554e+00    606.595          1      82184     86.731     7.5144     7.5148     76.757   3424.292     1.4799     1.4066     4.9328     4.6227     0.0476     0.1966     1.4799          6  0.000e+00
      98.71     0.0389          6   3.597718      0.513     3.1451   28.26428  -89.00474    130.803    110.790  290.18396  290.57058 1.3247e-01 7.4556e+00    606.616          1      82185     86.712     7.5146     7.5154     76.737   3424.333     1.4799     1.4066     4.9353     4.6227     0.0476     0.1978     1.4799          6  0.000e+00
      98.73     0.0389          6   3.597737      0.684     3.1145   28.26428  -89.00474    130.802    110.790  290.18152  290.56808 1.3247e-01 7.4561e+00    606.645          1      82186     86.739     7.5151     7.5152     76.763   3424.375     1.4799     1.4066     4.9365     4.6227     0.0476     0.1966     1.4799          6  0.000e+00
      98.73     0.0400          6   3.597698     -2.048     3.0840   28.26428  -89.00474    130.801    110.789  290.18294  290.56951 1.3247e-01 7.4559e+00    606.560          1      82187     86.753     7.5149     7.5153     76.779   3424.417     1.4799     1.4066     4.9365     4.6215     0.0476     0.1954     1.4799          6  0.000e+00
      98.71     0.0421          6   3.597750      0.854     3.0840   28.26428  -89.00474    130.964    110.789  290.18036  290.56690 1.3247e-01 7.4563e+00    606.595          1      82188     86.742     7.5152     7.5155     76.767   3424.458     1.4811     1.4066     4.9353     4.6190     0.0476     0.1954     1.4811          6  0.000e+00
      98.73     0.0431          6   3.597770     -0.853     3.0535   28.26428  -89.00474    130.799    110.787  290.17927  290.56580 1.3247e-01 7.4564e+00    606.560          1      82189     86.737     7.5154     7.5159     76.762   3424.500     1.4799     1.4066     4.9365     4.6178     0.0476     0.1941     1.4799          6  0.000e+00
      98.71     0.0431          6   3.597770      2.049     3.0535   28.26428  -89.00474    130.965    110.938  290.17935  290.56588 1.3247e-01 7.4564e+00    606.645          1      82190     86.741     7.5154     7.5167     76.765   3424.542     1.4811     1.4078     4.9353     4.6178     0.0476     0.1941     1.4811          6  0.000e+00
      98.71     0.0431          6   3.597783     -2.389     3.0535   28.26428  -89.00474    130.963    110.935  290.17895  290.56549 1.3247e-01 7.4564e+00    606.546          1      82191     86.726     7.5154     7.5173     76.751   3424.583     1.4811     1.4078     4.9353     4.6178     0.0476     0.1941     1.4811          6  0.000e+00
      98.73     0.0421          6   3.597770      1.708     3.0840   28.26428  -89.00474    130.800    110.784  290.17932  290.56586 1.3247e-01 7.4564e+00    606.617          1      82192     86.740     7.5154     7.5177     76.764   3424.625     1.4799     1.4066     4.9365     4.6190     0.0476     0.1954     1.4799          6  0.000e+00
      98.73     0.0421          6   3.597770     -1.707     3.0535   28.26428  -89.00474    130.799    110.784  290.17844  290.56495 1.3247e-01 7.4566e+00    606.546          1      82193     86.752     7.5156     7.5175     76.778   3424.667     1.4799     1.4066     4.9365     4.6190     0.0476     0.1941     1.4799          6  0.000e+00
      98.71     0.0421          6   3.597789      1.708     3.0535   28.26428  -89.00474    130.963    110.785  290.17746  290.56395 1.3247e-01 7.4567e+00    606.617          1      82194     86.753     7.5157     7.5172     76.777   3424.708     1.4811     1.4066     4.9353     4.6190     0.0476     0.1941     1.4811          6  0.000e+00
      98.73     0.0421          6   3.597815     -1.706     3.0840   28.26428  -89.00474    130.798    110.785  290.17598  290.56246 1.3247e-01 7.4569e+00    606.546          1      82195     86.745     7.5159     7.5170     76.769   3424.750     1.4799     1.4066     4.9365     4.6190     0.0476     0.1954     1.4799          6  0.000e+00
      98.71     0.0421          6   3.597802      0.342     3.0230   28.26428  -89.00474    130.962    110.786  290.17629  290.56277 1.3247e-01 7.4569e+00    606.560          1      82196     86.756     7.5159     7.5165     76.780   3424.792     1.4811     1.4066     4.9353     4.6190     0.0476     0.1929     1.4811          6  0.000e+00
      98.73     0.0410          6   3.597874     -0.341     3.0535   28.26428  -89.00474    130.961    110.786  290.17463  290.56112 1.3247e-01 7.4569e+00    606.546          1      82197     86.698     7.5159     7.5165     76.722   3424.833     1.4811     1.4066     4.9365     4.6203     0.0476     0.1941     1.4811          6  0.000e+00
      98.71     0.0431          6   3.597848      0.342     3.0535   28.26428  -89.00474    130.797    110.938  290.17443  290.56090 1.3247e-01 7.4571e+00    606.560          1      82198     86.736     7.5161     7.5162     76.760   3424.875     1.4799     1.4078     4.9353     4.6178     0.0476     0.1941     1.4799          6  0.000e+00
