tests/data/CTD/g01l03s02.ros
* Sea-Bird SBE 9 Data File:
* FileName = D:\CTD DATA\2013\PE13-01 DiMarco\G01L03S02.hex
* Software Version Seasave V 7.21g
* Temperature SN = 4515
* Conductivity SN = 3079
* Number of Bytes Per Scan = 40
* Number of Voltage Words = 5
* Number of Scans Averaged by the Deck Unit = 1
* NMEA Latitude = 28 30.02 N
* NMEA Longitude = 088 45.03 W
* NMEA UTC (Time) = Jul 08 2012  00:20:26
* NMEA baud rate = 4800
# nquan = 31
# nvalues = 588                                   
# units = specified
# name 0 = altM: Altimeter [m]
# name 1 = bat: Beam Attenuation, Chelsea/Seatech [1/m]
# name 2 = bpos: Bottle Position in Carousel
# name 3 = c0S/m: Conductivity [S/m]
# name 4 = dz/dtM: Descent Rate [m/s]
# name 5 = wetCDOM: Fluorescence, WET Labs CDOM [mg/m^3]
# name 6 = latitude: Latitude [deg]
# name 7 = longitude: Longitude [deg]
# name 8 = sbeox0Mm/Kg: Oxygen, SBE 43 [umol/kg]
# name 9 = sbeox1Mm/Kg: Oxygen, SBE 43, 2 [umol/kg]
# name 10 = oxsolMm/Kg: Oxygen Saturation, Garcia & Gordon [umol/kg]
# name 11 = oxsatMm/Kg: Oxygen Saturation, Weiss [umol/kg]
# name 12 = par: PAR/Irradiance, Biospherical/Licor
# name 13 = pla: Plume Anomaly
# name 14 = prDM: Pressure, Digiquartz [db]
# name 15 = pumps: Pump Status
# name 16 = scan: Scan Count
# name 17 = sva: Specific Volume Anomaly [10^-8 * m^3/kg]
# name 18 = t090C: Temperature [ITS-90, deg C]
# name 19 = t190C: Temperature, 2 [ITS-90, deg C]
# name 20 = tsa: Thermosteric Anomaly [10^-8 * m^3/kg]
# name 21 = timeS: Time, Elapsed [seconds]
# name 22 = v0: Voltage 0
# name 23 = v1: Voltage 1
# name 24 = v2: Voltage 2
# name 25 = v3: Voltage 3
# name 26 = v4: Voltage 4
# name 27 = v5: Voltage 5
# name 28 = sbeox0V: Oxygen raw, SBE 43 [V]
# name 29 = nbf: Bottles Fired
# name 30 = flag:  0.000e+00
# interval = seconds: 0.0416667
# start_time = Jul 08 2012 00:20:26 [NMEA time, header]
# bad_flag = -9.990e-29
*END*
[from data line 234]
      98.71     0.0400          5   3.518388     -0.854     3.2061   28.50550  -88.75754    143.154    121.555  296.09003  296.57272 1.2839e-01 6.5733e+00    706.130          1      86234     77.942     6.6382     6.6374     67.542   3593.042     1.5360     1.4603     4.9353     4.6215     0.0342     0.2002     1.5360          5  0.000e+00
      98.71     0.0389          5   3.518433      0.001     3.2061   28.50550  -88.75754    143.323    121.555  296.08788  296.57055 1.2766e-01 6.5735e+00    706.130          1      86235     77.926     6.6385     6.6375     67.526   3593.083     1.5372     1.4603     4.9353     4.6227     0.0317     0.2002     1.5372          5  0.000e+00
      98.71     0.0389          5   3.518401      1.198     3.2061   28.50550  -88.75754    143.154    121.556  296.08914  296.57181 1.2802e-01 6.5734e+00    706.180          1      86236     77.946     6.6384     6.6373     67.546   3593.125     1.5360     1.4603     4.9353     4.6227     0.0330     0.2002     1.5360          5  0.000e+00
      98.71     0.0400          5   3.518362     -1.197     3.2061   28.50550  -88.75754    143.154    121.555  296.09045  296.57312 1.2802e-01 6.5733e+00    706.130          1      86237     77.967     6.6383     6.6373     67.568   3593.167     1.5360     1.4603     4.9353     4.6215     0.0330     0.2002     1.5360          5  0.000e+00
      98.71     0.0389          5   3.518375      2.224     3.2061   28.50550  -88.75754    143.326    121.555  296.09044  296.57313 1.2802e-01 6.5732e+00    706.223          1      86238     77.957     6.6382     6.6377     67.556   3593.208     1.5372     1.4603     4.9353     4.6227     0.0330     0.2002     1.5372          5  0.000e+00
      98.71     0.0400          5   3.518388     -2.223     3.2061   28.50550  -88.75754    143.154    121.398  296.08982  296.57250 1.2802e-01 6.5733e+00    706.130          1      86239     77.946     6.6383     6.6375     67.546   3593.250     1.5360     1.4591     4.9353     4.6215     0.0330     0.2002     1.5360          5  0.000e+00
      98.71     0.0400          5   3.518362      1.198     3.1756   28.50550  -88.75754    143.156    121.555  296.09156  296.57427 1.2766e-01 6.5731e+00    706.180          1      86240     77.949     6.6381     6.6376     67.549   3593.292     1.5360     1.4603     4.9353     4.6215     0.0317     0.1990     1.5360          5  0.000e+00
      98.71     0.0400          5   3.518304      0.001     3.2061   28.50550  -88.75754    143.157    121.555  296.09488  296.57763 1.2802e-01 6.5726e+00    706.180          1      86241     77.959     6.6376     6.6376     67.560   3593.333     1.5360     1.4603     4.9353     4.6215     0.0330     0.2002     1.5360          5  0.000e+00
      98.71     0.0400          5   3.518336      0.001     3.1756   28.50550  -88.75754    143.157    121.398  296.09325  296.57598 1.2802e-01 6.5728e+00    706.180          1      86242     77.949     6.6378     6.6376     67.550   3593.375     1.5360     1.4591     4.9353     4.6215     0.0330     0.1990     1.5360          5  0.000e+00
      98.71     0.0400          5   3.518278     -0.341     3.1756   28.50550  -88.75754    143.158    121.398  296.09570  296.57845 1.2766e-01 6.5726e+00    706.166          1      86243     77.975     6.6376     6.6376     67.577   3593.417     1.5360     1.4591     4.9353     4.6215     0.0317     0.1990     1.5360          5  0.000e+00
      98.71     0.0400          5   3.518304      1.711     3.1756   28.50550  -88.75754    143.328    121.400  296.09557  296.57834 1.2802e-01 6.5725e+00    706.237          1      86244     77.950     6.6375     6.6375     67.550   3593.458     1.5372     1.4591     4.9353     4.6215     0.0330     0.1990     1.5372          5  0.000e+00
      98.73     0.0431          6   3.723609     -3.748     2.9619   28.50578  -88.75856    123.427    104.848  281.75606  282.01471 1.2694e-01 8.7494e+00    504.058          1      96309     96.533     8.8024     8.8048     86.998   4012.833     1.4664     1.3968     4.9365     4.6178     0.0293     0.1905     1.4664          6  0.000e+00
      98.71     0.0442          6   3.723629      4.942     2.9924   28.50578  -88.75856    123.430    104.851  281.75526  282.01390 1.2694e-01 8.7495e+00    504.264          1      96310     96.540     8.8025     8.8049     87.002   4012.875     1.4664     1.3968     4.9353     4.6166     0.0293     0.1917     1.4664          6  0.000e+00
      98.71     0.0442          6   3.723642     -4.941     2.9619   28.50578  -88.75856    123.426    104.848  281.75328  282.01188 1.2694e-01 8.7499e+00    504.059          1      96311     96.551     8.8029     8.8051     87.016   4012.917     1.4664     1.3968     4.9353     4.6166     0.0293     0.1905     1.4664          6  0.000e+00
      98.71     0.0431          6   3.723689      3.750     2.9924   28.50578  -88.75856    123.427    104.849  281.75149  282.01008 1.2694e-01 8.7501e+00    504.215          1      96312     96.543     8.8031     8.8054     87.005   4012.958     1.4664     1.3968     4.9353     4.6178     0.0293     0.1917     1.4664          6  0.000e+00
      98.73     0.0431          6   3.723708     -2.555     2.9924   28.50578  -88.75856    123.425    104.847  281.75059  282.00917 1.2694e-01 8.7502e+00    504.108          1      96313     96.530     8.8032     8.8059     86.994   4013.000     1.4664     1.3968     4.9365     4.6178     0.0293     0.1917     1.4664          6  0.000e+00
      98.73     0.0431          6   3.723682      1.194     2.9924   28.50578  -88.75856    123.584    104.848  281.75196  282.01055 1.2694e-01 8.7500e+00    504.158          1      96314     96.537     8.8030     8.8058     87.000   4013.042     1.4676     1.3968     4.9365     4.6178     0.0293     0.1917     1.4676          6  0.000e+00
      98.73     0.0431          6   3.723649     -1.192     2.9619   28.50578  -88.75856    123.583    104.847  281.75318  282.01179 1.2658e-01 8.7499e+00    504.108          1      96315     96.548     8.8029     8.8059     87.013   4013.083     1.4676     1.3968     4.9365     4.6178     0.0281     0.1905     1.4676          6  0.000e+00
      98.71     0.0442          6   3.723609      1.194     2.9924   28.50578  -88.75856    123.428    104.848  281.75483  282.01345 1.2694e-01 8.7497e+00    504.158          1      96316     96.566     8.8027     8.8059     87.029   4013.125     1.4664     1.3968     4.9353     4.6166     0.0293     0.1917     1.4664          6  0.000e+00
      98.73     0.0442          6   3.723682     -1.192     2.9924   28.50578  -88.75856    123.425    104.847  281.75022  282.00877 1.2694e-01 8.7505e+00    504.108          1      96317     96.571     8.8034     8.8061     87.034   4013.167     1.4664     1.3968     4.9365     4.6166     0.0293     0.1917     1.4664          6  0.000e+00
      98.73     0.0442          6   3.723781      0.001     2.9924   28.50578  -88.75856    123.423    104.846  281.74489  282.00337 1.2694e-01 8.7512e+00    504.108          1      96318     96.562     8.8042     8.8061     87.025   4013.208     1.4664     1.3968     4.9365     4.6166     0.0293     0.1917     1.4664          6  0.000e+00
      98.73     0.0431          6   3.723854     -1.192     2.9924   28.50578  -88.75856    123.421    104.845  281.74197  282.00043 1.2658e-01 8.7515e+00    504.059          1      96319     96.531     8.8045     8.8061     86.994   4013.250     1.4664     1.3968     4.9365     4.6178     0.0281     0.1917     1.4664          6  0.000e+00
      98.71     0.0431          6   3.723893      1.194     2.9924   28.50578  -88.75856    123.420    104.845  281.73834  281.99673 1.2694e-01 8.7522e+00    504.109          1      96320     96.562     8.8052     8.8064     87.024   4013.292     1.4664     1.3968     4.9353     4.6178     0.0293     0.1917     1.4664          6  0.000e+00
      98.73     0.0431          6   3.723926      0.001     2.9924   28.50578  -88.75856    123.419    104.844  281.73688  281.99526 1.2694e-01 8.7524e+00    504.109          1      96321     96.553     8.8054     8.8068     87.014   4013.333     1.4664     1.3968     4.9365     4.6178     0.0293     0.1917     1.4664          6  0.000e+00
      98.73     0.0431          6   3.723940      0.001     2.9924   28.50578  -88.75856    123.418    104.842  281.73509  281.99343 1.2694e-01 8.7527e+00    504.109          1      96322     96.574     8.8057     8.8074     87.036   4013.375     1.4664     1.3968     4.9365     4.6178     0.0293     0.1917     1.4664          6  0.000e+00
      98.73     0.0431          6   3.723940     -2.555     2.9924   28.50578  -88.75856    123.416    104.840  281.73386  281.99217 1.2694e-01 8.7530e+00    504.002          1      96323     96.592     8.8060     8.8078     87.056   4013.417     1.4664     1.3968     4.9365     4.6178     0.0293     0.1917     1.4664          6  0.000e+00
      98.71     0.0431          6   3.723986      3.920     2.9924   28.50578  -88.75856    123.418    104.843  281.73227  281.99057 1.2694e-01 8.7532e+00    504.165          1      96324     96.581     8.8062     8.8077     87.041   4013.458     1.4664     1.3968     4.9353     4.6178     0.0293     0.1917     1.4664          6  0.000e+00
      98.73     0.0431          6   3.724052     -2.555     2.9924   28.50578  -88.75856    123.414    104.842  281.72812  281.98636 1.2694e-01 8.7538e+00    504.059          1      96325     96.580     8.8068     8.8076     87.042   4013.500     1.4664     1.3968     4.9365     4.6178     0.0293     0.1917     1.4664          6  0.000e+00
      98.71     0.0442          6   3.724118      0.001     2.9924   28.50578  -88.75856    123.413    104.841  281.72463  281.98283 1.2658e-01 8.7543e+00    504.059          1      96326     96.573     8.8073     8.8079     87.034   4013.542     1.4664     1.3968     4.9353     4.6166     0.0281     0.1917     1.4664          6  0.000e+00
      98.71     0.0442          6   3.724184      1.194     3.0230   28.50578  -88.75856    123.254    104.840  281.72025  281.97838 1.2694e-01 8.7550e+00    504.109          1      96327     96.588     8.8080     8.8085     87.047   4013.583     1.4652     1.3968     4.9353     4.6166     0.0293     0.1929     1.4652          6  0.000e+00
      98.73     0.0442          6   3.724250     -2.555     3.0535   28.50578  -88.75856    123.408    104.837  281.71610  281.97417 1.2694e-01 8.7557e+00    504.002          1      96328     96.587     8.8086     8.8090     87.048   4013.625     1.4664     1.3968     4.9365     4.6166     0.0293     0.1941     1.4664          6  0.000e+00
      98.73     0.0431          6   3.724244      2.557     3.0535   28.50578  -88.75856    123.409    104.837  281.71427  281.97228 1.2694e-01 8.7562e+00    504.109          1      96329     96.642     8.8091     8.8097     87.100   4013.667     1.4664     1.3968     4.9365     4.6178     0.0293     0.1941     1.4664          6  0.000e+00
      98.73     0.0431          6   3.724257     -2.385     3.0535   28.50578  -88.75856    123.407    104.835  281.71390  281.97191 1.2694e-01 8.7562e+00    504.009          1      96330     96.626     8.8091     8.8099     87.087   4013.708     1.4664     1.3968     4.9365     4.6178     0.0293     0.1941     1.4664          6  0.000e+00
      98.71     0.0431          6   3.724171      1.194     3.0535   28.50578  -88.75856    123.410    104.835  281.71936  281.97745 1.2694e-01 8.7553e+00    504.059          1      96331     96.620     8.8083     8.8105     87.080   4013.750     1.4664     1.3968     4.9353     4.6178     0.0293     0.1941     1.4664          6  0.000e+00
      98.73     0.0431          6   3.724138     -1.362     3.0535   28.50578  -88.75856    123.410    104.833  281.72114  281.97926 1.2694e-01 8.7550e+00    504.002          1      96332     96.618     8.8080     8.8107     87.080   4013.792     1.4664     1.3968     4.9365     4.6178     0.0293     0.1941     1.4664          6  0.000e+00
      98.73     0.0431          6   3.724138      1.364     3.0535   28.50578  -88.75856    123.412    104.833  281.72270  281.98086 1.2694e-01 8.7547e+00    504.059          1      96333     96.589     8.8076     8.8110     87.050   4013.833     1.4664     1.3968     4.9365     4.6178     0.0293     0.1941     1.4664          6  0.000e+00
      98.71     0.0431          6   3.724059     -1.362     3.0535   28.50578  -88.75856    123.412    104.832  281.72586  281.98404 1.2658e-01 8.7543e+00    504.003          1      96334     96.616     8.8073     8.8112     87.078   4013.875     1.4664     1.3968     4.9353     4.6178     0.0281     0.1941     1.4664          6  0.000e+00
      98.71     0.0431          6   3.724112      1.364     3.0535   28.50578  -88.75856    123.569    104.833  281.72327  281.98142 1.2694e-01 8.7547e+00    504.059          1      96335     96.610     8.8076     8.8112     87.071   4013.917     1.4676     1.3968     4.9353     4.6178     0.0293     0.1941     1.4676          6  0.000e+00
      98.73     0.0421          6   3.724184     -1.192     3.0840   28.50578  -88.75856    123.409    104.832  281.71960  281.97770 1.2694e-01 8.7552e+00    504.010          1      96336     96.595     8.8081     8.8114     87.056   4013.958     1.4664     1.3968     4.9365     4.6190     0.0293     0.1954     1.4664          6  0.000e+00
      98.73     0.0442          6   3.724250     -0.170     3.0535   28.50578  -88.75856    123.407    104.832  281.71403  281.97204 1.2730e-01 8.7562e+00    504.003          1      96337     96.631     8.8091     8.8115     87.091   4014.000     1.4664     1.3968     4.9365     4.6166     0.0305     0.1941     1.4664          6  0.000e+00
      98.73     0.0463          6   3.724343      1.364     3.0535   28.50578  -88.75856    123.406    104.833  281.71079  281.96878 1.2694e-01 8.7565e+00    504.059          1      96338     96.590     8.8094     8.8114     87.049   4014.042     1.4664     1.3968     4.9365     4.6142     0.0293     0.1941     1.4664          6  0.000e+00
      98.73     0.0453          6   3.724316     -1.362     3.0535   28.50578  -88.75856    123.405    104.832  281.70923  281.96716 1.2694e-01 8.7570e+00    504.003          1      96339     96.652     8.8099     8.8114     87.111   4014.083     1.4664     1.3968     4.9365     4.6154     0.0293     0.1941     1.4664          6  0.000e+00
      98.71     0.0463          6   3.724330     -1.192     3.0535   28.50578  -88.75856    123.404    104.832  281.70890  281.96683 1.2694e-01 8.7570e+00    503.953          1      96340     96.639     8.8099     8.8114     87.099   4014.125     1.4664     1.3968     4.9353     4.6142     0.0293     0.1941     1.4664          6  0.000e+00
      98.73     0.0463          6   3.724363      2.557     3.0535   28.50578  -88.75856    123.405    104.834  281.70754  281.96545 1.2694e-01 8.7571e+00    504.060          1      96341     96.635     8.8101     8.8110     87.093   4014.167     1.4664     1.3968     4.9365     4.6142     0.0293     0.1941     1.4664          6  0.000e+00
      98.73     0.0463          6   3.724369     -1.192     3.0840   28.50578  -88.75856    123.404    104.834  281.70735  281.96527 1.2694e-01 8.7571e+00    504.010          1      96342     96.627     8.8101     8.8109     87.086   4014.208     1.4664     1.3968     4.9365     4.6142     0.0293     0.1954     1.4664          6  0.000e+00
      98.73     0.0463          6   3.724389     -1.362     3.0535   28.50578  -88.75856    123.402    104.835  281.70631  281.96422 1.2694e-01 8.7573e+00    503.953          1      96343     96.621     8.8103     8.8102     87.081   4014.250     1.4664     1.3968     4.9365     4.6142     0.0293     0.1941     1.4664          6  0.000e+00
