tests/data/CTD/g01l06s04.ros
* Sea-Bird SBE 9 Data File:
* FileName = D:\CTD DATA\2013\PE13-01 DiMarco\G01L06S04.hex
* Software Version Seasave V 7.21g
* Temperature SN = 4515
* Conductivity SN = 3079
* Number of Bytes Per Scan = 40
* Number of Voltage Words = 5
* Number of Scans Averaged by the Deck Unit = 1
* NMEA Latitude = 27 59.99 N
* NMEA Longitude = 087 59.97 W
* NMEA UTC (Time) = Jul 09 2012  13:15:48
* NMEA baud rate = 4800
# nquan = 31
# nvalues = 588                                   
# units = specified
# name 0 = altM: Altimeter [m]
# name 1 = bat: Beam Attenuation, Chelsea/Seatech [1/m]
# name 2 = bpos: Bottle Position in Carousel
# name 3 = c0S/m: Conductivity [S/m]
# name 4 = dz/dtM: Descent Rate [m/s]
# name 5 = wetCDOM: Fluorescence, WET Labs CDOM [mg/m^3]
# name 6 = latitude: Latitude [deg]
# name 7 = longitude: Longitude [deg]
# name 8 = sbeox0Mm/Kg: Oxygen, SBE 43 [umol/kg]
# name 9 = sbeox1Mm/Kg: Oxygen, SBE 43, 2 [umol/kg]
# name 10 = oxsolMm/Kg: Oxygen Saturation, Garcia & Gordon [umol/kg]
# name 11 = oxsatMm/Kg: Oxygen Saturation, Weiss [umol/kg]
# name 12 = par: PAR/Irradiance, Biospherical/Licor
# name 13 = pla: Plume Anomaly
# name 14 = prDM: Pressure, Digiquartz [db]
# name 15 = pumps: Pump Status
# name 16 = scan: Scan Count
# name 17 = sva: Specific Volume Anomaly [10^-8 * m^3/kg]
# name 18 = t090C: Temperature [ITS-90, deg C]
# name 19 = t190C: Temperature, 2 [ITS-90, deg C]
# name 20 = tsa: Thermosteric Anomaly [10^-8 * m^3/kg]
# name 21 = timeS: Time, Elapsed [seconds]
# name 22 = v0: Voltage 0
# name 23 = v1: Voltage 1
# name 24 = v2: Voltage 2
# name 25 = v3: Voltage 3
# name 26 = v4: Voltage 4
# name 27 = v5: Voltage 5
# name 28 = sbeox0V: Oxygen raw, SBE 43 [V]
# name 29 = nbf: Bottles Fired
# name 30 = flag:  0.000e+00
# interval = seconds: 0.0416667
# start_time = Jul 09 2012 13:15:48 [NMEA time, header]
# bad_flag = -9.990e-29
*END*
[from data line 468]
      98.63     0.0410         10   4.692732      1.187    -1.8000   28.00206  -87.98250    139.780    119.944  234.44125  234.12561 1.1856e-01 1.7379e+01    201.625          1     166268    165.046    17.4086    17.4005    158.520   6927.792     1.8706     1.7729     4.9316     4.6203     0.0000     0.0000     1.8706         10  0.000e+00
      98.63     0.0400         10   4.692761     -0.847    -1.8000   28.00206  -87.98250    139.778    119.947  234.43870  234.12302 1.1856e-01 1.7379e+01    201.590          1     166269    165.088    17.4093    17.3995    158.564   6927.833     1.8706     1.7729     4.9316     4.6215     0.0000     0.0000     1.8706         10  0.000e+00
      98.63     0.0410         10   4.692761      0.848    -1.8000   28.00206  -87.98250    139.779    119.950  234.43978  234.12413 1.1856e-01 1.7379e+01    201.625          1     166270    165.059    17.4089    17.3984    158.534   6927.875     1.8706     1.7729     4.9316     4.6203     0.0000     0.0000     1.8706         10  0.000e+00
      98.66     0.0410         10   4.692833     -1.186    -1.8000   28.00206  -87.98250    139.778    119.950  234.43875  234.12310 1.1856e-01 1.7379e+01    201.575          1     166271    165.010    17.4089    17.3980    158.486   6927.917     1.8706     1.7729     4.9328     4.6203     0.0000     0.0000     1.8706         10  0.000e+00
      98.66     0.0400         10   4.692863      1.187    -1.8000   28.00206  -87.98250    139.779    119.951  234.43885  234.12321 1.1856e-01 1.7379e+01    201.625          1     166272    164.981    17.4088    17.3979    158.455   6927.958     1.8706     1.7729     4.9328     4.6215     0.0000     0.0000     1.8706         10  0.000e+00
      98.66     0.0400         10   4.692841      0.001    -1.8000   28.00206  -87.98250    139.778    119.951  234.43821  234.12255 1.1856e-01 1.7379e+01    201.625          1     166273    165.023    17.4091    17.3978    158.497   6928.000     1.8706     1.7729     4.9328     4.6215     0.0000     0.0000     1.8706         10  0.000e+00
      98.63     0.0400         10   4.692884      1.186    -1.8000   28.00206  -87.98250    139.779    119.835  234.43752  234.12186 1.1856e-01 1.7379e+01    201.674          1     166274    165.002    17.4091    17.3976    158.475   6928.042     1.8706     1.7717     4.9316     4.6215     0.0000     0.0000     1.8706         10  0.000e+00
      98.63     0.0400         10   4.692812     -1.186    -1.8000   28.00206  -87.98250    139.904    119.950  234.43955  234.12391 1.1856e-01 1.7379e+01    201.625          1     166275    165.013    17.4088    17.3981    158.487   6928.083     1.8718     1.7729     4.9316     4.6215     0.0000     0.0000     1.8718         10  0.000e+00
      98.63     0.0400         10   4.692732      1.694    -1.8000   28.00206  -87.98250    139.782    119.953  234.44176  234.12613 1.1856e-01 1.7378e+01    201.696          1     166276    165.036    17.4084    17.3978    158.508   6928.125     1.8706     1.7729     4.9316     4.6215     0.0000     0.0000     1.8706         10  0.000e+00
      98.63     0.0400         10   4.692522     -0.508    -1.8000   28.00206  -87.98250    139.786    119.838  234.45021  234.13466 1.1856e-01 1.7377e+01    201.674          1     166277    165.002    17.4066    17.3969    158.476   6928.167     1.8706     1.7717     4.9316     4.6215     0.0000     0.0000     1.8706         10  0.000e+00
      98.63     0.0410         10   4.692290      0.001    -1.8000   28.00206  -87.98250    139.792    119.956  234.45921  234.14374 1.1856e-01 1.7375e+01    201.674          1     166278    164.977    17.4046    17.3964    158.451   6928.208     1.8706     1.7729     4.9316     4.6203     0.0000     0.0000     1.8706         10  0.000e+00
      98.63     0.0410         10   4.692224      1.356    -1.8000   28.00206  -87.98250    139.796    119.959  234.46381  234.14840 1.1856e-01 1.7373e+01    201.731          1     166279    164.913    17.4034    17.3955    158.385   6928.250     1.8706     1.7729     4.9316     4.6203     0.0000     0.0000     1.8706         10  0.000e+00
      98.63     0.0410         10   4.692130     -1.355    -1.8000   28.00206  -87.98250    139.797    119.957  234.46744  234.15207 1.1856e-01 1.7373e+01    201.674          1     166280    164.898    17.4026    17.3958    158.373   6928.292     1.8706     1.7729     4.9316     4.6203     0.0000     0.0000     1.8706         10  0.000e+00
      98.63     0.0400         10   4.691992      1.356    -1.8000   28.00206  -87.98250    139.799    119.956  234.46962  234.15424 1.1856e-01 1.7373e+01    201.731          1     166281    164.982    17.4025    17.3964    158.455   6928.333     1.8706     1.7729     4.9316     4.6215     0.0000     0.0000     1.8706         10  0.000e+00
      98.63     0.0400         10   4.691855      0.000    -1.8000   28.00206  -87.98250    139.802    119.954  234.47495  234.15962 1.1856e-01 1.7371e+01    201.731          1     166282    164.967    17.4014    17.3971    158.440   6928.375     1.8706     1.7729     4.9316     4.6215     0.0000     0.0000     1.8706         10  0.000e+00
      98.63     0.0400         10   4.691702     -0.847    -1.8000   28.00206  -87.98250    139.930    119.836  234.48023  234.16494 1.1856e-01 1.7370e+01    201.696          1     166283    164.966    17.4003    17.3976    158.441   6928.417     1.8718     1.7717     4.9316     4.6215     0.0000     0.0000     1.8718         10  0.000e+00
      98.66     0.0400         10   4.691608      2.034    -1.8000   28.00206  -87.98250    139.809    119.836  234.48477  234.16954 1.1856e-01 1.7369e+01    201.780          1     166284    164.936    17.3992    17.3978    158.408   6928.458     1.8706     1.7717     4.9328     4.6215     0.0000     0.0000     1.8706         10  0.000e+00
      98.63     0.0400         10   4.691463      0.001    -1.8000   28.00206  -87.98250    139.937    119.950  234.48961  234.17442 1.1856e-01 1.7368e+01    201.780          1     166285    164.943    17.3983    17.3991    158.416   6928.500     1.8718     1.7729     4.9316     4.6215     0.0000     0.0000     1.8718         10  0.000e+00
      98.63     0.0400         10   4.691340     -1.185    -1.8000   28.00206  -87.98250    139.814    119.948  234.49460  234.17946 1.1856e-01 1.7367e+01    201.731          1     166286    164.920    17.3971    17.3995    158.394   6928.542     1.8706     1.7729     4.9316     4.6215     0.0000     0.0000     1.8706         10  0.000e+00
      98.63     0.0410         10   4.691274      2.373    -1.8000   28.00206  -87.98250    139.817    119.950  234.49710  234.18198 1.1856e-01 1.7367e+01    201.830          1     166287    164.921    17.3966    17.3997    158.393   6928.583     1.8706     1.7729     4.9316     4.6203     0.0000     0.0000     1.8706         10  0.000e+00
      98.63     0.0410         10   4.690992     -1.185    -1.8000   28.00206  -87.98250    139.822    120.067  234.50689  234.19185 1.1856e-01 1.7365e+01    201.781          1     166288    164.921    17.3946    17.3993    158.395   6928.625     1.8706     1.7741     4.9316     4.6203     0.0000     0.0000     1.8706         10  0.000e+00
      98.63     0.0400         10   4.690462      0.508    -1.8000   28.00206  -87.98250    139.833    120.067  234.52428  234.20938 1.1856e-01 1.7361e+01    201.802          1     166289    164.958    17.3913    17.3990    158.432   6928.667     1.8706     1.7741     4.9316     4.6215     0.0000     0.0000     1.8706         10  0.000e+00
      98.58     0.0559         11   5.353314      0.000    -1.8000   28.00208  -87.98206    158.473    138.030  210.68804  210.19890 1.1856e-01 2.3202e+01    100.672          1     169853    279.814    23.2176    23.2162    276.053   7077.167     2.2491     2.1343     4.9292     4.6032     0.0000     0.0000     2.2491         11  0.000e+00
      98.58     0.0559         11   5.353329     -1.353    -1.8000   28.00208  -87.98206    158.471    138.029  210.68785  210.19872 1.1856e-01 2.3202e+01    100.616          1     169854    279.802    23.2176    23.2162    276.043   7077.208     2.2491     2.1343     4.9292     4.6032     0.0000     0.0000     2.2491         11  0.000e+00
      98.61     0.0559         11   5.353344      0.000    -1.8000   28.00208  -87.98206    158.582    137.925  210.68786  210.19874 1.1856e-01 2.3202e+01    100.616          1     169855    279.787    23.2175    23.2162    276.028   7077.250     2.2503     2.1331     4.9304     4.6032     0.0000     0.0000     2.2503         11  0.000e+00
      98.58     0.0559         11   5.353367      1.522    -1.8000   28.00208  -87.98206    158.583    137.925  210.68747  210.19834 1.1856e-01 2.3202e+01    100.679          1     169856    279.784    23.2176    23.2168    276.023   7077.292     2.2503     2.1331     4.9292     4.6032     0.0000     0.0000     2.2503         11  0.000e+00
      98.58     0.0559         11   5.353382     -2.705    -1.8000   28.00208  -87.98206    158.581    137.922  210.68725  210.19813 1.1856e-01 2.3202e+01    100.566          1     169857    279.769    23.2176    23.2169    276.011   7077.333     2.2503     2.1331     4.9292     4.6032     0.0000     0.0000     2.2503         11  0.000e+00
      98.58     0.0559         11   5.353413      0.001    -1.8000   28.00208  -87.98206    158.580    137.922  210.68603  210.19690 1.1856e-01 2.3203e+01    100.566          1     169858    279.784    23.2180    23.2171    276.027   7077.375     2.2503     2.1331     4.9292     4.6032     0.0000     0.0000     2.2503         11  0.000e+00
      98.58     0.0559         11   5.353497      2.537    -1.8000   28.00208  -87.98206    158.470    137.923  210.68482  210.19569 1.1856e-01 2.3203e+01    100.672          1     169859    279.756    23.2181    23.2176    275.995   7077.417     2.2491     2.1331     4.9292     4.6032     0.0000     0.0000     2.2491         11  0.000e+00
      98.61     0.0548         11   5.353451     -3.720    -1.8000   28.00208  -87.98206    158.467    137.920  210.68452  210.19538 1.1856e-01 2.3203e+01    100.517          1     169860    279.798    23.2184    23.2176    276.043   7077.458     2.2491     2.1331     4.9304     4.6044     0.0000     0.0000     2.2491         11  0.000e+00
      98.58     0.0559         11   5.353459      2.368    -1.8000   28.00208  -87.98206    158.469    137.817  210.68476  210.19562 1.1856e-01 2.3203e+01    100.616          1     169861    279.790    23.2183    23.2181    276.031   7077.500     2.2491     2.1319     4.9292     4.6032     0.0000     0.0000     2.2491         11  0.000e+00
      98.58     0.0559         11   5.353474     -2.198    -1.8000   28.00208  -87.98206    158.467    137.815  210.68410  210.19496 1.1856e-01 2.3203e+01    100.524          1     169862    279.792    23.2185    23.2182    276.036   7077.542     2.2491     2.1319     4.9292     4.6032     0.0000     0.0000     2.2491         11  0.000e+00
      98.58     0.0559         11   5.353505      1.015    -1.8000   28.00208  -87.98206    158.467    137.919  210.68290  210.19375 1.1856e-01 2.3204e+01    100.566          1     169863    279.810    23.2189    23.2184    276.053   7077.583     2.2491     2.1331     4.9292     4.6032     0.0000     0.0000     2.2491         11  0.000e+00
      98.58     0.0559         11   5.353520      0.000    -1.8000   28.00208  -87.98206    158.355    137.816  210.68184  210.19268 1.1856e-01 2.3204e+01    100.566          1     169864    279.834    23.2192    23.2185    276.076   7077.625     2.2479     2.1319     4.9292     4.6032     0.0000     0.0000     2.2479         11  0.000e+00
      98.58     0.0559         11   5.353643     -1.183    -1.8000   28.00208  -87.98206    158.463    137.815  210.67944  210.19028 1.1856e-01 2.3204e+01    100.517          1     169865    279.801    23.2197    23.2185    276.045   7077.667     2.2491     2.1319     4.9292     4.6032     0.0000     0.0000     2.2491         11  0.000e+00
      98.58     0.0559         11   5.353758      1.184    -1.8000   28.00208  -87.98206    158.462    137.814  210.67626  210.18709 1.1856e-01 2.3205e+01    100.566          1     169866    279.811    23.2205    23.2191    276.053   7077.708     2.2491     2.1319     4.9292     4.6032     0.0000     0.0000     2.2491         11  0.000e+00
      98.58     0.0559         11   5.353857     -1.014    -1.8000   28.00208  -87.98206    158.348    137.813  210.67339  210.18421 1.1856e-01 2.3206e+01    100.524          1     169867    279.817    23.2212    23.2194    276.061   7077.750     2.2479     2.1319     4.9292     4.6032     0.0000     0.0000     2.2479         11  0.000e+00
      98.58     0.0559         11   5.353942     -0.169    -1.8000   28.00208  -87.98206    158.346    137.812  210.67168  210.18250 1.1856e-01 2.3206e+01    100.517          1     169868    279.799    23.2215    23.2197    276.043   7077.792     2.2479     2.1319     4.9292     4.6032     0.0000     0.0000     2.2479         11  0.000e+00
      98.58     0.0559         11   5.353965     -1.352    -1.8000   28.00208  -87.98206    158.344    137.811  210.66944  210.18024 1.1856e-01 2.3207e+01    100.461          1     169869    279.853    23.2223    23.2196    276.100   7077.833     2.2479     2.1319     4.9292     4.6032     0.0000     0.0000     2.2479         11  0.000e+00
      98.58     0.0559         11   5.353995      1.353    -1.8000   28.00208  -87.98206    158.344    137.811  210.66887  210.17967 1.1856e-01 2.3207e+01    100.517          1     169870    279.849    23.2224    23.2200    276.094   7077.875     2.2479     2.1319     4.9292     4.6032     0.0000     0.0000     2.2479         11  0.000e+00
      98.58     0.0548         11   5.354010     -1.352    -1.8000   28.00208  -87.98206    158.343    137.810  210.66868  210.17948 1.1856e-01 2.3207e+01    100.461          1     169871    279.837    23.2224    23.2201    276.084   7077.917     2.2479     2.1319     4.9292     4.6044     0.0000     0.0000     2.2479         11  0.000e+00
      98.58     0.0548         11   5.353942      1.353    -1.8000   28.00208  -87.98206    158.345    137.810  210.66944  210.18023 1.1856e-01 2.3207e+01    100.517          1     169872    279.879    23.2224    23.2203    276.124   7077.958     2.2479     2.1319     4.9292     4.6044     0.0000     0.0000     2.2479         11  0.000e+00
      98.58     0.0548         11   5.353919     -2.198    -1.8000   28.00208  -87.98206    158.343    137.809  210.67009  210.18089 1.1856e-01 2.3207e+01    100.426          1     169873    279.870    23.2223    23.2205    276.118   7078.000     2.2479     2.1319     4.9292     4.6044     0.0000     0.0000     2.2479         11  0.000e+00
      98.61     0.0537         11   5.353949      0.846    -1.8000   28.00208  -87.98206    158.344    137.809  210.66960  210.18040 1.1856e-01 2.3207e+01    100.461          1     169874    279.862    23.2223    23.2205    276.108   7078.042     2.2479     2.1319     4.9304     4.6056     0.0000     0.0000     2.2479         11  0.000e+00
      98.61     0.0548         11   5.353995     -1.183    -1.8000   28.00208  -87.98206    158.343    137.704  210.66972  210.18052 1.1856e-01 2.3207e+01    100.412          1     169875    279.810    23.2221    23.2207    276.059   7078.083     2.2479     2.1306     4.9304     4.6044     0.0000     0.0000     2.2479         11  0.000e+00
      98.58     0.0548         11   5.353911      1.184    -1.8000   28.00208  -87.98206    158.344    137.704  210.67018  210.18099 1.1856e-01 2.3207e+01    100.461          1     169876    279.877    23.2223    23.2209    276.123   7078.125     2.2479     2.1306     4.9292     4.6044     0.0000     0.0000     2.2479         11  0.000e+00
