tests/data/CTD/g01l04s06.ros
* Sea-Bird SBE 9 Data File:
* FileName = D:\CTD DATA\2013\PE13-01 DiMarco\G01L04S06.hex
* Software Version Seasave V 7.21g
* Temperature SN = 4515
* Conductivity SN = 3079
* Number of Bytes Per Scan = 40
* Number of Voltage Words = 5
* Number of Scans Averaged by the Deck Unit = 1
* NMEA Latitude = 27 45.07 N
* NMEA Longitude = 088 30.01 W
* NMEA UTC (Time) = Jul 10 2012  07:33:42
* NMEA baud rate = 4800
# nquan = 31
# nvalues = 588                                   
# units = specified
# name 0 = altM: Altimeter [m]
# name 1 = bat: Beam Attenuation, Chelsea/Seatech [1/m]
# name 2 = bpos: Bottle Position in Carousel
# name 3 = c0S/m: Conductivity [S/m]
# name 4 = dz/dtM: Descent Rate [m/s]
# name 5 = wetCDOM: Fluorescence, WET Labs CDOM [mg/m^3]
# name 6 = latitude: Latitude [deg]
# name 7 = longitude: Longitude [deg]
# name 8 = sbeox0Mm/Kg: Oxygen, SBE 43 [umol/kg]
# name 9 = sbeox1Mm/Kg: Oxygen, SBE 43, 2 [umol/kg]
# name 10 = oxsolMm/Kg: Oxygen Saturation, Garcia & Gordon [umol/kg]
# name 11 = oxsatMm/Kg: Oxygen Saturation, Weiss [umol/kg]
# name 12 = par: PAR/Irradiance, Biospherical/Licor
# name 13 = pla: Plume Anomaly
# name 14 = prDM: Pressure, Digiquartz [db]
# name 15 = pumps: Pump Status
# name 16 = scan: Scan Count
# name 17 = sva: Specific Volume Anomaly [10^-8 * m^3/kg]
# name 18 = t090C: Temperature [ITS-90, deg C]
# name 19 = t190C: Temperature, 2 [ITS-90, deg C]
# name 20 = tsa: Thermosteric Anomaly [10^-8 * m^3/kg]
# name 21 = timeS: Time, Elapsed [seconds]
# name 22 = v0: Voltage 0
# name 23 = v1: Voltage 1
# name 24 = v2: Voltage 2
# name 25 = v3: Voltage 3
# name 26 = v4: Voltage 4
# name 27 = v5: Voltage 5
# name 28 = sbeox0V: Oxygen raw, SBE 43 [V]
# name 29 = nbf: Bottles Fired
# name 30 = flag:  0.000e+00
# interval = seconds: 0.0416667
# start_time = Jul 10 2012 07:33:42 [NMEA time, header]
# bad_flag = -9.990e-29
*END*
[from data line 141]
      98.66     0.0548          3   3.353390      0.175    -1.8000   27.77026  -88.48662    217.742    184.446  312.71817  313.50146 1.1856e-01 4.1420e+00   1715.411          1     115387     52.393     4.2848     4.2837     35.531   4807.750     1.8022     1.7009     4.9328     4.6044     0.0000     0.0000     1.8022          3  0.000e+00
      98.66     0.0548          3   3.353371     -0.174    -1.8000   27.77026  -88.48662    217.743    184.446  312.71893  313.50221 1.1856e-01 4.1420e+00   1715.403          1     115388     52.405     4.2848     4.2836     35.543   4807.792     1.8022     1.7009     4.9328     4.6044     0.0000     0.0000     1.8022          3  0.000e+00
      98.66     0.0548          3   3.353358      0.001    -1.8000   27.77026  -88.48662    217.743    184.445  312.71903  313.50230 1.1856e-01 4.1420e+00   1715.403          1     115389     52.420     4.2848     4.2839     35.558   4807.833     1.8022     1.7009     4.9328     4.6044     0.0000     0.0000     1.8022          3  0.000e+00
      98.66     0.0548          3   3.353339      1.570    -1.8000   27.77026  -88.48662    217.745    184.447  312.71987  313.50314 1.1856e-01 4.1420e+00   1715.469          1     115390     52.435     4.2848     4.2837     35.573   4807.875     1.8022     1.7009     4.9328     4.6044     0.0000     0.0000     1.8022          3  0.000e+00
      98.66     0.0548          3   3.353352     -1.568    -1.8000   27.77026  -88.48662    217.742    184.446  312.71872  313.50197 1.1856e-01 4.1421e+00   1715.404          1     115391     52.434     4.2849     4.2836     35.573   4807.917     1.8022     1.7009     4.9328     4.6044     0.0000     0.0000     1.8022          3  0.000e+00
      98.66     0.0537          3   3.353358      0.001    -1.8000   27.77026  -88.48662    217.743    184.257  312.71976  313.50306 1.1856e-01 4.1419e+00   1715.404          1     115392     52.407     4.2847     4.2834     35.546   4807.958     1.8022     1.6996     4.9328     4.6056     0.0000     0.0000     1.8022          3  0.000e+00
      98.66     0.0559          4   3.347988      0.001    -1.8000   27.77176  -88.48556    214.956    182.127  312.46279  313.24104 1.1856e-01 4.1958e+00   1514.948          1     124740     51.197     4.3200     4.3191     36.129   5197.458     1.8205     1.7179     4.9328     4.6032     0.0000     0.0000     1.8205          4  0.000e+00
      98.66     0.0559          4   3.348020      0.522    -1.8000   27.77176  -88.48556    214.956    181.944  312.46195  313.24021 1.1856e-01 4.1958e+00   1514.970          1     124741     51.171     4.3200     4.3188     36.102   5197.500     1.8205     1.7167     4.9328     4.6032     0.0000     0.0000     1.8205          4  0.000e+00
      98.66     0.0559          4   3.348013      0.696    -1.8000   27.77176  -88.48556    214.957    181.943  312.46215  313.24041 1.1856e-01 4.1958e+00   1514.999          1     124742     51.178     4.3200     4.3192     36.109   5197.542     1.8205     1.7167     4.9328     4.6032     0.0000     0.0000     1.8205          4  0.000e+00
      98.66     0.0559          4   3.348007     -2.604    -1.8000   27.77176  -88.48556    215.154    181.942  312.46220  313.24046 1.1856e-01 4.1958e+00   1514.890          1     124743     51.178     4.3200     4.3190     36.111   5197.583     1.8217     1.7167     4.9328     4.6032     0.0000     0.0000     1.8217          4  0.000e+00
      98.68     0.0559          4   3.348007      1.390    -1.8000   27.77176  -88.48556    215.155    182.127  312.46227  313.24053 1.1856e-01 4.1958e+00   1514.948          1     124744     51.181     4.3200     4.3191     36.113   5197.625     1.8217     1.7179     4.9341     4.6032     0.0000     0.0000     1.8217          4  0.000e+00
      98.66     0.0559          4   3.347988      1.217    -1.8000   27.77176  -88.48556    215.156    182.129  312.46115  313.23934 1.1856e-01 4.1961e+00   1514.999          1     124745     51.230     4.3204     4.3190     36.161   5197.667     1.8217     1.7179     4.9328     4.6032     0.0000     0.0000     1.8217          4  0.000e+00
      98.66     0.0559          4   3.348001     -2.604    -1.8000   27.77176  -88.48556    215.154    181.942  312.46238  313.24063 1.1856e-01 4.1958e+00   1514.890          1     124746     51.184     4.3200     4.3189     36.116   5197.708     1.8217     1.7167     4.9328     4.6032     0.0000     0.0000     1.8217          4  0.000e+00
      98.66     0.0559          4   3.347988      1.390    -1.8000   27.77176  -88.48556    215.155    182.127  312.46182  313.24004 1.1856e-01 4.1960e+00   1514.948          1     124747     51.214     4.3202     4.3191     36.147   5197.750     1.8217     1.7179     4.9328     4.6032     0.0000     0.0000     1.8217          4  0.000e+00
      98.66     0.0559          4   3.348001      0.001    -1.8000   27.77178  -88.48556    215.156    182.127  312.46317  313.24145 1.1856e-01 4.1957e+00   1514.948          1     124748     51.173     4.3199     4.3191     36.105   5197.792     1.8217     1.7179     4.9328     4.6032     0.0000     0.0000     1.8217          4  0.000e+00
      98.66     0.0559          4   3.348007      1.216    -1.8000   27.77178  -88.48556    215.156    182.129  312.46136  313.23958 1.1856e-01 4.1960e+00   1514.999          1     124749     51.200     4.3202     4.3189     36.132   5197.833     1.8217     1.7179     4.9328     4.6032     0.0000     0.0000     1.8217          4  0.000e+00
      98.66     0.0559          4   3.348026     -3.299    -1.8000   27.77178  -88.48556    215.153    182.126  312.46238  313.24067 1.1856e-01 4.1957e+00   1514.861          1     124750     51.148     4.3199     4.3190     36.080   5197.875     1.8217     1.7179     4.9328     4.6032     0.0000     0.0000     1.8217          4  0.000e+00
      98.66     0.0559          4   3.348013      2.085    -1.8000   27.77178  -88.48556    215.155    182.128  312.46210  313.24036 1.1856e-01 4.1958e+00   1514.948          1     124751     51.175     4.3200     4.3191     36.107   5197.917     1.8217     1.7179     4.9328     4.6032     0.0000     0.0000     1.8217          4  0.000e+00
      98.66     0.0559          4   3.347988     -1.388    -1.8000   27.77178  -88.48556    215.154    182.126  312.46272  313.24098 1.1856e-01 4.1958e+00   1514.890          1     124752     51.194     4.3200     4.3189     36.127   5197.958     1.8217     1.7179     4.9328     4.6032     0.0000     0.0000     1.8217          4  0.000e+00
      98.66     0.0559          4   3.348020      2.606    -1.8000   27.77178  -88.48556    215.156    182.129  312.46101  313.23924 1.1856e-01 4.1960e+00   1514.999          1     124753     51.190     4.3202     4.3190     36.121   5198.000     1.8217     1.7179     4.9328     4.6032     0.0000     0.0000     1.8217          4  0.000e+00
      98.66     0.0559          4   3.347969     -2.604    -1.8000   27.77178  -88.48556    215.154    182.125  312.46324  313.24149 1.1856e-01 4.1958e+00   1514.890          1     124754     51.211     4.3200     4.3192     36.144   5198.042     1.8217     1.7179     4.9328     4.6032     0.0000     0.0000     1.8217          4  0.000e+00
      98.66     0.0559          4   3.347988      1.390    -1.8000   27.77178  -88.48556    215.155    182.128  312.46182  313.24004 1.1856e-01 4.1960e+00   1514.948          1     124755     51.214     4.3202     4.3190     36.147   5198.083     1.8217     1.7179     4.9328     4.6032     0.0000     0.0000     1.8217          4  0.000e+00
      98.66     0.0548          4   3.347982      0.001    -1.8000   27.77178  -88.48556    215.156    182.127  312.46296  313.24121 1.1856e-01 4.1958e+00   1514.948          1     124756     51.202     4.3200     4.3191     36.135   5198.125     1.8217     1.7179     4.9328     4.6044     0.0000     0.0000     1.8217          4  0.000e+00
      98.66     0.0548          4   3.347994      0.001    -1.8000   27.77178  -88.48556    215.155    182.128  312.46165  313.23987 1.1856e-01 4.1960e+00   1514.948          1     124757     51.209     4.3202     4.3189     36.141   5198.167     1.8217     1.7179     4.9328     4.6044     0.0000     0.0000     1.8217          4  0.000e+00
      98.66     0.0548          4   3.348026      0.001    -1.8000   27.77178  -88.48556    215.156    181.943  312.46248  313.24077 1.1856e-01 4.1957e+00   1514.948          1     124758     51.152     4.3199     4.3188     36.083   5198.208     1.8217     1.7167     4.9328     4.6044     0.0000     0.0000     1.8217          4  0.000e+00
      98.66     0.0559          4   3.347994      0.522    -1.8000   27.77178  -88.48556    214.957    182.129  312.46264  313.24089 1.1856e-01 4.1958e+00   1514.970          1     124759     51.193     4.3200     4.3189     36.125   5198.250     1.8205     1.7179     4.9328     4.6032     0.0000     0.0000     1.8205          4  0.000e+00
      98.66     0.0559          4   3.348001     -1.909    -1.8000   27.77178  -88.48556    214.955    182.126  312.46311  313.24139 1.1856e-01 4.1957e+00   1514.891          1     124760     51.171     4.3199     4.3191     36.103   5198.292     1.8205     1.7179     4.9328     4.6032     0.0000     0.0000     1.8205          4  0.000e+00
      98.66     0.0559          4   3.348007      2.606    -1.8000   27.77178  -88.48556    215.156    182.129  312.46063  313.23883 1.1856e-01 4.1961e+00   1514.999          1     124761     51.213     4.3204     4.3189     36.145   5198.333     1.8217     1.7179     4.9328     4.6032     0.0000     0.0000     1.8217          4  0.000e+00
      98.66     0.0559          4   3.348026     -2.604    -1.8000   27.77178  -88.48556    215.153    182.127  312.46072  313.23895 1.1856e-01 4.1960e+00   1514.891          1     124762     51.179     4.3202     4.3187     36.111   5198.375     1.8217     1.7179     4.9328     4.6032     0.0000     0.0000     1.8217          4  0.000e+00
      98.66     0.0559          4   3.347988      1.390    -1.8000   27.77178  -88.48556    215.156    182.128  312.46279  313.24104 1.1856e-01 4.1958e+00   1514.949          1     124763     51.197     4.3200     4.3188     36.129   5198.417     1.8217     1.7179     4.9328     4.6032     0.0000     0.0000     1.8217          4  0.000e+00
      98.66     0.0548          4   3.347975      0.001    -1.8000   27.77178  -88.48556    215.155    182.128  312.46217  313.24038 1.1856e-01 4.1960e+00   1514.949          1     124764     51.225     4.3202     4.3189     36.158   5198.458     1.8217     1.7179     4.9328     4.6044     0.0000     0.0000     1.8217          4  0.000e+00
      98.66     0.0559          4   3.348001      1.217    -1.8000   27.77178  -88.48556    215.157    182.129  312.46250  313.24076 1.1856e-01 4.1958e+00   1514.999          1     124765     51.189     4.3200     4.3188     36.120   5198.500     1.8217     1.7179     4.9328     4.6032     0.0000     0.0000     1.8217          4  0.000e+00
      98.66     0.0559          4   3.347988     -1.215    -1.8000   27.77178  -88.48556    215.155    182.128  312.46182  313.24004 1.1856e-01 4.1960e+00   1514.949          1     124766     51.214     4.3202     4.3189     36.147   5198.542     1.8217     1.7179     4.9328     4.6032     0.0000     0.0000     1.8217          4  0.000e+00
      98.66     0.0559          4   3.348001     -0.694    -1.8000   27.77178  -88.48556    215.155    182.128  312.46241  313.24067 1.1856e-01 4.1958e+00   1514.920          1     124767     51.185     4.3200     4.3188     36.117   5198.583     1.8217     1.7179     4.9328     4.6032     0.0000     0.0000     1.8217          4  0.000e+00
      98.66     0.0548          4   3.347988      0.695    -1.8000   27.77178  -88.48556    215.156    182.127  312.46279  313.24104 1.1856e-01 4.1958e+00   1514.949          1     124768     51.197     4.3200     4.3189     36.129   5198.625     1.8217     1.7179     4.9328     4.6044     0.0000     0.0000     1.8217          4  0.000e+00
      98.66     0.0548          4   3.348001      1.217    -1.8000   27.77178  -88.48556    215.158    182.128  312.46323  313.24151 1.1856e-01 4.1957e+00   1515.000          1     124769     51.176     4.3199     4.3192     36.107   5198.667     1.8217     1.7179     4.9328     4.6044     0.0000     0.0000     1.8217          4  0.000e+00
      98.66     0.0548          4   3.348007     -1.215    -1.8000   27.77178  -88.48556    215.155    182.128  312.46227  313.24053 1.1856e-01 4.1958e+00   1514.949          1     124770     51.181     4.3200     4.3190     36.113   5198.708     1.8217     1.7179     4.9328     4.6044     0.0000     0.0000     1.8217          4  0.000e+00
      98.66     0.0548          4   3.347988      0.001    -1.8000   27.77178  -88.48556    215.156    182.128  312.46279  313.24104 1.1856e-01 4.1958e+00   1514.949          1     124771     51.197     4.3200     4.3189     36.129   5198.750     1.8217     1.7179     4.9328     4.6044     0.0000     0.0000     1.8217          4  0.000e+00
      98.66     0.0559          4   3.348020      0.001    -1.8000   27.77178  -88.48556    215.156    182.127  312.46265  313.24094 1.1856e-01 4.1957e+00   1514.949          1     124772     51.157     4.3199     4.3190     36.089   5198.792     1.8217     1.7179     4.9328     4.6032     0.0000     0.0000     1.8217          4  0.000e+00
      98.66     0.0559          4   3.348013      0.001    -1.8000   27.77178  -88.48556    215.155    182.127  312.46113  313.23936 1.1856e-01 4.1960e+00   1514.949          1     124773     51.193     4.3202     4.3191     36.124   5198.833     1.8217     1.7179     4.9328     4.6032     0.0000     0.0000     1.8217          4  0.000e+00
      98.66     0.0559          4   3.347988      0.001    -1.8000   27.77178  -88.48556    215.156    182.127  312.46279  313.24104 1.1856e-01 4.1958e+00   1514.949          1     124774     51.197     4.3200     4.3191     36.129   5198.875     1.8217     1.7179     4.9328     4.6032     0.0000     0.0000     1.8217          4  0.000e+00
      98.66     0.0559          4   3.348020      0.001    -1.8000   27.77178  -88.48556    215.155    182.128  312.46192  313.24019 1.1856e-01 4.1958e+00   1514.949          1     124775     51.170     4.3200     4.3190     36.102   5198.917     1.8217     1.7179     4.9328     4.6032     0.0000     0.0000     1.8217          4  0.000e+00
      98.66     0.0559          4   3.348039      1.911    -1.8000   27.77178  -88.48556    215.157    181.946  312.46149  313.23976 1.1856e-01 4.1958e+00   1515.029          1     124776     51.157     4.3200     4.3187     36.088   5198.958     1.8217     1.7167     4.9328     4.6032     0.0000     0.0000     1.8217          4  0.000e+00
      98.66     0.0569          4   3.348039     -1.909    -1.8000   27.77178  -88.48556    215.154    182.128  312.46044  313.23867 1.1856e-01 4.1960e+00   1514.949          1     124777     51.171     4.3202     4.3190     36.102   5199.000     1.8217     1.7179     4.9328     4.6020     0.0000     0.0000     1.8217          4  0.000e+00
      98.66     0.0569          4   3.347994      0.001    -1.8000   27.77178  -88.48556    215.156    181.943  312.46262  313.24087 1.1856e-01 4.1958e+00   1514.949          1     124778     51.192     4.3200     4.3191     36.124   5199.042     1.8217     1.7167     4.9328     4.6020     0.0000     0.0000     1.8217          4  0.000e+00
      98.66     0.0591          4   3.348020      0.001    -1.8000   27.77178  -88.48556    214.956    181.943  312.46192  313.24019 1.1856e-01 4.1958e+00   1514.949          1     124779     51.170     4.3200     4.3191     36.102   5199.083     1.8205     1.7167     4.9328     4.5995     0.0000     0.0000     1.8205          4  0.000e+00
