tests/data/CTD/g01mcan02c.ros
* Sea-Bird SBE 9 Data File:
* FileName = D:\CTD DATA\2013\PE13-01 DiMarco\G01MCAN02C.hex
* Software Version Seasave V 7.21g
* Temperature SN = 4515
* Conductivity SN = 3079
* Number of Bytes Per Scan = 40
* Number of Voltage Words = 5
* Number of Scans Averaged by the Deck Unit = 1
* NMEA Latitude = 28 30.03 N
* NMEA Longitude = 089 45.01 W
* NMEA UTC (Time) = Jul 11 2012  07:24:48
* NMEA baud rate = 4800
# nquan = 31
# nvalues = 392                                   
# units = specified
# name 0 = altM: Altimeter [m]
# name 1 = bat: Beam Attenuation, Chelsea/Seatech [1/m]
# name 2 = bpos: Bottle Position in Carousel
# name 3 = c0S/m: Conductivity [S/m]
# name 4 = dz/dtM: Descent Rate [m/s]
# name 5 = wetCDOM: Fluorescence, WET Labs CDOM [mg/m^3]
# name 6 = latitude: Latitude [deg]
# name 7 = longitude: Longitude [deg]
# name 8 = sbeox0Mm/Kg: Oxygen, SBE 43 [umol/kg]
# name 9 = sbeox1Mm/Kg: Oxygen, SBE 43, 2 [umol/kg]
# name 10 = oxsolMm/Kg: Oxygen Saturation, Garcia & Gordon [umol/kg]
# name 11 = oxsatMm/Kg: Oxygen Saturation, Weiss [umol/kg]
# name 12 = par: PAR/Irradiance, Biospherical/Licor
# name 13 = pla: Plume Anomaly
# name 14 = prDM: Pressure, Digiquartz [db]
# name 15 = pumps: Pump Status
# name 16 = scan: Scan Count
# name 17 = sva: Specific Volume Anomaly [10^-8 * m^3/kg]
# name 18 = t090C: Temperature [ITS-90, deg C]
# name 19 = t190C: Temperature, 2 [ITS-90, deg C]
# name 20 = tsa: Thermosteric Anomaly [10^-8 * m^3/kg]
# name 21 = timeS: Time, Elapsed [seconds]
# name 22 = v0: Voltage 0
# name 23 = v1: Voltage 1
# name 24 = v2: Voltage 2
# name 25 = v3: Voltage 3
# name 26 = v4: Voltage 4
# name 27 = v5: Voltage 5
# name 28 = sbeox0V: Oxygen raw, SBE 43 [V]
# name 29 = nbf: Bottles Fired
# name 30 = flag:  0.000e+00
# interval = seconds: 0.0416667
# start_time = Jul 11 2012 07:24:48 [NMEA time, header]
# bad_flag = -9.990e-29
*END*
[from data line 328]
      98.58     0.2228          7   5.345375      1.183     3.6335   28.50864  -89.75406    179.172    155.476  209.43047  208.93074 1.3513e-01 2.3752e+01     50.587          1      54454    328.252    23.7565    23.7649    326.468   2268.875     2.5006     2.3602     4.9292     4.4151     0.0562     0.2173     2.5006          7  0.000e+00
      98.58     0.2228          7   5.345222     -1.689     3.6335   28.50864  -89.75406    179.175    155.477  209.43496  208.93525 1.3513e-01 2.3750e+01     50.517          1      54455    328.227    23.7553    23.7639    326.446   2268.917     2.5006     2.3602     4.9292     4.4151     0.0562     0.2173     2.5006          7  0.000e+00
      98.58     0.2228          7   5.345192      1.690     3.6335   28.50864  -89.75406    179.068    155.482  209.43637  208.93667 1.3551e-01 2.3750e+01     50.587          1      54456    328.211    23.7548    23.7625    326.427   2268.958     2.4994     2.3602     4.9292     4.4151     0.0574     0.2173     2.4994          7  0.000e+00
      98.58     0.2228          7   5.345084     -1.182     3.6335   28.50864  -89.75406    179.070    155.584  209.44031  208.94062 1.3513e-01 2.3749e+01     50.538          1      54457    328.165    23.7537    23.7621    326.383   2269.000     2.4994     2.3614     4.9292     4.4151     0.0562     0.2173     2.4994          7  0.000e+00
      98.58     0.2217          7   5.344801      1.183     3.6335   28.50864  -89.75406    179.186    155.481  209.44700  208.94733 1.3513e-01 2.3747e+01     50.587          1      54458    328.191    23.7521    23.7623    326.408   2269.042     2.5006     2.3602     4.9292     4.4164     0.0562     0.2173     2.5006          7  0.000e+00
      98.58     0.2228          7   5.344434     -0.506     3.6335   28.50864  -89.75406    179.194    155.481  209.45694  208.95729 1.3513e-01 2.3745e+01     50.566          1      54459    328.174    23.7496    23.7627    326.391   2269.083     2.5006     2.3602     4.9292     4.4151     0.0562     0.2173     2.5006          7  0.000e+00
      98.58     0.2228          7   5.344204      0.507     3.6335   28.50864  -89.75406    179.091    155.586  209.46404  208.96442 1.3513e-01 2.3743e+01     50.587          1      54460    328.134    23.7477    23.7619    326.350   2269.125     2.4994     2.3614     4.9292     4.4151     0.0562     0.2173     2.4994          7  0.000e+00
      98.58     0.2228          7   5.344235     -1.182     3.6335   28.50864  -89.75406    179.090    155.484  209.46379  208.96417 1.3551e-01 2.3743e+01     50.538          1      54461    328.110    23.7477    23.7613    326.329   2269.167     2.4994     2.3602     4.9292     4.4151     0.0574     0.2173     2.4994          7  0.000e+00
      98.58     0.2228          7   5.344258      1.183     3.6335   28.50864  -89.75406    179.091    155.487  209.46348  208.96386 1.3551e-01 2.3743e+01     50.587          1      54462    328.104    23.7477    23.7604    326.321   2269.208     2.4994     2.3602     4.9292     4.4151     0.0574     0.2173     2.4994          7  0.000e+00
      98.58     0.2228          7   5.344288     -0.506     3.6640   28.50864  -89.75406    179.309    155.491  209.46280  208.96318 1.3513e-01 2.3743e+01     50.566          1      54463    328.099    23.7478    23.7589    326.316   2269.250     2.5018     2.3602     4.9292     4.4151     0.0562     0.2186     2.5018          7  0.000e+00
      98.58     0.2228          7   5.344304      0.507     3.6335   28.50864  -89.75406    179.090    155.493  209.46256  208.96294 1.3513e-01 2.3743e+01     50.587          1      54464    328.095    23.7479    23.7584    326.311   2269.292     2.4994     2.3602     4.9292     4.4151     0.0562     0.2173     2.4994          7  0.000e+00
      98.58     0.2206          7   5.344533      0.000     3.6335   28.50864  -89.75406    179.085    155.602  209.45680  208.95716 1.3513e-01 2.3744e+01     50.587          1      54465    328.088    23.7493    23.7566    326.305   2269.333     2.4994     2.3614     4.9292     4.4176     0.0562     0.2173     2.4994          7  0.000e+00
      98.58     0.2206          7   5.344495      0.000     3.6335   28.50864  -89.75406    179.195    155.608  209.45720  208.95756 1.3513e-01 2.3744e+01     50.587          1      54466    328.110    23.7493    23.7538    326.326   2269.375     2.5006     2.3614     4.9292     4.4176     0.0562     0.2173     2.5006          7  0.000e+00
      98.58     0.2206          7   5.344472      0.845     3.6335   28.50864  -89.75406    179.197    155.613  209.45905  208.95942 1.3513e-01 2.3744e+01     50.622          1      54467    328.067    23.7486    23.7525    326.282   2269.417     2.5006     2.3614     4.9292     4.4176     0.0562     0.2173     2.5006          7  0.000e+00
      98.58     0.2206          7   5.344480     -2.026     3.6335   28.50864  -89.75406    179.086    155.616  209.45947  208.95984 1.3551e-01 2.3743e+01     50.538          1      54468    328.039    23.7484    23.7505    326.257   2269.458     2.4994     2.3614     4.9292     4.4176     0.0574     0.2173     2.4994          7  0.000e+00
      98.58     0.1352          8   5.838667     -0.168     2.3514   28.50908  -89.75416    201.367    177.953  192.31433  191.82687 3.8524e+00 2.9249e+01      0.992          1      56918    541.504    29.2424    29.2492    541.667   2371.542     2.9609     2.8120     4.9292     4.5128     1.5067     0.1661     2.9609          8  0.000e+00
      98.58     0.1352          8   5.838595      3.881     2.3819   28.50908  -89.75416    201.374    177.957  192.31736  191.82988 3.7246e+00 2.9248e+01      1.154          1      56919    541.454    29.2413    29.2488    541.610   2371.583     2.9609     2.8120     4.9292     4.5128     1.4921     0.1673     2.9609          8  0.000e+00
      98.58     0.1352          8   5.838587     -1.350     2.3514   28.50908  -89.75416    201.374    177.860  192.31886  191.83136 3.4232e+00 2.9247e+01      1.098          1      56920    541.397    29.2406    29.2491    541.555   2371.625     2.9609     2.8107     4.9292     4.5128     1.4554     0.1661     2.9609          8  0.000e+00
      98.58     0.1352          8   5.838547     -1.350     2.3819   28.50908  -89.75416    201.374    177.858  192.31967  191.83217 3.3189e+00 2.9247e+01      1.042          1      56921    541.393    29.2403    29.2497    541.553   2371.667     2.9609     2.8107     4.9292     4.5128     1.4420     0.1673     2.9609          8  0.000e+00
      98.58     0.1352          8   5.838540      1.350     2.3819   28.50908  -89.75416    201.376    177.865  192.32019  191.83268 3.2269e+00 2.9247e+01      1.098          1      56922    541.383    29.2401    29.2476    541.541   2371.708     2.9609     2.8107     4.9292     4.5128     1.4298     0.1673     2.9609          8  0.000e+00
      98.58     0.1352          8   5.838500     -0.169     2.3514   28.50908  -89.75416    201.378    177.867  192.32211  191.83459 2.7878e+00 2.9246e+01      1.091          1      56923    541.338    29.2394    29.2471    541.496   2371.750     2.9609     2.8107     4.9292     4.5128     1.3663     0.1661     2.9609          8  0.000e+00
      98.56     0.1352          8   5.838420      1.519     2.3819   28.50908  -89.75418    201.380    177.868  192.32279  191.83526 2.6131e+00 2.9246e+01      1.154          1      56924    541.381    29.2394    29.2471    541.537   2371.792     2.9609     2.8107     4.9280     4.5128     1.3382     0.1673     2.9609          8  0.000e+00
      98.58     0.1352          8   5.838428     -1.350     2.3819   28.50908  -89.75418    201.378    177.866  192.32227  191.83475 2.6205e+00 2.9246e+01      1.098          1      56925    541.391    29.2396    29.2471    541.549   2371.833     2.9609     2.8107     4.9292     4.5128     1.3394     0.1673     2.9609          8  0.000e+00
      98.56     0.1352          8   5.838476     -0.169     2.3819   28.50908  -89.75418    201.277    177.865  192.32151  191.83400 2.8114e+00 2.9247e+01      1.091          1      56926    541.382    29.2398    29.2471    541.540   2371.875     2.9597     2.8107     4.9280     4.5128     1.3700     0.1673     2.9597          8  0.000e+00
      98.56     0.1363          8   5.838492      2.700     2.3819   28.50908  -89.75418    201.381    177.868  192.32221  191.83469 2.9161e+00 2.9246e+01      1.204          1      56927    541.349    29.2394    29.2474    541.503   2371.917     2.9609     2.8107     4.9280     4.5116     1.3858     0.1673     2.9609          8  0.000e+00
      98.58     0.1396          8   5.838452     -1.350     2.3514   28.50908  -89.75418    201.379    177.869  192.32209  191.83457 2.9408e+00 2.9246e+01      1.147          1      56928    541.383    29.2396    29.2467    541.539   2371.958     2.9609     2.8107     4.9292     4.5079     1.3895     0.1661     2.9609          8  0.000e+00
      98.56     0.1417          8   5.838404     -1.181     2.3819   28.50908  -89.75418    201.279    177.874  192.32290  191.83538 4.4717e+00 2.9246e+01      1.098          1      56929    541.386    29.2394    29.2445    541.544   2372.000     2.9597     2.8107     4.9280     4.5055     1.5714     0.1673     2.9597          8  0.000e+00
      98.56     0.1417          8   5.838468      1.350     2.3514   28.50908  -89.75418    201.379    177.879  192.32196  191.83444 5.8741e+00 2.9246e+01      1.154          1      56930    541.375    29.2396    29.2428    541.531   2372.042     2.9609     2.8107     4.9280     4.5055     1.6899     0.1661     2.9609          8  0.000e+00
      98.58     0.1417          8   5.838563     -0.168     2.4125   28.50908  -89.75418    201.377    177.881  192.32001  191.83250 6.0928e+00 2.9247e+01      1.147          1      56931    541.374    29.2401    29.2417    541.530   2372.083     2.9609     2.8107     4.9292     4.5055     1.7057     0.1685     2.9609          8  0.000e+00
      98.58     0.1417          8   5.838587      1.350     2.4430   28.50908  -89.75418    201.376    177.883  192.31781  191.83032 3.7456e+00 2.9248e+01      1.204          1      56932    541.447    29.2411    29.2416    541.600   2372.125     2.9609     2.8107     4.9292     4.5055     1.4945     0.1697     2.9609          8  0.000e+00
      98.58     0.1406          8   5.838619     -1.181     2.4125   28.50908  -89.75418    201.374    177.880  192.31673  191.82925 2.4494e+00 2.9248e+01      1.154          1      56933    541.460    29.2415    29.2421    541.615   2372.167     2.9609     2.8107     4.9292     4.5067     1.3101     0.1685     2.9609          8  0.000e+00
      98.58     0.1406          8   5.838635     -1.518     2.4430   28.50908  -89.75418    201.372    177.877  192.31701  191.82953 2.2639e+00 2.9248e+01      1.091          1      56934    541.431    29.2413    29.2428    541.589   2372.208     2.9609     2.8107     4.9292     4.5067     1.2759     0.1697     2.9609          8  0.000e+00
      98.58     0.1406          8   5.838706      2.700     2.4430   28.50908  -89.75418    201.374    177.878  192.31631  191.82883 2.0286e+00 2.9248e+01      1.204          1      56935    541.408    29.2413    29.2435    541.562   2372.250     2.9609     2.8107     4.9292     4.5067     1.2283     0.1697     2.9609          8  0.000e+00
      98.56     0.1417          8   5.838691     -1.350     2.4430   28.50908  -89.75418    201.473    177.784  192.31578  191.82830 1.7476e+00 2.9248e+01      1.147          1      56936    541.439    29.2416    29.2427    541.594   2372.292     2.9621     2.8095     4.9280     4.5055     1.1636     0.1697     2.9621          8  0.000e+00
      98.58     0.1417          8   5.838643      0.169     2.4430   28.50908  -89.75418    201.373    177.692  192.31654  191.82905 1.6896e+00 2.9248e+01      1.154          1      56937    541.448    29.2415    29.2417    541.604   2372.333     2.9609     2.8083     4.9292     4.5055     1.1490     0.1697     2.9609          8  0.000e+00
      98.58     0.1406          8   5.838635      0.000     2.4125   28.50908  -89.75418    201.474    177.692  192.31704  191.82955 2.1220e+00 2.9248e+01      1.154          1      56938    541.435    29.2413    29.2417    541.590   2372.375     2.9621     2.8083     4.9292     4.5067     1.2479     0.1685     2.9621          8  0.000e+00
      98.58     0.1406          8   5.838595     -0.168     2.4430   28.50908  -89.75418    201.474    177.786  192.31736  191.82988 3.1198e+00 2.9248e+01      1.147          1      56939    541.454    29.2413    29.2423    541.610   2372.417     2.9621     2.8095     4.9292     4.5067     1.4151     0.1697     2.9621          8  0.000e+00
      98.58     0.1406          8   5.838619      1.350     2.4430   28.50908  -89.75418    201.676    177.786  192.31754  191.83006 3.4815e+00 2.9248e+01      1.204          1      56940    541.431    29.2411    29.2428    541.585   2372.458     2.9646     2.8095     4.9292     4.5067     1.4628     0.1697     2.9646          8  0.000e+00
      98.56     0.1417          8   5.838667     -1.350     2.4430   28.50908  -89.75418    201.674    177.786  192.31713  191.82964 3.3376e+00 2.9248e+01      1.147          1      56941    541.404    29.2411    29.2421    541.560   2372.500     2.9646     2.8095     4.9280     4.5055     1.4444     0.1697     2.9646          8  0.000e+00
      98.56     0.1417          8   5.838611      0.169     2.4430   28.50908  -89.75418    201.675    177.788  192.31759  191.83011 3.0332e+00 2.9248e+01      1.155          1      56942    541.432    29.2411    29.2414    541.588   2372.542     2.9646     2.8095     4.9280     4.5055     1.4029     0.1697     2.9646          8  0.000e+00
      98.58     0.1406          8   5.838619      0.000     2.4125   28.50908  -89.75418    201.675    177.790  192.31753  191.83004 2.9408e+00 2.9248e+01      1.155          1      56943    541.428    29.2411    29.2407    541.584   2372.583     2.9646     2.8095     4.9292     4.5067     1.3895     0.1685     2.9646          8  0.000e+00
      98.56     0.1417          8   5.838635     -1.518     2.4430   28.50908  -89.75418    201.774    177.790  192.31781  191.83032 3.1285e+00 2.9248e+01      1.091          1      56944    541.399    29.2409    29.2399    541.557   2372.625     2.9658     2.8095     4.9280     4.5055     1.4164     0.1697     2.9658          8  0.000e+00
      98.58     0.1417          8   5.838635      1.519     2.4430   28.50908  -89.75418    201.775    177.792  192.31740  191.82991 4.1681e+00 2.9248e+01      1.155          1      56945    541.420    29.2411    29.2397    541.576   2372.667     2.9658     2.8095     4.9292     4.5055     1.5409     0.1697     2.9658          8  0.000e+00
      98.58     0.1406          8   5.838635     -1.518     2.4125   28.50908  -89.75418    201.873    177.790  192.31658  191.82910 4.6775e+00 2.9248e+01      1.091          1      56946    541.448    29.2415    29.2397    541.606   2372.708     2.9670     2.8095     4.9292     4.5067     1.5910     0.1685     2.9670          8  0.000e+00
      98.58     0.1417          8   5.838706      1.519     2.4430   28.50908  -89.75418    201.871    177.791  192.31363  191.82616 4.5096e+00 2.9249e+01      1.155          1      56947    541.512    29.2426    29.2401    541.668   2372.750     2.9670     2.8095     4.9292     4.5055     1.5751     0.1697     2.9670          8  0.000e+00
      98.58     0.1396          8   5.838762      0.000     2.4125   28.50908  -89.75418    201.869    177.789  192.31150  191.82406 2.9161e+00 2.9250e+01      1.155          1      56948    541.551    29.2434    29.2408    541.707   2372.792     2.9670     2.8095     4.9292     4.5079     1.3858     0.1685     2.9670          8  0.000e+00
