tests/data/CTD/g01mcan02c.ros
* Sea-Bird SBE 9 Data File:
* FileName = D:\CTD DATA\2013\PE13-01 DiMarco\G01MCAN02C.hex
* Software Version Seasave V 7.21g
* Temperature SN = 4515
* Conductivity SN = 3079
* Number of Bytes Per Scan = 40
* Number of Voltage Words = 5
* Number of Scans Averaged by the Deck Unit = 1
* NMEA Latitude = 28 30.03 N
* NMEA Longitude = 089 45.01 W
* NMEA UTC (Time) = Jul 11 2012  07:24:48
* NMEA baud rate = 4800
# nquan = 31
# nvalues = 392                                   
# units = specified
# name 0 = altM: Altimeter [m]
# name 1 = bat: Beam Attenuation, Chelsea/Seatech [1/m]
# name 2 = bpos: Bottle Position in Carousel
# name 3 = c0S/m: Conductivity [S/m]
# name 4 = dz/dtM: Descent Rate [m/s]
# name 5 = wetCDOM: Fluorescence, WET Labs CDOM [mg/m^3]
# name 6 = latitude: Latitude [deg]
# name 7 = longitude: Longitude [deg]
# name 8 = sbeox0Mm/Kg: Oxygen, SBE 43 [umol/kg]
# name 9 = sbeox1Mm/Kg: Oxygen, SBE 43, 2 [umol/kg]
# name 10 = oxsolMm/Kg: Oxygen Saturation, Garcia & Gordon [umol/kg]
# name 11 = oxsatMm/Kg: Oxygen Saturation, Weiss [umol/kg]
# name 12 = par: PAR/Irradiance, Biospherical/Licor
# name 13 = pla: Plume Anomaly
# name 14 = prDM: Pressure, Digiquartz [db]
# name 15 = pumps: Pump Status
# name 16 = scan: Scan Count
# name 17 = sva: Specific Volume Anomaly [10^-8 * m^3/kg]
# name 18 = t090C: Temperature [ITS-90, deg C]
# name 19 = t190C: Temperature, 2 [ITS-90, deg C]
# name 20 = tsa: Thermosteric Anomaly [10^-8 * m^3/kg]
# name 21 = timeS: Time, Elapsed [seconds]
# name 22 = v0: Voltage 0
# name 23 = v1: Voltage 1
# name 24 = v2: Voltage 2
# name 25 = v3: Voltage 3
# name 26 = v4: Voltage 4
# name 27 = v5: Voltage 5
# name 28 = sbeox0V: Oxygen raw, SBE 43 [V]
# name 29 = nbf: Bottles Fired
# name 30 = flag:  0.000e+00
# interval = seconds: 0.0416667
# start_time = Jul 11 2012 07:24:48 [NMEA time, header]
# bad_flag = -9.990e-29
*END*
       4.05     0.0836          1   3.620937     10.065     3.7250   28.50518  -89.75250    127.933    108.387  288.52596  288.88681 1.3902e-01 7.7069e+00    569.294          1      29267     88.332     7.7630     7.7675     78.694   1219.417     1.4689     1.3968     0.2027     4.5714     0.0684     0.2210     1.4689          1  0.000e+00
       4.05     0.0836          1   3.620794     -5.288     3.7250   28.50518  -89.75250    127.933    108.382  288.53479  288.89578 1.3863e-01 7.7056e+00    569.074          1      29268     88.317     7.7617     7.7678     78.684   1219.458     1.4689     1.3968     0.2027     4.5714     0.0672     0.2210     1.4689          1  0.000e+00
       4.05     0.0836          1   3.620748      0.341     3.7250   28.50518  -89.75250    127.772    108.382  288.53724  288.89826 1.3863e-01 7.7053e+00    569.088          1      29269     88.326     7.7614     7.7679     78.693   1219.500     1.4676     1.3968     0.2027     4.5714     0.0672     0.2210     1.4676          1  0.000e+00
       4.05     0.0846          1   3.620767      2.388     3.7250   28.50518  -89.75250    127.774    108.383  288.53610  288.89709 1.3902e-01 7.7055e+00    569.188          1      29270     88.332     7.7616     7.7682     78.697   1219.542     1.4676     1.3968     0.2027     4.5702     0.0684     0.2210     1.4676          1  0.000e+00
       4.05     0.0846          1   3.620807     -2.729     3.7250   28.50518  -89.75250    127.770    108.381  288.53310  288.89405 1.3863e-01 7.7059e+00    569.074          1      29271     88.335     7.7620     7.7681     78.702   1219.583     1.4676     1.3968     0.2027     4.5702     0.0672     0.2210     1.4676          1  0.000e+00
       4.05     0.0836          1   3.620761      1.535     3.7250   28.50518  -89.75250    127.934    108.382  288.53480  288.89575 1.3863e-01 7.7058e+00    569.138          1      29272     88.362     7.7619     7.7684     78.729   1219.625     1.4689     1.3968     0.2027     4.5714     0.0672     0.2210     1.4689          1  0.000e+00
       4.05     0.0836          1   3.620722     -1.194     3.7250   28.50518  -89.75250    127.774    108.381  288.54063  288.90172 1.3863e-01 7.7047e+00    569.088          1      29273     88.290     7.7608     7.7686     78.658   1219.667     1.4676     1.3968     0.2027     4.5714     0.0672     0.2210     1.4676          1  0.000e+00
       4.05     0.0836          1   3.620578      1.024     3.7250   28.50518  -89.75250    127.942    108.381  288.55032  288.91156 1.3863e-01 7.7032e+00    569.131          1      29274     88.276     7.7593     7.7687     78.645   1219.708     1.4689     1.3968     0.2027     4.5714     0.0672     0.2210     1.4689          1  0.000e+00
       4.05     0.0836          1   3.620473      0.171     3.7250   28.50518  -89.75250    127.945    108.381  288.55689  288.91823 1.3863e-01 7.7023e+00    569.138          1      29275     88.275     7.7583     7.7687     78.645   1219.750     1.4689     1.3968     0.2027     4.5714     0.0672     0.2210     1.4689          1  0.000e+00
       4.05     0.0836          1   3.620427     -1.194     3.7250   28.50518  -89.75250    127.946    108.380  288.56088  288.92229 1.3863e-01 7.7016e+00    569.088          1      29276     88.248     7.7577     7.7686     78.619   1219.792     1.4689     1.3968     0.2027     4.5714     0.0672     0.2210     1.4689          1  0.000e+00
       4.05     0.0836          1   3.620427      1.194     3.7250   28.50518  -89.75250    127.946    108.381  288.56013  288.92151 1.3863e-01 7.7018e+00    569.138          1      29277     88.266     7.7578     7.7684     78.637   1219.833     1.4689     1.3968     0.2027     4.5714     0.0672     0.2210     1.4689          1  0.000e+00
       4.05     0.0836          1   3.620473     -1.535     3.7250   28.50518  -89.75250    127.781    108.380  288.55623  288.91755 1.3902e-01 7.7024e+00    569.074          1      29278     88.284     7.7585     7.7687     78.655   1219.875     1.4676     1.3968     0.2027     4.5714     0.0684     0.2210     1.4676          1  0.000e+00
       4.05     0.0846          1   3.620558      1.535     3.7250   28.50518  -89.75250    127.617    108.380  288.55017  288.91139 1.3863e-01 7.7033e+00    569.138          1      29279     88.305     7.7594     7.7689     78.673   1219.917     1.4664     1.3968     0.2027     4.5702     0.0672     0.2210     1.4664          1  0.000e+00
       4.05     0.0836          1   3.620637     -1.194     3.7250   28.50518  -89.75250    127.776    108.380  288.54395  288.90506 1.3863e-01 7.7044e+00    569.088          1      29280     88.329     7.7604     7.7687     78.698   1219.958     1.4676     1.3968     0.2027     4.5714     0.0672     0.2210     1.4676          1  0.000e+00
       4.05     0.0846          1   3.620722      1.024     3.7250   28.50518  -89.75250    127.612    108.381  288.53927  288.90032 1.3902e-01 7.7050e+00    569.131          1      29281     88.320     7.7611     7.7686     78.688   1220.000     1.4664     1.3968     0.2027     4.5702     0.0684     0.2210     1.4664          1  0.000e+00
       4.05     0.0836          1   3.620722      0.171     3.7250   28.50518  -89.75250    127.935    108.381  288.53708  288.89807 1.3863e-01 7.7055e+00    569.138          1      29282     88.365     7.7616     7.7686     78.732   1220.042     1.4689     1.3968     0.2027     4.5714     0.0672     0.2210     1.4689          1  0.000e+00
       4.05     0.0836          1   3.620761     -1.194     3.7250   28.50518  -89.75250    127.771    108.380  288.53475  288.89570 1.3863e-01 7.7058e+00    569.088          1      29283     88.360     7.7619     7.7687     78.727   1220.083     1.4676     1.3968     0.2027     4.5714     0.0672     0.2210     1.4676          1  0.000e+00
       4.05     0.0825          1   3.620735      1.024     3.7556   28.50518  -89.75250    127.772    108.381  288.53538  288.89633 1.3863e-01 7.7058e+00    569.131          1      29284     88.383     7.7619     7.7686     78.750   1220.125     1.4676     1.3968     0.2027     4.5726     0.0672     0.2222     1.4676          1  0.000e+00
       9.40     0.0814          1   3.620715      0.171     3.7250   28.50518  -89.75250    127.774    108.381  288.53863  288.89965 1.3863e-01 7.7052e+00    569.138          1      29285     88.342     7.7613     7.7687     78.709   1220.167     1.4676     1.3968     0.4701     4.5739     0.0672     0.2210     1.4676          1  0.000e+00
      67.96     0.0825          1   3.620689     -1.194     3.7250   28.50518  -89.75250    127.774    108.380  288.54057  288.90163 1.3863e-01 7.7049e+00    569.088          1      29286     88.332     7.7609     7.7689     78.700   1220.208     1.4676     1.3968     3.3980     4.5726     0.0672     0.2210     1.4676          1  0.000e+00
      99.19     0.0825          1   3.620637      1.024     3.7250   28.50518  -89.75250    127.777    108.381  288.54479  288.90593 1.3902e-01 7.7042e+00    569.131          1      29287     88.315     7.7603     7.7687     78.683   1220.250     1.4676     1.3968     4.9597     4.5726     0.0684     0.2210     1.4676          1  0.000e+00
     100.00     0.0814          1   3.620565     -1.023     3.7250   28.50518  -89.75250    127.940    108.380  288.54918  288.91037 1.3863e-01 7.7035e+00    569.088          1      29288     88.313     7.7596     7.7689     78.683   1220.292     1.4689     1.3968     5.0000     4.5739     0.0672     0.2210     1.4689          1  0.000e+00
     100.00     0.0825          1   3.620526      1.194     3.7250   28.50518  -89.75250    127.943    108.381  288.55291  288.91418 1.3863e-01 7.7029e+00    569.138          1      29289     88.290     7.7590     7.7686     78.659   1220.333     1.4689     1.3968     5.0000     4.5726     0.0672     0.2210     1.4689          1  0.000e+00
      98.90     0.0814          1   3.620454     -0.170     3.7250   28.50518  -89.75250    127.945    108.382  288.55753  288.91887 1.3863e-01 7.7022e+00    569.131          1      29290     88.286     7.7583     7.7686     78.656   1220.375     1.4689     1.3968     4.9451     4.5739     0.0672     0.2210     1.4689          1  0.000e+00
      98.51     0.0825          1   3.620375     -1.023     3.7250   28.50518  -89.75250    127.786    108.382  288.56546  288.92695 1.3863e-01 7.7008e+00    569.088          1      29291     88.220     7.7569     7.7681     78.592   1220.417     1.4676     1.3968     4.9255     4.5726     0.0672     0.2210     1.4676          1  0.000e+00
      98.63     0.0825          1   3.620303      1.194     3.7250   28.50518  -89.75250    127.788    108.383  288.56873  288.93026 1.3863e-01 7.7004e+00    569.138          1      29292     88.248     7.7565     7.7679     78.619   1220.458     1.4676     1.3968     4.9316     4.5726     0.0672     0.2210     1.4676          1  0.000e+00
      98.71     0.0825          1   3.620271     -1.194     3.7250   28.50518  -89.75250    127.788    108.384  288.57142  288.93300 1.3823e-01 7.7000e+00    569.088          1      29293     88.230     7.7561     7.7676     78.604   1220.500     1.4676     1.3968     4.9353     4.5726     0.0659     0.2210     1.4676          1  0.000e+00
      98.73     0.0825          1   3.620231      1.024     3.7250   28.50518  -89.75250    127.790    108.385  288.57255  288.93413 1.3863e-01 7.6999e+00    569.131          1      29294     88.260     7.7560     7.7671     78.632   1220.542     1.4676     1.3968     4.9365     4.5726     0.0672     0.2210     1.4676          1  0.000e+00
      98.71     0.0825          1   3.620271     -1.023     3.7556   28.50518  -89.75250    127.788    108.385  288.56943  288.93095 1.3863e-01 7.7004e+00    569.088          1      29295     88.271     7.7565     7.7669     78.644   1220.583     1.4676     1.3968     4.9353     4.5726     0.0672     0.2222     1.4676          1  0.000e+00
      98.71     0.0825          1   3.620251      1.194     3.7250   28.50518  -89.75250    127.787    108.386  288.56632  288.92774 1.3863e-01 7.7013e+00    569.138          1      29296     88.362     7.7573     7.7666     78.734   1220.625     1.4676     1.3968     4.9353     4.5726     0.0672     0.2210     1.4676          1  0.000e+00
      98.71     0.0825          1   3.620349     -0.171     3.7250   28.50518  -89.75250    127.784    108.386  288.56130  288.92265 1.3863e-01 7.7019e+00    569.131          1      29297     88.341     7.7580     7.7668     78.712   1220.667     1.4676     1.3968     4.9353     4.5726     0.0672     0.2210     1.4676          1  0.000e+00
      98.73     0.0825          1   3.620388      0.171     3.7250   28.50518  -89.75250    127.783    108.387  288.55882  288.92014 1.3823e-01 7.7023e+00    569.138          1      29298     88.342     7.7583     7.7663     78.713   1220.708     1.4676     1.3968     4.9365     4.5726     0.0659     0.2210     1.4676          1  0.000e+00
      98.73     0.0814          1   3.620447     -1.194     3.7250   28.50518  -89.75250    127.943    108.387  288.55544  288.91671 1.3863e-01 7.7027e+00    569.088          1      29299     88.333     7.7588     7.7662     78.704   1220.750     1.4689     1.3968     4.9365     4.5739     0.0672     0.2210     1.4689          1  0.000e+00
      98.71     0.0825          1   3.620382     -0.341     3.7250   28.50520  -89.75250    127.783    108.388  288.55970  288.92104 1.3863e-01 7.7021e+00    569.074          1      29300     88.328     7.7582     7.7658     78.700   1220.792     1.4676     1.3968     4.9353     4.5726     0.0672     0.2210     1.4676          1  0.000e+00
      98.71     0.0814          1   3.620133      1.535     3.7250   28.50520  -89.75250    127.954    108.394  288.57698  288.93860 1.3863e-01 7.6994e+00    569.138          1      29301     88.293     7.7555     7.7638     78.667   1220.833     1.4689     1.3968     4.9353     4.5739     0.0672     0.2210     1.4689          1  0.000e+00
      98.71     0.0825          1   3.619963     -1.194     3.7250   28.50520  -89.75250    127.797    108.397  288.58937  288.95120 1.3863e-01 7.6975e+00    569.088          1      29302     88.251     7.7535     7.7627     78.628   1220.875     1.4676     1.3968     4.9353     4.5726     0.0672     0.2210     1.4676          1  0.000e+00
      98.71     0.0825          1   3.619839      1.024     3.7250   28.50520  -89.75250    127.964    108.397  288.59842  288.96040 1.3863e-01 7.6961e+00    569.131          1      29303     88.227     7.7521     7.7629     78.604   1220.917     1.4689     1.3968     4.9353     4.5726     0.0672     0.2210     1.4689          1  0.000e+00
      98.71     0.0836          1   3.619702     -2.388     3.7250   28.50520  -89.75250    127.804    108.398  288.60663  288.96873 1.3863e-01 7.6949e+00    569.031          1      29304     88.225     7.7509     7.7621     78.605   1220.958     1.4676     1.3968     4.9353     4.5714     0.0672     0.2210     1.4676          1  0.000e+00
      98.71     0.0868          1   3.619669      2.559     3.7250   28.50520  -89.75250    127.807    108.402  288.60928  288.97141 1.3863e-01 7.6945e+00    569.138          1      29305     88.220     7.7505     7.7609     78.599   1221.000     1.4676     1.3968     4.9353     4.5678     0.0672     0.2210     1.4676          1  0.000e+00
      98.71     0.0878          1   3.619656     -1.535     3.7250   28.50520  -89.75250    127.968    108.405  288.60911  288.97123 1.3863e-01 7.6946e+00    569.074          1      29306     88.235     7.7506     7.7593     78.615   1221.042     1.4689     1.3968     4.9353     4.5665     0.0672     0.2210     1.4689          1  0.000e+00
      98.71     0.0878          1   3.619617      0.341     3.7250   28.50520  -89.75250    127.807    108.405  288.61141  288.97357 1.3863e-01 7.6942e+00    569.088          1      29307     88.239     7.7503     7.7593     78.619   1221.083     1.4676     1.3968     4.9353     4.5665     0.0672     0.2210     1.4676          1  0.000e+00
      98.71     0.0878          1   3.619551      1.194     3.7250   28.50520  -89.75250    127.810    108.407  288.61554  288.97775 1.3863e-01 7.6936e+00    569.138          1      29308     88.241     7.7497     7.7590     78.621   1221.125     1.4676     1.3968     4.9353     4.5665     0.0672     0.2210     1.4676          1  0.000e+00
      98.71     0.0878          1   3.619460     -2.559     3.7250   28.50520  -89.75250    127.811    108.405  288.62131  288.98361 1.3823e-01 7.6928e+00    569.031          1      29309     88.231     7.7488     7.7593     78.614   1221.167     1.4676     1.3968     4.9353     4.5665     0.0659     0.2210     1.4676          1  0.000e+00
      98.71     0.0878          1   3.619453      1.024     3.7250   28.50520  -89.75250    127.974    108.406  288.62270  288.98503 1.3863e-01 7.6925e+00    569.074          1      29310     88.214     7.7486     7.7591     78.596   1221.208     1.4689     1.3968     4.9353     4.5665     0.0672     0.2210     1.4689          1  0.000e+00
      98.71     0.0878          1   3.619395      0.341     3.7250   28.50520  -89.75250    127.814    108.408  288.62645  288.98883 1.3863e-01 7.6920e+00    569.088          1      29311     88.213     7.7480     7.7583     78.595   1221.250     1.4676     1.3968     4.9353     4.5665     0.0672     0.2210     1.4676          1  0.000e+00
      98.71     0.0878          1   3.619421      0.000     3.7250   28.50520  -89.75250    127.814    108.410  288.62665  288.98907 1.3863e-01 7.6918e+00    569.088          1      29312     88.176     7.7478     7.7575     78.558   1221.292     1.4676     1.3968     4.9353     4.5665     0.0672     0.2210     1.4676          1  0.000e+00
