tests/data/CTD/g01mcan04c.ros
* Sea-Bird SBE 9 Data File:
* FileName = D:\CTD DATA\2013\PE13-01 DiMarco\G01MCAN04C.hex
* Software Version Seasave V 7.21g
* Temperature SN = 4515
* Conductivity SN = 3079
* Number of Bytes Per Scan = 40
* Number of Voltage Words = 5
* Number of Scans Averaged by the Deck Unit = 1
* NMEA Latitude = 28 39.03 N
* NMEA Longitude = 090 06.01 W
* NMEA UTC (Time) = Jul 11 2012  11:06:48
* NMEA baud rate = 4800
# nquan = 31
# nvalues = 294                                   
# units = specified
# name 0 = altM: Altimeter [m]
# name 1 = bat: Beam Attenuation, Chelsea/Seatech [1/m]
# name 2 = bpos: Bottle Position in Carousel
# name 3 = c0S/m: Conductivity [S/m]
# name 4 = dz/dtM: Descent Rate [m/s]
# name 5 = wetCDOM: Fluorescence, WET Labs CDOM [mg/m^3]
# name 6 = latitude: Latitude [deg]
# name 7 = longitude: Longitude [deg]
# name 8 = sbeox0Mm/Kg: Oxygen, SBE 43 [umol/kg]
# name 9 = sbeox1Mm/Kg: Oxygen, SBE 43, 2 [umol/kg]
# name 10 = oxsolMm/Kg: Oxygen Saturation, Garcia & Gordon [umol/kg]
# name 11 = oxsatMm/Kg: Oxygen Saturation, Weiss [umol/kg]
# name 12 = par: PAR/Irradiance, Biospherical/Licor
# name 13 = pla: Plume Anomaly
# name 14 = prDM: Pressure, Digiquartz [db]
# name 15 = pumps: Pump Status
# name 16 = scan: Scan Count
# name 17 = sva: Specific Volume Anomaly [10^-8 * m^3/kg]
# name 18 = t090C: Temperature [ITS-90, deg C]
# name 19 = t190C: Temperature, 2 [ITS-90, deg C]
# name 20 = tsa: Thermosteric Anomaly [10^-8 * m^3/kg]
# name 21 = timeS: Time, Elapsed [seconds]
# name 22 = v0: Voltage 0
# name 23 = v1: Voltage 1
# name 24 = v2: Voltage 2
# name 25 = v3: Voltage 3
# name 26 = v4: Voltage 4
# name 27 = v5: Voltage 5
# name 28 = sbeox0V: Oxygen raw, SBE 43 [V]
# name 29 = nbf: Bottles Fired
# name 30 = flag:  0.000e+00
# interval = seconds: 0.0416667
# start_time = Jul 11 2012 11:06:48 [NMEA time, header]
# bad_flag = -9.990e-29
*END*
[from data line 281]
      23.69     0.1810          6   5.264051 -2.619e-10     6.1365   28.65268  -90.09882    205.276    181.579  197.03355  196.51969 3.4149e+01 2.9277e+01      0.731          1      17463    825.265    29.2697    29.2647    825.442    727.583     2.9487     2.8022     1.1844     4.4615     2.4542     0.3175     2.9487          6  0.000e+00
      23.79     0.1821          6   5.265352 2.6193e-10     6.1365   28.65268  -90.09882    205.227    181.565  196.98655  196.47297 3.1652e+01 2.9292e+01      0.731          1      17464    825.871    29.2852    29.2701    826.048    727.625     2.9487     2.8022     1.1893     4.4603     2.4212     0.3175     2.9487          6  0.000e+00
      23.66     0.1810          6   5.266378      0.000     6.1670   28.65268  -90.09882    205.291    181.645  196.94906  196.43572 3.0688e+01 2.9305e+01      0.731          1      17465    826.363    29.2977    29.2765    826.540    727.667     2.9499     2.8034     1.1832     4.4615     2.4078     0.3187     2.9499          6  0.000e+00
      23.61     0.1810          6   5.266759 -2.619e-10     6.1365   28.65268  -90.09882    205.177    181.632  196.93900  196.42572 3.0345e+01 2.9308e+01      0.731          1      17466    826.415    29.3007    29.2823    826.591    727.708     2.9487     2.8034     1.1807     4.4615     2.4029     0.3175     2.9487          6  0.000e+00
      23.61     0.1821          6   5.266919 2.6193e-10     6.1365   28.65268  -90.09882    205.067    181.627  196.93163  196.41840 2.7812e+01 2.9310e+01      0.731          1      17467    826.544    29.3033    29.2841    826.720    727.750     2.9475     2.8034     1.1807     4.4603     2.3651     0.3175     2.9475          6  0.000e+00
      23.61     0.1810          6   5.267017      0.000     6.1365   28.65268  -90.09882    205.163    181.623  196.92525  196.41205 2.6514e+01 2.9313e+01      0.731          1      17468    826.686    29.3057    29.2858    826.863    727.792     2.9487     2.8034     1.1807     4.4615     2.3443     0.3175     2.9487          6  0.000e+00
      23.61     0.1810          6   5.267132      1.350     6.1365   28.65268  -90.09882    205.158    181.622  196.91914  196.40599 2.6366e+01 2.9315e+01      0.787          1      17469    826.811    29.3079    29.2865    826.986    727.833     2.9487     2.8034     1.1807     4.4615     2.3419     0.3175     2.9487          6  0.000e+00
      23.61     0.1810          6   5.267033     -1.350     6.1670   28.65268  -90.09882    205.154    181.619  196.91689  196.40375 2.3694e+01 2.9316e+01      0.731          1      17470    826.961    29.3092    29.2873    827.137    727.875     2.9487     2.8034     1.1807     4.4615     2.2955     0.3187     2.9487          6  0.000e+00
      23.61     0.1821          6   5.266690     -0.000     6.1670   28.65268  -90.09882    205.058    181.615  196.92280  196.40963 2.1962e+01 2.9315e+01      0.731          1      17471    827.022    29.3079    29.2891    827.199    727.917     2.9475     2.8034     1.1807     4.4603     2.2625     0.3187     2.9475          6  0.000e+00
      23.64     0.1832          6   5.266264     -0.000     6.2281   28.65268  -90.09882    205.172    181.613  196.93363  196.42039 2.1655e+01 2.9312e+01      0.731          1      17472    826.980    29.3048    29.2901    827.156    727.958     2.9487     2.8034     1.1819     4.4591     2.2564     0.3211     2.9487          6  0.000e+00
      23.61     0.1843          6   5.265595      1.181     6.2891   28.65268  -90.09882    205.194    181.612  196.95388  196.44051 2.1353e+01 2.9305e+01      0.780          1      17473    826.806    29.2985    29.2908    826.980    728.000     2.9487     2.8034     1.1807     4.4579     2.2503     0.3236     2.9487          6  0.000e+00
      23.61     0.1854          6   5.265078     -1.181     6.2891   28.65268  -90.09882    205.219    181.610  196.97879  196.46527 2.1055e+01 2.9296e+01      0.731          1      17474    826.348    29.2896    29.2909    826.525    728.042     2.9487     2.8034     1.1807     4.4567     2.2442     0.3236     2.9487          6  0.000e+00
      37.14     0.1865          6   5.264735      0.000     6.2891   28.65268  -90.09882    205.239    181.609  196.99811  196.48447 2.0996e+01 2.9289e+01      0.731          1      17475    825.951    29.2825    29.2912    826.127    728.083     2.9487     2.8034     1.8571     4.4554     2.2430     0.3236     2.9487          6  0.000e+00
