tests/data/CTD/g01mcan03c.ros
* Sea-Bird SBE 9 Data File:
* FileName = D:\CTD DATA\2013\PE13-01 DiMarco\G01MCAN03C.hex
* Software Version Seasave V 7.21g
* Temperature SN = 4515
* Conductivity SN = 3079
* Number of Bytes Per Scan = 40
* Number of Voltage Words = 5
* Number of Scans Averaged by the Deck Unit = 1
* NMEA Latitude = 28 36.03 N
* NMEA Longitude = 089 54.01 W
* NMEA UTC (Time) = Jul 11 2012  09:10:34
* NMEA baud rate = 4800
# nquan = 31
# nvalues = 294                                   
# units = specified
# name 0 = altM: Altimeter [m]
# name 1 = bat: Beam Attenuation, Chelsea/Seatech [1/m]
# name 2 = bpos: Bottle Position in Carousel
# name 3 = c0S/m: Conductivity [S/m]
# name 4 = dz/dtM: Descent Rate [m/s]
# name 5 = wetCDOM: Fluorescence, WET Labs CDOM [mg/m^3]
# name 6 = latitude: Latitude [deg]
# name 7 = longitude: Longitude [deg]
# name 8 = sbeox0Mm/Kg: Oxygen, SBE 43 [umol/kg]
# name 9 = sbeox1Mm/Kg: Oxygen, SBE 43, 2 [umol/kg]
# name 10 = oxsolMm/Kg: Oxygen Saturation, Garcia & Gordon [umol/kg]
# name 11 = oxsatMm/Kg: Oxygen Saturation, Weiss [umol/kg]
# name 12 = par: PAR/Irradiance, Biospherical/Licor
# name 13 = pla: Plume Anomaly
# name 14 = prDM: Pressure, Digiquartz [db]
# name 15 = pumps: Pump Status
# name 16 = scan: Scan Count
# name 17 = sva: Specific Volume Anomaly [10^-8 * m^3/kg]
# name 18 = t090C: Temperature [ITS-90, deg C]
# name 19 = t190C: Temperature, 2 [ITS-90, deg C]
# name 20 = tsa: Thermosteric Anomaly [10^-8 * m^3/kg]
# name 21 = timeS: Time, Elapsed [seconds]
# name 22 = v0: Voltage 0
# name 23 = v1: Voltage 1
# name 24 = v2: Voltage 2
# name 25 = v3: Voltage 3
# name 26 = v4: Voltage 4
# name 27 = v5: Voltage 5
# name 28 = sbeox0V: Oxygen raw, SBE 43 [V]
# name 29 = nbf: Bottles Fired
# name 30 = flag:  0.000e+00
# interval = seconds: 0.0416667
# start_time = Jul 11 2012 09:10:34 [NMEA time, header]
# bad_flag = -9.990e-29
*END*
[from data line 141]
      98.68     0.0911          3   4.293375     -2.033     3.4503   28.60646  -89.89808    131.364    112.355  251.12805  250.98778 1.3590e-01 1.4015e+01    201.989          1      27578    129.281    14.0413    14.0416    123.706   1149.042     1.7021     1.6178     4.9341     4.5629     0.0586     0.2100     1.7021          3  0.000e+00
      98.66     0.0900          3   4.293334      2.033     3.4503   28.60646  -89.89808    131.366    112.232  251.12893  250.98866 1.3590e-01 1.4015e+01    202.074          1      27579    129.310    14.0413    14.0416    123.734   1149.083     1.7021     1.6166     4.9328     4.5641     0.0586     0.2100     1.7021          3  0.000e+00
      98.66     0.0889          3   4.293348     -1.186     3.4503   28.60646  -89.89808    131.500    112.231  251.13036  250.99013 1.3590e-01 1.4015e+01    202.025          1      27580    129.254    14.0408    14.0416    123.679   1149.125     1.7033     1.6166     4.9328     4.5653     0.0586     0.2100     1.7033          3  0.000e+00
      98.68     0.0889          3   4.293334      0.339     3.4503   28.60646  -89.89808    131.366    112.231  251.13003  250.98979 1.3590e-01 1.4015e+01    202.039          1      27581    129.279    14.0409    14.0416    123.703   1149.167     1.7021     1.6166     4.9341     4.5653     0.0586     0.2100     1.7021          3  0.000e+00
      98.68     0.0889          3   4.293348      0.847     3.4503   28.60646  -89.89808    131.366    112.233  251.12983  250.98959 1.3628e-01 1.4015e+01    202.074          1      27582    129.271    14.0409    14.0411    123.695   1149.208     1.7021     1.6166     4.9341     4.5653     0.0598     0.2100     1.7021          3  0.000e+00
      98.68     0.0889          3   4.293334 6.7055e-08     3.4503   28.60646  -89.89808    131.366    112.356  251.13006  250.98981 1.3590e-01 1.4015e+01    202.074          1      27583    129.281    14.0409    14.0414    123.704   1149.250     1.7021     1.6178     4.9341     4.5653     0.0586     0.2100     1.7021          3  0.000e+00
      98.63     0.1700          4   4.899083     -4.903     3.4808   28.60724  -89.89766    138.843    119.460  226.30051  225.91130 1.3284e-01 1.9251e+01    100.987          1      31929    195.236    19.2646    19.2671    191.844   1330.333     1.9280     1.8266     4.9316     4.4737     0.0488     0.2112     1.9280          4  0.000e+00
      98.63     0.1700          4   4.899068      0.000     3.4808   28.60724  -89.89766    138.843    119.460  226.30069  225.91148 1.3284e-01 1.9251e+01    100.987          1      31930    195.245    19.2646    19.2669    191.853   1330.375     1.9280     1.8266     4.9316     4.4737     0.0488     0.2112     1.9280          4  0.000e+00
      98.63     0.1700          4   4.899046      1.691     3.4808   28.60724  -89.89766    138.845    119.461  226.30199  225.91279 1.3322e-01 1.9251e+01    101.057          1      31931    195.232    19.2643    19.2670    191.838   1330.417     1.9280     1.8266     4.9316     4.4737     0.0501     0.2112     1.9280          4  0.000e+00
      98.63     0.1700          4   4.899046     -0.507     3.4503   28.60724  -89.89766    138.963    119.460  226.30154  225.91234 1.3284e-01 1.9251e+01    101.036          1      31932    195.244    19.2645    19.2673    191.851   1330.458     1.9292     1.8266     4.9316     4.4737     0.0488     0.2100     1.9292          4  0.000e+00
      98.63     0.1700          4   4.899046      1.353     3.4808   28.60724  -89.89766    138.845    119.461  226.30103  225.91182 1.3284e-01 1.9251e+01    101.093          1      31933    195.265    19.2646    19.2674    191.869   1330.500     1.9280     1.8266     4.9316     4.4737     0.0488     0.2112     1.9280          4  0.000e+00
      98.66     0.1700          4   4.899046     -2.536     3.4808   28.60724  -89.89766    138.843    119.459  226.30108  225.91187 1.3322e-01 1.9251e+01    100.987          1      31934    195.255    19.2646    19.2675    191.863   1330.542     1.9280     1.8266     4.9328     4.4737     0.0501     0.2112     1.9280          4  0.000e+00
      98.63     0.1700          4   4.899076      1.184     3.4808   28.60724  -89.89766    138.844    119.460  226.30063  225.91142 1.3284e-01 1.9251e+01    101.036          1      31935    195.243    19.2646    19.2676    191.850   1330.583     1.9280     1.8266     4.9316     4.4737     0.0488     0.2112     1.9280          4  0.000e+00
      98.66     0.1689          4   4.899113      0.000     3.4808   28.60724  -89.89766    138.842    119.459  226.29876  225.90953 1.3322e-01 1.9251e+01    101.036          1      31936    195.266    19.2651    19.2679    191.872   1330.625     1.9280     1.8266     4.9328     4.4750     0.0501     0.2112     1.9280          4  0.000e+00
      98.63     0.1700          4   4.899216      0.000     3.4808   28.60724  -89.89766    138.840    119.458  226.29551  225.90625 1.3322e-01 1.9252e+01    101.036          1      31937    195.264    19.2658    19.2681    191.870   1330.667     1.9280     1.8266     4.9316     4.4737     0.0501     0.2112     1.9280          4  0.000e+00
      98.63     0.1700          4   4.899157      0.000     3.4808   28.60724  -89.89766    138.841    119.458  226.29723  225.90799 1.3284e-01 1.9252e+01    101.036          1      31938    195.269    19.2655    19.2680    191.876   1330.708     1.9280     1.8266     4.9316     4.4737     0.0488     0.2112     1.9280          4  0.000e+00
      98.63     0.1711          4   4.899039      0.000     3.4808   28.60724  -89.89766    138.725    119.458  226.30164  225.91243 1.3284e-01 1.9251e+01    101.036          1      31939    195.249    19.2645    19.2681    191.855   1330.750     1.9267     1.8266     4.9316     4.4725     0.0488     0.2112     1.9267          4  0.000e+00
      98.63     0.1700          4   4.899098      0.000     3.4808   28.60724  -89.89766    138.843    119.459  226.30035  225.91114 1.3322e-01 1.9251e+01    101.036          1      31940    195.230    19.2646    19.2680    191.836   1330.792     1.9280     1.8266     4.9316     4.4737     0.0501     0.2112     1.9280          4  0.000e+00
      98.63     0.1700          4   4.899216      0.000     3.4808   28.60724  -89.89766    138.960    119.460  226.29594  225.90669 1.3284e-01 1.9252e+01    101.036          1      31941    195.251    19.2657    19.2679    191.857   1330.833     1.9292     1.8266     4.9316     4.4737     0.0488     0.2112     1.9292          4  0.000e+00
      98.63     0.1700          4   4.899312     -1.183     3.4808   28.60724  -89.89766    138.839    119.460  226.29469  225.90545 1.3284e-01 1.9252e+01    100.987          1      31942    195.189    19.2657    19.2674    191.797   1330.875     1.9280     1.8266     4.9316     4.4737     0.0488     0.2112     1.9280          4  0.000e+00
      98.63     0.1700          4   4.899245      1.184     3.4808   28.60724  -89.89766    138.841    119.459  226.29610  225.90687 1.3322e-01 1.9252e+01    101.036          1      31943    195.216    19.2655    19.2678    191.822   1330.917     1.9280     1.8266     4.9316     4.4737     0.0501     0.2112     1.9280          4  0.000e+00
      98.63     0.1689          4   4.899179     -0.845     3.4808   28.60724  -89.89766    138.841    119.458  226.29693  225.90769 1.3284e-01 1.9252e+01    101.001          1      31944    195.254    19.2655    19.2677    191.861   1330.958     1.9280     1.8266     4.9316     4.4750     0.0488     0.2112     1.9280          4  0.000e+00
      98.63     0.1700          4   4.899105      0.846     3.5114   28.60724  -89.89766    138.842    119.459  226.29831  225.90908 1.3284e-01 1.9252e+01    101.036          1      31945    195.287    19.2653    19.2676    191.893   1331.000     1.9280     1.8266     4.9316     4.4737     0.0488     0.2125     1.9280          4  0.000e+00
      98.63     0.1700          4   4.899179      0.000     3.5114   28.60724  -89.89766    138.842    119.460  226.29738  225.90814 1.3284e-01 1.9252e+01    101.036          1      31946    195.242    19.2653    19.2674    191.848   1331.042     1.9280     1.8266     4.9316     4.4737     0.0488     0.2125     1.9280          4  0.000e+00
      98.63     0.1700          4   4.899341     -1.183     3.5419   28.60724  -89.89766    138.839    119.461  226.29432  225.90508 1.3284e-01 1.9252e+01    100.987          1      31947    195.171    19.2657    19.2672    191.779   1331.083     1.9280     1.8266     4.9316     4.4737     0.0488     0.2137     1.9280          4  0.000e+00
      98.63     0.1700          4   4.899437      1.184     3.5114   28.60724  -89.89766    138.837    119.463  226.29065  225.90138 1.3322e-01 1.9253e+01    101.036          1      31948    195.195    19.2666    19.2667    191.801   1331.125     1.9280     1.8266     4.9316     4.4737     0.0501     0.2125     1.9280          4  0.000e+00
      98.63     0.1700          4   4.899393     -1.183     3.5114   28.60724  -89.89766    138.837    119.463  226.29172  225.90246 1.3322e-01 1.9253e+01    100.987          1      31949    195.202    19.2664    19.2665    191.809   1331.167     1.9280     1.8266     4.9316     4.4737     0.0501     0.2125     1.9280          4  0.000e+00
      98.63     0.1700          4   4.899408      1.184     3.5114   28.60724  -89.89766    138.837    119.576  226.29059  225.90131 1.3284e-01 1.9253e+01    101.036          1      31950    195.226    19.2667    19.2655    191.832   1331.208     1.9280     1.8278     4.9316     4.4737     0.0488     0.2125     1.9280          4  0.000e+00
      98.63     0.1700          4   4.899423     -1.183     3.5114   28.60724  -89.89766    138.837    119.467  226.29081  225.90154 1.3284e-01 1.9253e+01    100.987          1      31951    195.201    19.2666    19.2647    191.808   1331.250     1.9280     1.8266     4.9316     4.4737     0.0488     0.2125     1.9280          4  0.000e+00
      98.63     0.1700          4   4.899393      1.184     3.5114   28.60724  -89.89766    138.957    119.468  226.29121  225.90194 1.3284e-01 1.9253e+01    101.036          1      31952    195.222    19.2666    19.2642    191.828   1331.292     1.9292     1.8266     4.9316     4.4737     0.0488     0.2125     1.9292          4  0.000e+00
      98.63     0.1700          4   4.899341     -1.183     3.5114   28.60724  -89.89766    138.957    119.466  226.29184  225.90256 1.3322e-01 1.9253e+01    100.987          1      31953    195.250    19.2666    19.2652    191.858   1331.333     1.9292     1.8266     4.9316     4.4737     0.0501     0.2125     1.9292          4  0.000e+00
      98.63     0.1700          4   4.899334      1.184     3.5114   28.60724  -89.89766    138.958    119.466  226.29207  225.90279 1.3247e-01 1.9253e+01    101.036          1      31954    195.254    19.2665    19.2653    191.860   1331.375     1.9292     1.8266     4.9316     4.4737     0.0476     0.2125     1.9292          4  0.000e+00
      98.63     0.1700          4   4.899304     -1.183     3.5114   28.60724  -89.89766    138.957    119.464  226.29328  225.90401 1.3284e-01 1.9253e+01    100.987          1      31955    195.242    19.2662    19.2658    191.849   1331.417     1.9292     1.8266     4.9316     4.4737     0.0488     0.2125     1.9292          4  0.000e+00
      98.63     0.1700          4   4.899231      1.184     3.5114   28.60724  -89.89766    138.959    119.464  226.29424  225.90497 1.3322e-01 1.9253e+01    101.036          1      31956    195.290    19.2662    19.2659    191.896   1331.458     1.9292     1.8266     4.9316     4.4737     0.0501     0.2125     1.9292          4  0.000e+00
      98.63     0.1689          4   4.899238     -0.845     3.5114   28.60724  -89.89766    138.959    119.464  226.29564  225.90639 1.3322e-01 1.9252e+01    101.001          1      31957    195.235    19.2657    19.2656    191.842   1331.500     1.9292     1.8266     4.9316     4.4750     0.0501     0.2125     1.9292          4  0.000e+00
      98.63     0.1700          4   4.899253     -0.338     3.5114   28.60724  -89.89766    138.959    119.466  226.29544  225.90620 1.3284e-01 1.9252e+01    100.987          1      31958    195.225    19.2657    19.2650    191.833   1331.542     1.9292     1.8266     4.9316     4.4737     0.0488     0.2125     1.9292          4  0.000e+00
      98.66     0.1700          4   4.899312      1.184     3.5114   28.60724  -89.89766    138.958    119.468  226.29321  225.90395 1.3284e-01 1.9253e+01    101.036          1      31959    195.240    19.2662    19.2648    191.846   1331.583     1.9292     1.8266     4.9328     4.4737     0.0488     0.2125     1.9292          4  0.000e+00
      98.66     0.1700          4   4.899304     -1.183     3.5114   28.60724  -89.89766    138.957    119.469  226.29328  225.90401 1.3322e-01 1.9253e+01    100.987          1      31960    195.242    19.2662    19.2644    191.849   1331.625     1.9292     1.8266     4.9328     4.4737     0.0501     0.2125     1.9292          4  0.000e+00
      98.63     0.1700          4   4.899208      0.000     3.5114   28.60724  -89.89766    138.959    119.469  226.29557  225.90632 1.3284e-01 1.9252e+01    100.987          1      31961    195.266    19.2658    19.2638    191.874   1331.667     1.9292     1.8266     4.9316     4.4737     0.0488     0.2125     1.9292          4  0.000e+00
      98.63     0.1700          4   4.899046      1.184     3.5114   28.60724  -89.89766    138.962    119.466  226.29906  225.90982 1.3284e-01 1.9252e+01    101.036          1      31962    195.323    19.2653    19.2648    191.929   1331.708     1.9292     1.8266     4.9316     4.4737     0.0488     0.2125     1.9292          4  0.000e+00
      98.66     0.1700          4   4.898913     -1.183     3.5114   28.60724  -89.89766    138.964    119.464  226.30320  225.91399 1.3322e-01 1.9251e+01    100.987          1      31963    195.322    19.2645    19.2656    191.930   1331.750     1.9292     1.8266     4.9328     4.4737     0.0501     0.2125     1.9292          4  0.000e+00
      98.63     0.1700          4   4.898751      1.184     3.5114   28.60726  -89.89766    138.967    119.463  226.30680  225.91760 1.3284e-01 1.9250e+01    101.037          1      31964    195.376    19.2639    19.2662    191.982   1331.792     1.9292     1.8266     4.9316     4.4737     0.0488     0.2125     1.9292          4  0.000e+00
      98.63     0.1700          4   4.898714     -1.183     3.5114   28.60726  -89.89766    138.967    119.462  226.30907  225.91990 1.3322e-01 1.9250e+01    100.987          1      31965    195.337    19.2633    19.2663    191.945   1331.833     1.9292     1.8266     4.9316     4.4737     0.0501     0.2125     1.9292          4  0.000e+00
      98.63     0.1700          4   4.898965      0.000     3.5114   28.60726  -89.89766    138.963    119.462  226.30298  225.91378 1.3322e-01 1.9251e+01    100.987          1      31966    195.277    19.2643    19.2667    191.885   1331.875     1.9292     1.8266     4.9316     4.4737     0.0501     0.2125     1.9292          4  0.000e+00
      98.63     0.1700          4   4.899290      0.000     3.5114   28.60726  -89.89766    138.959    119.461  226.29551  225.90628 1.3284e-01 1.9252e+01    100.987          1      31967    195.186    19.2655    19.2669    191.793   1331.917     1.9292     1.8266     4.9316     4.4737     0.0488     0.2125     1.9292          4  0.000e+00
      98.66     0.1700          4   4.899408      0.000     3.5114   28.60726  -89.89766    138.957    119.461  226.29197  225.90271 1.3284e-01 1.9253e+01    100.987          1      31968    195.179    19.2662    19.2670    191.787   1331.958     1.9292     1.8266     4.9328     4.4737     0.0488     0.2125     1.9292          4  0.000e+00
