tests/data/CTD/g01mcan04c.ros
* Sea-Bird SBE 9 Data File:
* FileName = D:\CTD DATA\2013\PE13-01 DiMarco\G01MCAN04C.hex
* Software Version Seasave V 7.21g
* Temperature SN = 4515
* Conductivity SN = 3079
* Number of Bytes Per Scan = 40
* Number of Voltage Words = 5
* Number of Scans Averaged by the Deck Unit = 1
* NMEA Latitude = 28 39.03 N
* NMEA Longitude = 090 06.01 W
* NMEA UTC (Time) = Jul 11 2012  11:06:48
* NMEA baud rate = 4800
# nquan = 31
# nvalues = 294                                   
# units = specified
# name 0 = altM: Altimeter [m]
# name 1 = bat: Beam Attenuation, Chelsea/Seatech [1/m]
# name 2 = bpos: Bottle Position in Carousel
# name 3 = c0S/m: Conductivity [S/m]
# name 4 = dz/dtM: Descent Rate [m/s]
# name 5 = wetCDOM: Fluorescence, WET Labs CDOM [mg/m^3]
# name 6 = latitude: Latitude [deg]
# name 7 = longitude: Longitude [deg]
# name 8 = sbeox0Mm/Kg: Oxygen, SBE 43 [umol/kg]
# name 9 = sbeox1Mm/Kg: Oxygen, SBE 43, 2 [umol/kg]
# name 10 = oxsolMm/Kg: Oxygen Saturation, Garcia & Gordon [umol/kg]
# name 11 = oxsatMm/Kg: Oxygen Saturation, Weiss [umol/kg]
# name 12 = par: PAR/Irradiance, Biospherical/Licor
# name 13 = pla: Plume Anomaly
# name 14 = prDM: Pressure, Digiquartz [db]
# name 15 = pumps: Pump Status
# name 16 = scan: Scan Count
# name 17 = sva: Specific Volume Anomaly [10^-8 * m^3/kg]
# name 18 = t090C: Temperature [ITS-90, deg C]
# name 19 = t190C: Temperature, 2 [ITS-90, deg C]
# name 20 = tsa: Thermosteric Anomaly [10^-8 * m^3/kg]
# name 21 = timeS: Time, Elapsed [seconds]
# name 22 = v0: Voltage 0
# name 23 = v1: Voltage 1
# name 24 = v2: Voltage 2
# name 25 = v3: Voltage 3
# name 26 = v4: Voltage 4
# name 27 = v5: Voltage 5
# name 28 = sbeox0V: Oxygen raw, SBE 43 [V]
# name 29 = nbf: Bottles Fired
# name 30 = flag:  0.000e+00
# interval = seconds: 0.0416667
# start_time = Jul 11 2012 11:06:48 [NMEA time, header]
# bad_flag = -9.990e-29
*END*
       2.30     0.8769          1   4.953038      3.719     3.6335   28.65174  -90.09946    142.690    122.797  224.08839  223.67994 1.3474e-01 1.9806e+01    101.632          1       9552    211.787    19.8202    19.8199    208.321    397.958     1.9817     1.8755     0.1148     3.7497     0.0549     0.2173     1.9817          1  0.000e+00
       2.32     0.8769          1   4.953053     -3.719     3.6640   28.65174  -90.09946    142.688    122.905  224.08854  223.68010 1.3474e-01 1.9806e+01    101.477          1       9553    211.755    19.8200    19.8197    208.294    398.000     1.9817     1.8767     0.1160     3.7497     0.0549     0.2186     1.9817          1  0.000e+00
       2.32     0.8769          1   4.953060      1.183     3.6640   28.65174  -90.09946    142.688    122.795  224.08806  223.67961 1.3474e-01 1.9806e+01    101.527          1       9554    211.767    19.8202    19.8197    208.305    398.042     1.9817     1.8755     0.1160     3.7497     0.0549     0.2186     1.9817          1  0.000e+00
       2.30     0.8782          1   4.953127 -1.676e-08     3.6335   28.65174  -90.09946    142.688    122.905  224.08723  223.67878 1.3474e-01 1.9806e+01    101.527          1       9555    211.727    19.8202    19.8199    208.265    398.083     1.9817     1.8767     0.1148     3.7485     0.0549     0.2173     1.9817          1  0.000e+00
       2.30     0.8912          1   4.953112     -0.000     3.6335   28.65174  -90.09946    142.806    122.795  224.08742  223.67897 1.3474e-01 1.9806e+01    101.527          1       9556    211.736    19.8202    19.8199    208.274    398.125     1.9829     1.8755     0.1148     3.7363     0.0549     0.2173     1.9829          1  0.000e+00
       2.27     0.8991          1   4.953105      1.352     3.6335   28.65174  -90.09946    142.689    122.796  224.08754  223.67909 1.3474e-01 1.9806e+01    101.583          1       9557    211.744    19.8202    19.8198    208.280    398.167     1.9817     1.8755     0.1136     3.7289     0.0549     0.2173     1.9817          1  0.000e+00
       2.27     0.8991          1   4.953068     -1.353     3.6335   28.65174  -90.09946    142.806    122.905  224.08797  223.67952 1.3474e-01 1.9806e+01    101.527          1       9558    211.762    19.8202    19.8203    208.300    398.208     1.9829     1.8767     0.1136     3.7289     0.0549     0.2173     1.9829          1  0.000e+00
       2.30     0.8991          1   4.953090      0.507     3.6335   28.65174  -90.09946    142.688    122.905  224.08718  223.67872 1.3436e-01 1.9806e+01    101.548          1       9559    211.767    19.8204    19.8201    208.304    398.250     1.9817     1.8767     0.1148     3.7289     0.0537     0.2173     1.9817          1  0.000e+00
       2.30     0.8991          1   4.953105      0.845     3.6335   28.65174  -90.09946    142.689    122.906  224.08701  223.67856 1.3436e-01 1.9806e+01    101.583          1       9560    211.761    19.8204    19.8198    208.297    398.292     1.9817     1.8767     0.1148     3.7289     0.0537     0.2173     1.9817          1  0.000e+00
       2.30     0.8991          1   4.953105     -0.000     3.6335   28.65174  -90.09946    142.688    122.905  224.08607  223.67760 1.3436e-01 1.9807e+01    101.583          1       9561    211.791    19.8207    19.8201    208.327    398.333     1.9817     1.8767     0.1148     3.7289     0.0537     0.2173     1.9817          1  0.000e+00
       2.27     0.8991          1   4.953045 1.6764e-08     3.6335   28.65174  -90.09946    142.688    122.905  224.08680  223.67833 1.3474e-01 1.9807e+01    101.583          1       9562    211.827    19.8207    19.8201    208.363    398.375     1.9817     1.8767     0.1136     3.7289     0.0549     0.2173     1.9817          1  0.000e+00
       2.27     0.8991          1   4.953053 -1.676e-08     3.6335   28.65174  -90.09946    142.807    122.905  224.08723  223.67877 1.3474e-01 1.9806e+01    101.583          1       9563    211.805    19.8205    19.8202    208.341    398.417     1.9829     1.8767     0.1136     3.7289     0.0549     0.2173     1.9829          1  0.000e+00
       2.30     0.8991          1   4.953090     -0.000     3.6335   28.65174  -90.09946    142.807    122.795  224.08720  223.67874 1.3474e-01 1.9806e+01    101.583          1       9564    211.770    19.8204    19.8204    208.305    398.458     1.9829     1.8755     0.1148     3.7289     0.0549     0.2173     1.9829          1  0.000e+00
       2.30     0.8991          1   4.953105      0.000     3.6640   28.65174  -90.09946    142.807    122.904  224.08796  223.67952 1.3474e-01 1.9806e+01    101.583          1       9565    211.730    19.8200    19.8204    208.266    398.500     1.9829     1.8767     0.1148     3.7289     0.0549     0.2186     1.9829          1  0.000e+00
       2.30     0.8991          1   4.953068      1.183     3.6335   28.65174  -90.09946    142.690    122.905  224.08750  223.67904 1.3436e-01 1.9806e+01    101.632          1       9566    211.786    19.8204    19.8206    208.320    398.542     1.9817     1.8767     0.1148     3.7289     0.0537     0.2173     1.9817          1  0.000e+00
       2.30     0.8991          1   4.953097     -1.183     3.6335   28.65174  -90.09946    142.571    122.904  224.08763  223.67918 1.3474e-01 1.9806e+01    101.583          1       9567    211.748    19.8202    19.8205    208.284    398.583     1.9805     1.8767     0.1148     3.7289     0.0549     0.2173     1.9805          1  0.000e+00
       2.30     0.8991          1   4.953134      1.183     3.6335   28.65174  -90.09946    142.572    122.905  224.08762  223.67918 1.3474e-01 1.9806e+01    101.632          1       9568    211.716    19.8200    19.8208    208.250    398.625     1.9805     1.8767     0.1148     3.7289     0.0549     0.2173     1.9805          1  0.000e+00
       2.27     0.8991          1   4.953083     -1.183     3.6335   28.65174  -90.09946    142.690    122.905  224.08876  223.68032 1.3474e-01 1.9806e+01    101.583          1       9569    211.727    19.8198    19.8204    208.262    398.667     1.9817     1.8767     0.1136     3.7289     0.0549     0.2173     1.9817          1  0.000e+00
       2.27     0.8978          1   4.953090      1.183     3.6640   28.65174  -90.09946    142.691    122.905  224.08922  223.68079 1.3474e-01 1.9806e+01    101.632          1       9570    211.708    19.8196    19.8204    208.242    398.708     1.9817     1.8767     0.1136     3.7302     0.0549     0.2186     1.9817          1  0.000e+00
       2.25     0.8991          1   4.953038     -1.184     3.6335   28.65174  -90.09946    142.690    122.904  224.08931  223.68087 1.3474e-01 1.9806e+01    101.583          1       9571    211.753    19.8198    19.8206    208.289    398.750     1.9817     1.8767     0.1123     3.7289     0.0549     0.2173     1.9817          1  0.000e+00
       2.25     0.8978          1   4.953053      1.183     3.6029   28.65174  -90.09946    142.809    122.905  224.08968  223.68125 1.3474e-01 1.9806e+01    101.632          1       9572    211.731    19.8196    19.8206    208.265    398.792     1.9829     1.8767     0.1123     3.7302     0.0549     0.2161     1.9829          1  0.000e+00
       2.25     0.8991          1   4.953060      1.183     3.6029   28.65174  -90.09946    142.691    122.906  224.08856  223.68012 1.3474e-01 1.9806e+01    101.682          1       9573    211.763    19.8200    19.8205    208.295    398.833     1.9817     1.8767     0.1123     3.7289     0.0549     0.2161     1.9817          1  0.000e+00
       2.25     0.8991          1   4.953097     -1.183     3.6029   28.65174  -90.09946    142.808    122.906  224.08766  223.67921 1.3474e-01 1.9806e+01    101.632          1       9574    211.751    19.8202    19.8204    208.285    398.875     1.9829     1.8767     0.1123     3.7289     0.0549     0.2161     1.9829          1  0.000e+00
       2.25     0.8991          1   4.953068      0.000     3.6029   28.65174  -90.09946    142.691    122.906  224.08950  223.68107 1.3474e-01 1.9806e+01    101.632          1       9575    211.722    19.8196    19.8203    208.256    398.917     1.9817     1.8767     0.1123     3.7289     0.0549     0.2161     1.9817          1  0.000e+00
       2.25     0.8926          1   4.953060     -0.845     3.6335   28.65174  -90.09946    142.690    122.905  224.08957  223.68114 1.3474e-01 1.9806e+01    101.597          1       9576    211.724    19.8196    19.8202    208.259    398.958     1.9817     1.8767     0.1123     3.7350     0.0549     0.2173     1.9817          1  0.000e+00
       2.25     0.8873          1   4.953001     -0.338     3.6029   28.65174  -90.09946    142.691    122.905  224.09072  223.68229 1.3474e-01 1.9805e+01    101.583          1       9577    211.745    19.8195    19.8201    208.281    399.000     1.9817     1.8767     0.1123     3.7399     0.0549     0.2161     1.9817          1  0.000e+00
       2.25     0.8860          1   4.953008      3.719     3.6029   28.65174  -90.09946    142.694    122.798  224.09123  223.68281 1.3474e-01 1.9805e+01    101.738          1       9578    211.733    19.8193    19.8199    208.264    399.042     1.9817     1.8755     0.1123     3.7411     0.0549     0.2161     1.9817          1  0.000e+00
       2.25     0.8860          1   4.952994     -2.536     3.6029   28.65174  -90.09946    142.692    122.796  224.09178  223.68337 1.3474e-01 1.9805e+01    101.632          1       9579    211.722    19.8191    19.8201    208.256    399.083     1.9817     1.8755     0.1123     3.7411     0.0549     0.2161     1.9817          1  0.000e+00
       2.22     0.8860          1   4.953008     -0.000     3.6029   28.65174  -90.09946    142.810    122.797  224.09160  223.68318 1.3474e-01 1.9805e+01    101.632          1       9580    211.713    19.8191    19.8200    208.247    399.125     1.9829     1.8755     0.1111     3.7411     0.0549     0.2161     1.9829          1  0.000e+00
       2.22     0.8873          1   4.953016      1.183     3.6335   28.65174  -90.09946    142.694    122.798  224.09206  223.68365 1.3513e-01 1.9805e+01    101.682          1       9581    211.695    19.8189    19.8196    208.227    399.167     1.9817     1.8755     0.1111     3.7399     0.0562     0.2173     1.9817          1  0.000e+00
       2.20     0.8873          1   4.953053     -1.183     3.6335   28.65174  -90.09946    142.573    122.798  224.09010  223.68167 1.3474e-01 1.9805e+01    101.632          1       9582    211.717    19.8195    19.8194    208.251    399.208     1.9805     1.8755     0.1099     3.7399     0.0549     0.2173     1.9805          1  0.000e+00
       2.22     0.8873          1   4.953090      0.000     3.6029   28.65174  -90.09946    142.691    122.797  224.08922  223.68079 1.3474e-01 1.9806e+01    101.632          1       9583    211.708    19.8196    19.8195    208.242    399.250     1.9817     1.8755     0.1111     3.7399     0.0549     0.2161     1.9817          1  0.000e+00
       2.22     0.8873          1   4.953075      1.183     3.6029   28.65174  -90.09946    142.573    122.798  224.08838  223.67993 1.3474e-01 1.9806e+01    101.682          1       9584    211.754    19.8200    19.8194    208.286    399.292     1.9805     1.8755     0.1111     3.7399     0.0549     0.2161     1.9805          1  0.000e+00
       2.20     0.8860          1   4.953090     -1.184     3.6029   28.65174  -90.09946    142.572    122.687  224.08817  223.67972 1.3474e-01 1.9806e+01    101.632          1       9585    211.742    19.8200    19.8196    208.276    399.333     1.9805     1.8742     0.1099     3.7411     0.0549     0.2161     1.9805          1  0.000e+00
       2.20     0.8873          1   4.953105      1.183     3.6029   28.65174  -90.09946    142.574    122.798  224.08906  223.68063 1.3474e-01 1.9806e+01    101.682          1       9586    211.703    19.8196    19.8195    208.235    399.375     1.9805     1.8755     0.1099     3.7399     0.0549     0.2161     1.9805          1  0.000e+00
       2.20     0.8860          1   4.953075     -1.184     3.6335   28.65174  -90.09946    142.573    122.797  224.08940  223.68097 1.3513e-01 1.9806e+01    101.632          1       9587    211.717    19.8196    19.8197    208.251    399.417     1.9805     1.8755     0.1099     3.7411     0.0562     0.2173     1.9805          1  0.000e+00
       2.20     0.8860          1   4.953060      1.183     3.6335   28.65174  -90.09946    142.692    122.798  224.08961  223.68118 1.3474e-01 1.9806e+01    101.682          1       9588    211.729    19.8196    19.8197    208.262    399.458     1.9817     1.8755     0.1099     3.7411     0.0549     0.2173     1.9817          1  0.000e+00
       2.20     0.8873          1   4.953097     -1.184     3.6029   28.65174  -90.09946    142.573    122.797  224.08913  223.68070 1.3474e-01 1.9806e+01    101.632          1       9589    211.704    19.8196    19.8195    208.238    399.500     1.9805     1.8755     0.1099     3.7399     0.0549     0.2161     1.9805          1  0.000e+00
       2.17     0.8860          1   4.953134     -0.000     3.6029   28.65174  -90.09946    142.690    122.796  224.08814  223.67971 1.3474e-01 1.9806e+01    101.632          1       9590    211.699    19.8198    19.8197    208.233    399.542     1.9817     1.8755     0.1087     3.7411     0.0549     0.2161     1.9817          1  0.000e+00
       2.17     0.8860          1   4.953142      1.183     3.6029   28.65174  -90.09946    142.573    122.796  224.08755  223.67911 1.3474e-01 1.9806e+01    101.682          1       9591    211.714    19.8200    19.8203    208.246    399.583     1.9805     1.8755     0.1087     3.7411     0.0549     0.2161     1.9805          1  0.000e+00
       2.17     0.8873          1   4.953142     -1.184     3.6029   28.65174  -90.09946    142.453    122.795  224.08658  223.67812 1.3474e-01 1.9806e+01    101.632          1       9592    211.742    19.8204    19.8204    208.276    399.625     1.9792     1.8755     0.1087     3.7399     0.0549     0.2161     1.9792          1  0.000e+00
       2.17     0.8873          1   4.953142     -0.000     3.6335   28.65174  -90.09946    142.571    122.795  224.08711  223.67866 1.3474e-01 1.9806e+01    101.632          1       9593    211.725    19.8202    19.8207    208.259    399.667     1.9805     1.8755     0.1087     3.7399     0.0549     0.2173     1.9805          1  0.000e+00
       2.17     0.8873          1   4.953179     -0.846     3.6335   28.65174  -90.09946    142.570    122.794  224.08610  223.67765 1.3474e-01 1.9806e+01    101.597          1       9594    211.717    19.8204    19.8206    208.252    399.708     1.9805     1.8755     0.1087     3.7399     0.0549     0.2173     1.9805          1  0.000e+00
       2.17     0.8860          1   4.953186      2.029     3.6029   28.65174  -90.09946    142.571    122.685  224.08563  223.67718 1.3474e-01 1.9806e+01    101.682          1       9595    211.731    19.8205    19.8208    208.264    399.750     1.9805     1.8742     0.1087     3.7411     0.0549     0.2161     1.9805          1  0.000e+00
       2.17     0.8886          1   4.953186     -1.184     3.6029   28.65174  -90.09946    142.570    122.794  224.08508  223.67662 1.3474e-01 1.9807e+01    101.632          1       9596    211.745    19.8207    19.8209    208.279    399.792     1.9805     1.8755     0.1087     3.7387     0.0549     0.2161     1.9805          1  0.000e+00
       2.17     0.8873          1   4.953216     -0.000     3.6029   28.65174  -90.09946    142.570    122.794  224.08472  223.67625 1.3474e-01 1.9807e+01    101.632          1       9597    211.728    19.8207    19.8206    208.261    399.833     1.9805     1.8755     0.1087     3.7399     0.0549     0.2161     1.9805          1  0.000e+00
