tests/data/CTD/g01mcan04c.ros
* Sea-Bird SBE 9 Data File:
* FileName = D:\CTD DATA\2013\PE13-01 DiMarco\G01MCAN04C.hex
* Software Version Seasave V 7.21g
* Temperature SN = 4515
* Conductivity SN = 3079
* Number of Bytes Per Scan = 40
* Number of Voltage Words = 5
* Number of Scans Averaged by the Deck Unit = 1
* NMEA Latitude = 28 39.03 N
* NMEA Longitude = 090 06.01 W
* NMEA UTC (Time) = Jul 11 2012  11:06:48
* NMEA baud rate = 4800
# nquan = 31
# nvalues = 294                                   
# units = specified
# name 0 = altM: Altimeter [m]
# name 1 = bat: Beam Attenuation, Chelsea/Seatech [1/m]
# name 2 = bpos: Bottle Position in Carousel
# name 3 = c0S/m: Conductivity [S/m]
# name 4 = dz/dtM: Descent Rate [m/s]
# name 5 = wetCDOM: Fluorescence, WET Labs CDOM [mg/m^3]
# name 6 = latitude: Latitude [deg]
# name 7 = longitude: Longitude [deg]
# name 8 = sbeox0Mm/Kg: Oxygen, SBE 43 [umol/kg]
# name 9 = sbeox1Mm/Kg: Oxygen, SBE 43, 2 [umol/kg]
# name 10 = oxsolMm/Kg: Oxygen Saturation, Garcia & Gordon [umol/kg]
# name 11 = oxsatMm/Kg: Oxygen Saturation, Weiss [umol/kg]
# name 12 = par: PAR/Irradiance, Biospherical/Licor
# name 13 = pla: Plume Anomaly
# name 14 = prDM: Pressure, Digiquartz [db]
# name 15 = pumps: Pump Status
# name 16 = scan: Scan Count
# name 17 = sva: Specific Volume Anomaly [10^-8 * m^3/kg]
# name 18 = t090C: Temperature [ITS-90, deg C]
# name 19 = t190C: Temperature, 2 [ITS-90, deg C]
# name 20 = tsa: Thermosteric Anomaly [10^-8 * m^3/kg]
# name 21 = timeS: Time, Elapsed [seconds]
# name 22 = v0: Voltage 0
# name 23 = v1: Voltage 1
# name 24 = v2: Voltage 2
# name 25 = v3: Voltage 3
# name 26 = v4: Voltage 4
# name 27 = v5: Voltage 5
# name 28 = sbeox0V: Oxygen raw, SBE 43 [V]
# name 29 = nbf: Bottles Fired
# name 30 = flag:  0.000e+00
# interval = seconds: 0.0416667
# start_time = Jul 11 2012 11:06:48 [NMEA time, header]
# bad_flag = -9.990e-29
*END*
[from data line 141]
      41.05     0.5647          3   5.168485     -1.183     3.5114   28.65212  -90.09920    174.402    152.085  215.91511  215.44812 1.3902e-01 2.1927e+01     61.240          1      12619    268.879    21.9334    21.9208    266.756    525.750     2.3871     2.2674     2.0525     4.0537     0.0684     0.2125     2.3871          3  0.000e+00
      41.05     0.5659          3   5.167738      1.182     3.5114   28.65212  -90.09920    174.305    152.076  215.93379  215.46687 1.3902e-01 2.1923e+01     61.289          1      12620    268.961    21.9295    21.9242    266.836    525.792     2.3858     2.2674     2.0525     4.0525     0.0684     0.2125     2.3858          3  0.000e+00
      41.07     0.5647          3   5.167187     -2.534     3.5114   28.65212  -90.09920    174.319    152.073  215.95383  215.48704 1.3942e-01 2.1917e+01     61.184          1      12621    268.796    21.9241    21.9251    266.676    525.833     2.3858     2.2674     2.0537     4.0537     0.0696     0.2125     2.3858          3  0.000e+00
      41.07     0.5647          3   5.167398      2.534     3.5114   28.65212  -90.09920    174.430    152.074  215.94863  215.48182 1.3902e-01 2.1918e+01     61.289          1      12622    268.779    21.9252    21.9249    266.655    525.875     2.3871     2.2674     2.0537     4.0537     0.0684     0.2125     2.3871          3  0.000e+00
      41.05     0.5647          3   5.167934     -1.183     3.5114   28.65212  -90.09920    174.417    151.960  215.93405  215.46717 1.3902e-01 2.1922e+01     61.240          1      12623    268.760    21.9285    21.9277    266.638    525.917     2.3871     2.2662     2.0525     4.0537     0.0684     0.2125     2.3871          3  0.000e+00
      41.07     0.5659          3   5.168077     -0.000     3.5114   28.65212  -90.09920    174.299    151.953  215.92812  215.46120 1.3902e-01 2.1923e+01     61.240          1      12624    268.825    21.9302    21.9304    266.702    525.958     2.3858     2.2662     2.0537     4.0525     0.0684     0.2125     2.3858          3  0.000e+00
      98.58     1.1423          4   5.463532     -3.040     4.0303   28.65232  -90.09908    168.246    147.255  205.27600  204.76410 2.1091e-01 2.4984e+01     41.247          1      14283    370.424    24.9866    24.9936    368.976    595.083     2.4188     2.2967     4.9292     3.5092     0.2479     0.2332     2.4188          4  0.000e+00
      98.58     1.1409          4   5.463362      3.039     4.0608   28.65232  -90.09908    168.360    147.265  205.28136  204.76947 2.1881e-01 2.4982e+01     41.374          1      14284    370.390    24.9850    24.9903    368.937    595.125     2.4200     2.2967     4.9292     3.5104     0.2637     0.2344     2.4200          4  0.000e+00
      98.58     1.1423          4   5.463308     -5.573     4.0303   28.65232  -90.09908    168.251    147.274  205.28517  204.77330 2.2193e-01 2.4981e+01     41.142          1      14285    370.280    24.9836    24.9840    368.836    595.167     2.4188     2.2967     4.9292     3.5092     0.2698     0.2332     2.4188          4  0.000e+00
      98.58     1.1409          4   5.463323      5.573     4.0608   28.65232  -90.09908    168.363    147.282  205.28512  204.77324 2.2068e-01 2.4981e+01     41.374          1      14286    370.287    24.9836    24.9822    368.833    595.208     2.4200     2.2967     4.9292     3.5104     0.2674     0.2344     2.4200          4  0.000e+00
      98.58     1.1409          4   5.463400     -0.675     4.0303   28.65232  -90.09908    168.360    147.177  205.28223  204.77035 2.1819e-01 2.4982e+01     41.346          1      14287    370.321    24.9845    24.9829    368.869    595.250     2.4200     2.2955     4.9292     3.5104     0.2625     0.2332     2.4200          4  0.000e+00
      98.61     1.1409          4   5.463872     -0.507     4.0303   28.65232  -90.09908    168.348    147.166  205.26811  204.75621 2.1696e-01 2.4986e+01     41.325          1      14288    370.414    24.9885    24.9875    368.963    595.292     2.4200     2.2955     4.9304     3.5104     0.2601     0.2332     2.4200          4  0.000e+00
      98.58     1.1423          4   5.464320      0.507     4.0303   28.65232  -90.09908    168.228    147.158  205.25213  204.74020 2.1635e-01 2.4990e+01     41.346          1      14289    370.601    24.9934    24.9916    369.148    595.333     2.4188     2.2955     4.9292     3.5092     0.2589     0.2332     2.4188          4  0.000e+00
      98.58     1.1409          4   5.464559     -1.689     4.0608   28.65232  -90.09908    168.327    147.257  205.24383  204.73188 2.1091e-01 2.4993e+01     41.275          1      14290    370.685    24.9959    24.9925    369.235    595.375     2.4200     2.2967     4.9292     3.5104     0.2479     0.2344     2.4200          4  0.000e+00
      98.58     1.1409          4   5.464606      1.182     4.0913   28.65232  -90.09908    168.326    147.157  205.24120  204.72924 2.0912e-01 2.4994e+01     41.325          1      14291    370.744    24.9968    24.9920    369.292    595.417     2.4200     2.2955     4.9292     3.5104     0.2442     0.2357     2.4200          4  0.000e+00
      98.61     1.1409          4   5.464575     -0.675     4.0913   28.65232  -90.09908    168.326    147.152  205.24200  204.73004 2.0853e-01 2.4994e+01     41.297          1      14292    370.740    24.9966    24.9943    369.289    595.458     2.4200     2.2955     4.9304     3.5104     0.2430     0.2357     2.4200          4  0.000e+00
      98.58     1.1409          4   5.464567      0.675     4.0913   28.65232  -90.09908    168.220    147.150  205.24293  204.73098 2.0853e-01 2.4993e+01     41.325          1      14293    370.715    24.9963    24.9958    369.263    595.500     2.4188     2.2955     4.9292     3.5104     0.2430     0.2357     2.4188          4  0.000e+00
      98.58     1.1409          4   5.464559     -0.675     4.0913   28.65232  -90.09908    168.328    147.251  205.24460  204.73265 2.0794e-01 2.4993e+01     41.297          1      14294    370.658    24.9956    24.9953    369.208    595.542     2.4200     2.2967     4.9292     3.5104     0.2418     0.2357     2.4200          4  0.000e+00
      98.58     1.1409          4   5.464559      0.675     4.0913   28.65232  -90.09908    168.220    147.252  205.24259  204.73063 2.0794e-01 2.4993e+01     41.325          1      14295    370.735    24.9964    24.9952    369.283    595.583     2.4188     2.2967     4.9292     3.5104     0.2418     0.2357     2.4188          4  0.000e+00
      98.61     1.1409          4   5.464559     -0.675     4.0913   28.65232  -90.09908    168.219    147.249  205.24165  204.72969 2.1031e-01 2.4994e+01     41.297          1      14296    370.767    24.9968    24.9967    369.316    595.625     2.4188     2.2967     4.9304     3.5104     0.2466     0.2357     2.4188          4  0.000e+00
      98.58     1.1409          4   5.464320     -0.507     4.1219   28.65232  -90.09908    168.223    147.247  205.24704  204.73508 2.1150e-01 2.4993e+01     41.275          1      14297    370.783    24.9956    24.9976    369.333    595.667     2.4188     2.2967     4.9292     3.5104     0.2491     0.2369     2.4188          4  0.000e+00
      98.61     1.1409          4   5.464080      0.507     4.0913   28.65232  -90.09908    168.124    147.248  205.25752  204.74559 2.1150e-01 2.4989e+01     41.297          1      14298    370.614    24.9921    24.9972    369.164    595.708     2.4176     2.2967     4.9304     3.5104     0.2491     0.2357     2.4176          4  0.000e+00
      98.61     1.1409          4   5.463879     -0.507     4.0913   28.65232  -90.09908    168.129    147.149  205.26447  204.75255 2.1391e-01 2.4987e+01     41.275          1      14299    370.538    24.9900    24.9962    369.088    595.750     2.4176     2.2955     4.9304     3.5104     0.2540     0.2357     2.4176          4  0.000e+00
      98.61     1.1423          4   5.463740      0.000     4.0913   28.65232  -90.09908    168.024    147.151  205.26644  204.75451 2.1574e-01 2.4987e+01     41.275          1      14300    370.591    24.9898    24.9954    369.141    595.792     2.4164     2.2955     4.9304     3.5092     0.2576     0.2357     2.4164          4  0.000e+00
      98.58     1.1409          4   5.463663      0.507     4.0913   28.65232  -90.09908    168.028    147.152  205.27151  204.75961 2.1574e-01 2.4985e+01     41.297          1      14301    370.475    24.9879    24.9950    369.025    595.833     2.4164     2.2955     4.9292     3.5104     0.2576     0.2357     2.4164          4  0.000e+00
      98.58     1.1451          4   5.463624     -0.507     4.0913   28.65232  -90.09908    167.924    147.152  205.27568  204.76380 2.1819e-01 2.4983e+01     41.275          1      14302    370.355    24.9863    24.9947    368.905    595.875     2.4151     2.2955     4.9292     3.5067     0.2625     0.2357     2.4151          4  0.000e+00
      98.58     1.1479          4   5.463779      0.507     4.0913   28.65232  -90.09908    167.813    147.050  205.27079  204.75889 2.2130e-01 2.4985e+01     41.297          1      14303    370.397    24.9878    24.9952    368.947    595.917     2.4139     2.2943     4.9292     3.5043     0.2686     0.2357     2.4139          4  0.000e+00
      98.58     1.1479          4   5.464173     -0.507     4.0913   28.65232  -90.09908    167.907    147.049  205.25575  204.74382 2.2256e-01 2.4989e+01     41.275          1      14304    370.594    24.9925    24.9955    369.144    595.958     2.4151     2.2943     4.9292     3.5043     0.2711     0.2357     2.4151          4  0.000e+00
      98.58     1.1465          4   5.464528     -0.676     4.0913   28.65232  -90.09908    167.790    146.945  205.24362  204.73167 2.2193e-01 2.4993e+01     41.247          1      14305    370.718    24.9961    24.9967    369.270    596.000     2.4139     2.2930     4.9292     3.5055     0.2698     0.2357     2.4139          4  0.000e+00
      98.58     1.1479          4   5.464806      0.675     4.0913   28.65232  -90.09908    167.677    146.944  205.23582  204.72386 2.2130e-01 2.4995e+01     41.275          1      14306    370.757    24.9983    24.9976    369.307    596.042     2.4127     2.2930     4.9292     3.5043     0.2686     0.2357     2.4127          4  0.000e+00
      98.58     1.1479          4   5.464884     -0.675     4.0913   28.65232  -90.09908    167.672    146.942  205.23117  204.71919 2.2068e-01 2.4997e+01     41.247          1      14307    370.857    24.9999    24.9983    369.408    596.083     2.4127     2.2930     4.9292     3.5043     0.2674     0.2357     2.4127          4  0.000e+00
      98.61     1.1465          4   5.465023     -0.675     4.0913   28.65232  -90.09908    167.775    146.839  205.22683  204.71484 2.2130e-01 2.4998e+01     41.219          1      14308    370.889    25.0012    24.9990    369.441    596.125     2.4139     2.2918     4.9304     3.5055     0.2686     0.2357     2.4139          4  0.000e+00
      98.61     1.1479          4   5.465123      0.675     4.0913   28.65232  -90.09908    167.666    146.835  205.22332  204.71133 2.2130e-01 2.4999e+01     41.247          1      14309    370.930    25.0022    25.0008    369.481    596.167     2.4127     2.2918     4.9304     3.5043     0.2686     0.2357     2.4127          4  0.000e+00
      98.61     1.1465          4   5.465193     -0.675     4.0913   28.65232  -90.09908    167.555    146.830  205.22001  204.70800 2.2193e-01 2.5000e+01     41.219          1      14310    370.987    25.0033    25.0032    369.539    596.208     2.4115     2.2918     4.9304     3.5055     0.2698     0.2357     2.4115          4  0.000e+00
      98.58     1.1479          4   5.465293      1.351     4.0913   28.65232  -90.09908    167.553    146.828  205.21651  204.70450 2.2005e-01 2.5001e+01     41.275          1      14311    371.030    25.0044    25.0043    369.580    596.250     2.4115     2.2918     4.9292     3.5043     0.2662     0.2357     2.4115          4  0.000e+00
      98.58     1.1479          4   5.465401     -2.026     4.0913   28.65232  -90.09908    167.442    146.825  205.21363  204.70162 2.1270e-01 2.5002e+01     41.191          1      14312    371.032    25.0052    25.0052    369.585    596.292     2.4103     2.2918     4.9292     3.5043     0.2515     0.2357     2.4103          4  0.000e+00
      98.58     1.1465          4   5.465571      0.675     4.0913   28.65232  -90.09908    167.438    146.723  205.20775  204.69573 2.0912e-01 2.5004e+01     41.219          1      14313    371.097    25.0070    25.0060    369.649    596.333     2.4103     2.2906     4.9292     3.5055     0.2442     0.2357     2.4103          4  0.000e+00
      98.58     1.1465          4   5.465772     -0.675     4.0913   28.65232  -90.09908    167.432    146.719  205.20069  204.68866 2.0972e-01 2.5006e+01     41.191          1      14314    371.174    25.0091    25.0079    369.727    596.375     2.4103     2.2906     4.9292     3.5055     0.2454     0.2357     2.4103          4  0.000e+00
      98.61     1.1465          4   5.465873      0.675     4.1219   28.65232  -90.09908    167.430    146.715  205.19752  204.68548 2.0560e-01 2.5007e+01     41.219          1      14315    371.203    25.0100    25.0097    369.755    596.417     2.4103     2.2906     4.9304     3.5055     0.2369     0.2369     2.4103          4  0.000e+00
      98.58     1.1465          4   5.465911     -0.675     4.0913   28.65232  -90.09908    167.427    146.612  205.19536  204.68331 2.0618e-01 2.5008e+01     41.191          1      14316    371.245    25.0108    25.0106    369.798    596.458     2.4103     2.2894     4.9292     3.5055     0.2381     0.2357     2.4103          4  0.000e+00
      98.58     1.1465          4   5.466097      0.675     4.0608   28.65232  -90.09908    167.425    146.711  205.19143  204.67938 2.0560e-01 2.5009e+01     41.219          1      14317    371.225    25.0117    25.0114    369.777    596.500     2.4103     2.2906     4.9292     3.5055     0.2369     0.2344     2.4103          4  0.000e+00
      98.58     1.1465          4   5.466213     -0.675     4.0608   28.65232  -90.09908    167.420    146.709  205.18614  204.67408 2.1331e-01 2.5010e+01     41.191          1      14318    371.313    25.0134    25.0120    369.866    596.542     2.4103     2.2906     4.9292     3.5055     0.2527     0.2344     2.4103          4  0.000e+00
      98.58     1.1465          4   5.466313     -1.689     4.0608   28.65232  -90.09908    167.307    146.605  205.18116  204.66908 2.1881e-01 2.5012e+01     41.121          1      14319    371.401    25.0151    25.0129    369.957    596.583     2.4090     2.2894     4.9292     3.5055     0.2637     0.2344     2.4090          4  0.000e+00
      98.58     1.1479          4   5.466429      3.040     4.0608   28.65232  -90.09908    167.307    146.607  205.17746  204.66537 2.1943e-01 2.5013e+01     41.247          1      14320    371.443    25.0162    25.0132    369.994    596.625     2.4090     2.2894     4.9292     3.5043     0.2650     0.2344     2.4090          4  0.000e+00
      98.58     1.1479          4   5.466475     -3.040     4.0608   28.65232  -90.09908    167.195    146.603  205.17501  204.66292 2.1943e-01 2.5014e+01     41.121          1      14321    371.481    25.0170    25.0138    370.037    596.667     2.4078     2.2894     4.9292     3.5043     0.2650     0.2344     2.4078          4  0.000e+00
      98.58     1.1465          4   5.466545      1.182     4.0608   28.65232  -90.09908    167.303    146.602  205.17502  204.66293 2.2005e-01 2.5014e+01     41.170          1      14322    371.422    25.0168    25.0149    369.976    596.708     2.4090     2.2894     4.9292     3.5055     0.2662     0.2344     2.4090          4  0.000e+00
