tests/data/CTD/g01mcan02c.ros
* Sea-Bird SBE 9 Data File:
* FileName = D:\CTD DATA\2013\PE13-01 DiMarco\G01MCAN02C.hex
* Software Version Seasave V 7.21g
* Temperature SN = 4515
* Conductivity SN = 3079
* Number of Bytes Per Scan = 40
* Number of Voltage Words = 5
* Number of Scans Averaged by the Deck Unit = 1
* NMEA Latitude = 28 30.03 N
* NMEA Longitude = 089 45.01 W
* NMEA UTC (Time) = Jul 11 2012  07:24:48
* NMEA baud rate = 4800
# nquan = 31
# nvalues = 392                                   
# units = specified
# name 0 = altM: Altimeter [m]
# name 1 = bat: Beam Attenuation, Chelsea/Seatech [1/m]
# name 2 = bpos: Bottle Position in Carousel
# name 3 = c0S/m: Conductivity [S/m]
# name 4 = dz/dtM: Descent Rate [m/s]
# name 5 = wetCDOM: Fluorescence, WET Labs CDOM [mg/m^3]
# name 6 = latitude: Latitude [deg]
# name 7 = longitude: Longitude [deg]
# name 8 = sbeox0Mm/Kg: Oxygen, SBE 43 [umol/kg]
# name 9 = sbeox1Mm/Kg: Oxygen, SBE 43, 2 [umol/kg]
# name 10 = oxsolMm/Kg: Oxygen Saturation, Garcia & Gordon [umol/kg]
# name 11 = oxsatMm/Kg: Oxygen Saturation, Weiss [umol/kg]
# name 12 = par: PAR/Irradiance, Biospherical/Licor
# name 13 = pla: Plume Anomaly
# name 14 = prDM: Pressure, Digiquartz [db]
# name 15 = pumps: Pump Status
# name 16 = scan: Scan Count
# name 17 = sva: Specific Volume Anomaly [10^-8 * m^3/kg]
# name 18 = t090C: Temperature [ITS-90, deg C]
# name 19 = t190C: Temperature, 2 [ITS-90, deg C]
# name 20 = tsa: Thermosteric Anomaly [10^-8 * m^3/kg]
# name 21 = timeS: Time, Elapsed [seconds]
# name 22 = v0: Voltage 0
# name 23 = v1: Voltage 1
# name 24 = v2: Voltage 2
# name 25 = v3: Voltage 3
# name 26 = v4: Voltage 4
# name 27 = v5: Voltage 5
# name 28 = sbeox0V: Oxygen raw, SBE 43 [V]
# name 29 = nbf: Bottles Fired
# name 30 = flag:  0.000e+00
# interval = seconds: 0.0416667
# start_time = Jul 11 2012 07:24:48 [NMEA time, header]
# bad_flag = -9.990e-29
*END*
[from data line 141]
      98.71     0.0761          3   3.864599      0.000     3.6945   28.50620  -89.75304    121.590    103.324  273.20164  273.33936 1.3981e-01 1.0121e+01    403.025          1      37375    104.453    10.1661    10.1655     95.820   1557.250     1.4957     1.4237     4.9353     4.5800     0.0708     0.2198     1.4957          3  0.000e+00
      98.73     0.0750          3   3.864579      0.000     3.6945   28.50620  -89.75304    121.740    103.325  273.20204  273.33976 1.3981e-01 1.0121e+01    403.025          1      37376    104.468    10.1661    10.1651     95.835   1557.292     1.4969     1.4237     4.9365     4.5812     0.0708     0.2198     1.4969          3  0.000e+00
      98.71     0.0761          3   3.864606      0.000     3.6945   28.50620  -89.75304    121.740    103.324  273.20150  273.33923 1.3981e-01 1.0121e+01    403.025          1      37377    104.448    10.1661    10.1655     95.815   1557.333     1.4969     1.4237     4.9353     4.5800     0.0708     0.2198     1.4969          3  0.000e+00
      98.71     0.0761          3   3.864579     -0.680     3.6945   28.50620  -89.75304    121.740    103.323  273.20201  273.33973 1.3981e-01 1.0121e+01    402.997          1      37378    104.467    10.1661    10.1658     95.834   1557.375     1.4969     1.4237     4.9353     4.5800     0.0708     0.2198     1.4969          3  0.000e+00
      98.71     0.0761          3   3.864572      0.681     3.6945   28.50620  -89.75304    121.591    103.323  273.20357  273.34132 1.3981e-01 1.0120e+01    403.025          1      37379    104.442    10.1657    10.1658     95.809   1557.417     1.4957     1.4237     4.9353     4.5800     0.0708     0.2198     1.4957          3  0.000e+00
      98.71     0.0750          3   3.864532      0.000     3.6945   28.50620  -89.75304    121.742    103.324  273.20507  273.34283 1.3942e-01 1.0120e+01    403.025          1      37380    104.457    10.1655    10.1656     95.824   1557.458     1.4969     1.4237     4.9353     4.5812     0.0696     0.2198     1.4969          3  0.000e+00
      98.71     0.1061          4   4.012160      2.207     3.7250   28.50676  -89.75336    123.366    105.027  264.98822  265.01691 1.4021e-01 1.1506e+01    303.684          1      42044    111.940    11.5422    11.5420    104.722   1751.792     1.5556     1.4799     4.9353     4.5458     0.0720     0.2210     1.5556          4  0.000e+00
      98.71     0.1072          4   4.012160     -1.018     3.7250   28.50676  -89.75336    123.365    104.894  264.98754  265.01621 1.3981e-01 1.1506e+01    303.641          1      42045    111.953    11.5423    11.5419    104.736   1751.833     1.5556     1.4786     4.9353     4.5446     0.0708     0.2210     1.5556          4  0.000e+00
      98.71     0.1072          4   4.012187     -1.358     3.6945   28.50676  -89.75336    123.364    105.026  264.98796  265.01666 1.3981e-01 1.1506e+01    303.585          1      42046    111.907    11.5421    11.5419    104.691   1751.875     1.5556     1.4799     4.9353     4.5446     0.0708     0.2198     1.5556          4  0.000e+00
      98.71     0.1072          4   4.012166      2.376     3.6640   28.50676  -89.75336    123.366    105.027  264.98745  265.01612 1.3981e-01 1.1506e+01    303.684          1      42047    111.950    11.5423    11.5419    104.732   1751.917     1.5556     1.4799     4.9353     4.5446     0.0708     0.2186     1.5556          4  0.000e+00
      98.71     0.1072          4   4.012180      0.340     3.6640   28.50676  -89.75336    123.366    105.027  264.98720  265.01588 1.3981e-01 1.1506e+01    303.698          1      42048    111.941    11.5423    11.5420    104.723   1751.958     1.5556     1.4799     4.9353     4.5446     0.0708     0.2186     1.5556          4  0.000e+00
      98.71     0.1061          4   4.012194     -0.339     3.6640   28.50676  -89.75336    123.365    105.027  264.98597  265.01463 1.3981e-01 1.1506e+01    303.684          1      42049    111.953    11.5426    11.5417    104.735   1752.000     1.5556     1.4799     4.9353     4.5458     0.0708     0.2186     1.5556          4  0.000e+00
      98.71     0.1061          4   4.012194      0.340     3.6640   28.50676  -89.75336    123.365    104.895  264.98501  265.01365 1.4021e-01 1.1507e+01    303.698          1      42050    111.977    11.5428    11.5419    104.758   1752.042     1.5556     1.4786     4.9353     4.5458     0.0720     0.2186     1.5556          4  0.000e+00
      98.71     0.1072          4   4.012194     -1.527     3.6640   28.50676  -89.75336    123.221    104.894  264.98561  265.01426 1.4021e-01 1.1506e+01    303.634          1      42051    111.958    11.5427    11.5417    104.741   1752.083     1.5543     1.4786     4.9353     4.5446     0.0720     0.2186     1.5543          4  0.000e+00
      98.71     0.1061          4   4.012221      1.188     3.6640   28.50676  -89.75336    123.364    105.027  264.98418  265.01280 1.3981e-01 1.1507e+01    303.684          1      42052    111.964    11.5429    11.5419    104.746   1752.125     1.5556     1.4799     4.9353     4.5458     0.0708     0.2186     1.5556          4  0.000e+00
      98.71     0.1061          4   4.012207     -1.018     3.6640   28.50676  -89.75336    123.364    105.027  264.98536  265.01401 1.3981e-01 1.1506e+01    303.641          1      42053    111.949    11.5427    11.5415    104.731   1752.167     1.5556     1.4799     4.9353     4.5458     0.0708     0.2186     1.5556          4  0.000e+00
      98.71     0.1061          4   4.012221      2.377     3.6640   28.50676  -89.75336    123.365    104.895  264.98519  265.01384 1.3981e-01 1.1506e+01    303.740          1      42054    111.944    11.5427    11.5420    104.725   1752.208     1.5556     1.4786     4.9353     4.5458     0.0708     0.2186     1.5556          4  0.000e+00
      98.71     0.1072          4   4.012235     -1.018     3.6640   28.50676  -89.75336    123.365    105.027  264.98555  265.01422 1.3981e-01 1.1506e+01    303.698          1      42055    111.917    11.5425    11.5420    104.698   1752.250     1.5556     1.4799     4.9353     4.5446     0.0708     0.2186     1.5556          4  0.000e+00
      98.71     0.1072          4   4.012200     -0.339     3.6640   28.50676  -89.75336    123.364    105.027  264.98455  265.01318 1.3981e-01 1.1507e+01    303.684          1      42056    111.979    11.5429    11.5422    104.761   1752.292     1.5556     1.4799     4.9353     4.5446     0.0708     0.2186     1.5556          4  0.000e+00
      98.71     0.1061          4   4.012221     -1.188     3.6335   28.50676  -89.75336    123.363    105.026  264.98381  265.01243 1.3981e-01 1.1507e+01    303.634          1      42057    111.969    11.5430    11.5420    104.752   1752.333     1.5556     1.4799     4.9353     4.5458     0.0708     0.2173     1.5556          4  0.000e+00
      98.71     0.1061          4   4.012255      2.716     3.6640   28.50676  -89.75336    123.365    104.895  264.98327  265.01190 1.3981e-01 1.1507e+01    303.747          1      42058    111.951    11.5430    11.5420    104.731   1752.375     1.5556     1.4786     4.9353     4.5458     0.0708     0.2186     1.5556          4  0.000e+00
      98.71     0.1072          4   4.012241     -1.527     3.6640   28.50676  -89.75336    123.363    105.027  264.98202  265.01061 1.4021e-01 1.1507e+01    303.684          1      42059    111.991    11.5434    11.5422    104.773   1752.417     1.5556     1.4799     4.9353     4.5446     0.0720     0.2186     1.5556          4  0.000e+00
      98.71     0.1061          4   4.012255      0.340     3.6640   28.50676  -89.75336    123.363    105.027  264.98146  265.01004 1.4021e-01 1.1507e+01    303.698          1      42060    111.990    11.5435    11.5421    104.771   1752.458     1.5556     1.4799     4.9353     4.5458     0.0720     0.2186     1.5556          4  0.000e+00
      98.71     0.1061          4   4.012323     -0.339     3.6640   28.50676  -89.75336    123.362    104.894  264.97954  265.00811 1.4021e-01 1.1507e+01    303.684          1      42061    111.955    11.5437    11.5422    104.736   1752.500     1.5556     1.4786     4.9353     4.5458     0.0720     0.2186     1.5556          4  0.000e+00
      98.71     0.1061          4   4.012337      1.528     3.6640   28.50676  -89.75336    123.363    105.027  264.97966  265.00824 1.4021e-01 1.1507e+01    303.747          1      42062    111.941    11.5436    11.5423    104.721   1752.542     1.5556     1.4799     4.9353     4.5458     0.0720     0.2186     1.5556          4  0.000e+00
      98.71     0.1072          4   4.012309     -2.715     3.6640   28.50676  -89.75336    123.362    105.025  264.98104  265.00965 1.3981e-01 1.1507e+01    303.634          1      42063    111.932    11.5433    11.5427    104.714   1752.583     1.5556     1.4799     4.9353     4.5446     0.0708     0.2186     1.5556          4  0.000e+00
      98.71     0.1072          4   4.012303      1.188     3.6640   28.50676  -89.75336    123.219    104.893  264.98056  265.00915 1.3981e-01 1.1507e+01    303.684          1      42064    111.955    11.5435    11.5425    104.736   1752.625     1.5543     1.4786     4.9353     4.5446     0.0708     0.2186     1.5543          4  0.000e+00
      98.71     0.1072          4   4.012221      0.340     3.6640   28.50676  -89.75336    123.364    104.893  264.98273  265.01133 1.3981e-01 1.1507e+01    303.698          1      42065    111.999    11.5433    11.5425    104.780   1752.667     1.5556     1.4786     4.9353     4.5446     0.0708     0.2186     1.5556          4  0.000e+00
      98.71     0.1072          4   4.012248     -0.339     3.6640   28.50676  -89.75336    123.364    105.026  264.98302  265.01164 1.3981e-01 1.1507e+01    303.684          1      42066    111.960    11.5431    11.5427    104.741   1752.708     1.5556     1.4799     4.9353     4.5446     0.0708     0.2186     1.5556          4  0.000e+00
      98.71     0.1072          4   4.012316      0.340     3.6640   28.50676  -89.75336    123.363    105.026  264.98097  265.00957 1.3981e-01 1.1507e+01    303.698          1      42067    111.930    11.5433    11.5429    104.711   1752.750     1.5556     1.4799     4.9353     4.5446     0.0708     0.2186     1.5556          4  0.000e+00
      98.71     0.1072          4   4.012309     -0.339     3.6640   28.50676  -89.75336    123.363    105.025  264.98157  265.01018 1.3981e-01 1.1507e+01    303.684          1      42068    111.923    11.5432    11.5429    104.704   1752.792     1.5556     1.4799     4.9353     4.5446     0.0708     0.2186     1.5556          4  0.000e+00
      98.71     0.1082          4   4.012282      1.358     3.6640   28.50676  -89.75336    123.363    104.892  264.98002  265.00858 1.3981e-01 1.1508e+01    303.740          1      42069    111.995    11.5438    11.5433    104.775   1752.833     1.5556     1.4786     4.9353     4.5433     0.0708     0.2186     1.5556          4  0.000e+00
      98.71     0.1072          4   4.012296     -1.018     3.6640   28.50676  -89.75336    123.363    104.892  264.98070  265.00929 1.3981e-01 1.1507e+01    303.698          1      42070    111.960    11.5435    11.5432    104.741   1752.875     1.5556     1.4786     4.9353     4.5446     0.0708     0.2186     1.5556          4  0.000e+00
      98.71     0.1072          4   4.012350     -0.339     3.6945   28.50676  -89.75336    123.362    104.891  264.98033  265.00894 1.4021e-01 1.1507e+01    303.684          1      42071    111.905    11.5433    11.5433    104.686   1752.917     1.5556     1.4786     4.9353     4.5446     0.0720     0.2198     1.5556          4  0.000e+00
      98.71     0.1082          4   4.012289      0.340     3.6640   28.50676  -89.75336    123.363    105.024  264.98115  265.00974 1.4021e-01 1.1507e+01    303.698          1      42072    111.958    11.5434    11.5434    104.739   1752.958     1.5556     1.4799     4.9353     4.5433     0.0720     0.2186     1.5556          4  0.000e+00
      98.71     0.1072          4   4.012269     -1.527     3.6640   28.50676  -89.75336    123.362    105.024  264.98228  265.01089 1.4021e-01 1.1507e+01    303.634          1      42073    111.950    11.5432    11.5432    104.732   1753.000     1.5556     1.4799     4.9353     4.5446     0.0720     0.2186     1.5556          4  0.000e+00
      98.71     0.1072          4   4.012289      1.188     3.6945   28.50676  -89.75336    123.363    104.892  264.98146  265.01006 1.3981e-01 1.1507e+01    303.684          1      42074    111.949    11.5433    11.5432    104.730   1753.042     1.5556     1.4786     4.9353     4.5446     0.0708     0.2198     1.5556          4  0.000e+00
      98.71     0.1072          4   4.012303      0.340     3.6945   28.50676  -89.75336    123.507    104.892  264.98154  265.01015 1.4021e-01 1.1507e+01    303.698          1      42075    111.932    11.5432    11.5429    104.713   1753.083     1.5568     1.4786     4.9353     4.5446     0.0720     0.2198     1.5568          4  0.000e+00
      98.71     0.1072          4   4.012275     -0.339     3.6945   28.50676  -89.75336    123.363    105.158  264.98107  265.00965 1.3981e-01 1.1507e+01    303.684          1      42076    111.974    11.5435    11.5430    104.756   1753.125     1.5556     1.4811     4.9353     4.5446     0.0708     0.2198     1.5556          4  0.000e+00
      98.71     0.1072          4   4.012269      0.340     3.6945   28.50676  -89.75336    123.507    105.025  264.98234  265.01095 1.3981e-01 1.1507e+01    303.698          1      42077    111.953    11.5432    11.5430    104.734   1753.167     1.5568     1.4799     4.9353     4.5446     0.0708     0.2198     1.5568          4  0.000e+00
      98.71     0.1082          4   4.012269      1.019     3.7250   28.50676  -89.75336    123.364    104.893  264.98189  265.01048 1.3981e-01 1.1507e+01    303.741          1      42078    111.967    11.5433    11.5430    104.747   1753.208     1.5556     1.4786     4.9353     4.5433     0.0708     0.2210     1.5556          4  0.000e+00
      98.68     0.1072          4   4.012269     -2.546     3.6945   28.50676  -89.75336    123.362    104.891  264.98148  265.01007 1.3981e-01 1.1507e+01    303.635          1      42079    111.969    11.5434    11.5430    104.751   1753.250     1.5556     1.4786     4.9341     4.5446     0.0708     0.2198     1.5556          4  0.000e+00
      98.71     0.1072          4   4.012241      1.528     3.6945   28.50676  -89.75336    123.364    105.025  264.98349  265.01211 1.4021e-01 1.1507e+01    303.698          1      42080    111.958    11.5430    11.5432    104.739   1753.292     1.5556     1.4799     4.9353     4.5446     0.0720     0.2198     1.5556          4  0.000e+00
      98.68     0.1082          4   4.012201      1.019     3.6945   28.50676  -89.75336    123.365    105.025  264.98492  265.01356 1.3981e-01 1.1507e+01    303.741          1      42081    111.974    11.5428    11.5433    104.755   1753.333     1.5556     1.4799     4.9341     4.5433     0.0708     0.2198     1.5556          4  0.000e+00
      98.71     0.1072          4   4.012221     -1.018     3.6945   28.50676  -89.75336    123.365    105.024  264.98548  265.01414 1.4021e-01 1.1506e+01    303.698          1      42082    111.934    11.5426    11.5433    104.716   1753.375     1.5556     1.4799     4.9353     4.5446     0.0720     0.2198     1.5556          4  0.000e+00
      98.71     0.1072          4   4.012235     -0.339     3.6945   28.50676  -89.75336    123.364    105.025  264.98489  265.01355 1.3981e-01 1.1506e+01    303.684          1      42083    111.931    11.5427    11.5432    104.713   1753.417     1.5556     1.4799     4.9353     4.5446     0.0708     0.2198     1.5556          4  0.000e+00
