tests/data/CTD/g01mcan03c.ros
* Sea-Bird SBE 9 Data File:
* FileName = D:\CTD DATA\2013\PE13-01 DiMarco\G01MCAN03C.hex
* Software Version Seasave V 7.21g
* Temperature SN = 4515
* Conductivity SN = 3079
* Number of Bytes Per Scan = 40
* Number of Voltage Words = 5
* Number of Scans Averaged by the Deck Unit = 1
* NMEA Latitude = 28 36.03 N
* NMEA Longitude = 089 54.01 W
* NMEA UTC (Time) = Jul 11 2012  09:10:34
* NMEA baud rate = 4800
# nquan = 31
# nvalues = 294                                   
# units = specified
# name 0 = altM: Altimeter [m]
# name 1 = bat: Beam Attenuation, Chelsea/Seatech [1/m]
# name 2 = bpos: Bottle Position in Carousel
# name 3 = c0S/m: Conductivity [S/m]
# name 4 = dz/dtM: Descent Rate [m/s]
# name 5 = wetCDOM: Fluorescence, WET Labs CDOM [mg/m^3]
# name 6 = latitude: Latitude [deg]
# name 7 = longitude: Longitude [deg]
# name 8 = sbeox0Mm/Kg: Oxygen, SBE 43 [umol/kg]
# name 9 = sbeox1Mm/Kg: Oxygen, SBE 43, 2 [umol/kg]
# name 10 = oxsolMm/Kg: Oxygen Saturation, Garcia & Gordon [umol/kg]
# name 11 = oxsatMm/Kg: Oxygen Saturation, Weiss [umol/kg]
# name 12 = par: PAR/Irradiance, Biospherical/Licor
# name 13 = pla: Plume Anomaly
# name 14 = prDM: Pressure, Digiquartz [db]
# name 15 = pumps: Pump Status
# name 16 = scan: Scan Count
# name 17 = sva: Specific Volume Anomaly [10^-8 * m^3/kg]
# name 18 = t090C: Temperature [ITS-90, deg C]
# name 19 = t190C: Temperature, 2 [ITS-90, deg C]
# name 20 = tsa: Thermosteric Anomaly [10^-8 * m^3/kg]
# name 21 = timeS: Time, Elapsed [seconds]
# name 22 = v0: Voltage 0
# name 23 = v1: Voltage 1
# name 24 = v2: Voltage 2
# name 25 = v3: Voltage 3
# name 26 = v4: Voltage 4
# name 27 = v5: Voltage 5
# name 28 = sbeox0V: Oxygen raw, SBE 43 [V]
# name 29 = nbf: Bottles Fired
# name 30 = flag:  0.000e+00
# interval = seconds: 0.0416667
# start_time = Jul 11 2012 09:10:34 [NMEA time, header]
# bad_flag = -9.990e-29
*END*
[from data line 47]
      98.71     0.1276          1   3.937102     -0.000     3.6945   28.60510  -89.89870    120.948    102.796  269.09290  269.17521 1.3706e-01 1.0804e+01    359.824          1      19685    108.357    10.8459    10.8537    100.221    820.167     1.5116     1.4383     4.9353     4.5214     0.0623     0.2198     1.5116          1  0.000e+00
      98.71     0.1266          1   3.937108      1.189     3.6640   28.60510  -89.89870    120.949    102.796  269.09264  269.17495 1.3706e-01 1.0804e+01    359.874          1      19686    108.359    10.8460    10.8539    100.221    820.208     1.5116     1.4383     4.9353     4.5226     0.0623     0.2186     1.5116          1  0.000e+00
      98.71     0.0996          2   4.049818     -1.018     3.6335   28.60558  -89.89852    123.989    105.561  263.03745  263.04108 1.3628e-01 1.1844e+01    303.165          1      22502    114.696    11.8810    11.8812    107.316    937.542     1.5690     1.4921     4.9353     4.5531     0.0598     0.2173     1.5690          2  0.000e+00
      98.71     0.0996          2   4.049845     -0.170     3.6335   28.60558  -89.89852    123.989    105.560  263.03837  263.04204 1.3628e-01 1.1844e+01    303.158          1      22503    114.642    11.8806    11.8813    107.262    937.583     1.5690     1.4921     4.9353     4.5531     0.0598     0.2173     1.5690          2  0.000e+00
      98.71     0.0996          2   4.049900     -1.188     3.6335   28.60558  -89.89852    123.988    105.691  263.03718  263.04085 1.3667e-01 1.1844e+01    303.109          1      22504    114.604    11.8806    11.8812    107.225    937.625     1.5690     1.4933     4.9353     4.5531     0.0611     0.2173     1.5690          2  0.000e+00
      98.68     0.0996          2   4.049839      0.170     3.6335   28.60558  -89.89852    123.988    105.691  263.03767  263.04132 1.3667e-01 1.1844e+01    303.116          1      22505    114.664    11.8808    11.8813    107.284    937.667     1.5690     1.4933     4.9341     4.5531     0.0611     0.2173     1.5690          2  0.000e+00
      98.68     0.0996          2   4.049873      2.206     3.6335   28.60558  -89.89852    123.989    105.562  263.03681  263.04045 1.3628e-01 1.1844e+01    303.208          1      22506    114.652    11.8809    11.8810    107.270    937.708     1.5690     1.4921     4.9341     4.5531     0.0598     0.2173     1.5690          2  0.000e+00
      98.71     0.0996          2   4.049893     -3.564     3.6029   28.60558  -89.89852    123.986    105.559  263.03410  263.03769 1.3667e-01 1.1845e+01    303.059          1      22507    114.682    11.8815    11.8812    107.304    937.750     1.5690     1.4921     4.9353     4.5531     0.0611     0.2161     1.5690          2  0.000e+00
      98.68     0.0996          2   4.049934      2.376     3.5724   28.60558  -89.89852    123.987    105.561  263.03375  263.03735 1.3667e-01 1.1845e+01    303.158          1      22508    114.651    11.8814    11.8811    107.270    937.792     1.5690     1.4921     4.9341     4.5531     0.0611     0.2149     1.5690          2  0.000e+00
      98.71     0.0996          2   4.049982      0.170     3.5724   28.60558  -89.89852    123.987    105.693  263.03256  263.03616 1.3667e-01 1.1845e+01    303.165          1      22509    114.624    11.8815    11.8808    107.243    937.833     1.5690     1.4933     4.9353     4.5531     0.0611     0.2149     1.5690          2  0.000e+00
      98.71     0.0975          2   4.049968     -1.358     3.5724   28.60558  -89.89852    124.128    105.692  263.03182  263.03539 1.3667e-01 1.1845e+01    303.109          1      22510    114.654    11.8817    11.8810    107.274    937.875     1.5702     1.4933     4.9353     4.5556     0.0611     0.2149     1.5702          2  0.000e+00
      98.71     0.0964          2   4.049982      0.000     3.5724   28.60558  -89.89852    123.985    105.692  263.03204  263.03563 1.3667e-01 1.1845e+01    303.109          1      22511    114.632    11.8816    11.8810    107.253    937.917     1.5690     1.4933     4.9353     4.5568     0.0611     0.2149     1.5690          2  0.000e+00
      98.68     0.0953          2   4.049941      0.170     3.6029   28.60558  -89.89852    123.986    105.692  263.03279  263.03638 1.3628e-01 1.1845e+01    303.116          1      22512    114.662    11.8816    11.8808    107.283    937.958     1.5690     1.4933     4.9341     4.5580     0.0598     0.2161     1.5690          2  0.000e+00
      98.71     0.0964          2   4.049941     -0.170     3.5724   28.60558  -89.89852    123.986    105.692  263.03358  263.03719 1.3667e-01 1.1845e+01    303.109          1      22513    114.643    11.8814    11.8810    107.263    938.000     1.5690     1.4933     4.9353     4.5568     0.0611     0.2149     1.5690          2  0.000e+00
      98.71     0.0953          2   4.049927      0.170     3.5724   28.60558  -89.89852    123.987    105.692  263.03479  263.03841 1.3628e-01 1.1844e+01    303.116          1      22514    114.630    11.8811    11.8811    107.251    938.042     1.5690     1.4933     4.9353     4.5580     0.0598     0.2149     1.5690          2  0.000e+00
      98.71     0.0964          2   4.049900     -0.170     3.5724   28.60558  -89.89852    123.987    105.692  263.03433  263.03793 1.3706e-01 1.1845e+01    303.109          1      22515    114.672    11.8814    11.8810    107.293    938.083     1.5690     1.4933     4.9353     4.5568     0.0623     0.2149     1.5690          2  0.000e+00
      98.71     0.0953          2   4.049941     -1.358     3.5724   28.60558  -89.89852    124.128    105.691  263.03322  263.03682 1.3667e-01 1.1845e+01    303.052          1      22516    114.647    11.8815    11.8808    107.269    938.125     1.5702     1.4933     4.9353     4.5580     0.0611     0.2149     1.5702          2  0.000e+00
      98.71     0.0953          2   4.049948      0.170     3.5724   28.60558  -89.89852    123.985    105.691  263.03342  263.03702 1.3628e-01 1.1845e+01    303.059          1      22517    114.635    11.8814    11.8810    107.257    938.167     1.5690     1.4933     4.9353     4.5580     0.0598     0.2149     1.5690          2  0.000e+00
      98.71     0.0964          2   4.049927      2.376     3.5724   28.60558  -89.89852    123.988    105.693  263.03482  263.03845 1.3667e-01 1.1844e+01    303.158          1      22518    114.633    11.8811    11.8810    107.252    938.208     1.5690     1.4933     4.9353     4.5568     0.0611     0.2149     1.5690          2  0.000e+00
      98.71     0.0953          2   4.049927     -3.564     3.6029   28.60558  -89.89852    123.985    105.690  263.03470  263.03833 1.3628e-01 1.1844e+01    303.010          1      22519    114.624    11.8811    11.8811    107.247    938.250     1.5690     1.4933     4.9353     4.5580     0.0598     0.2161     1.5690          2  0.000e+00
      98.68     0.0953          2   4.049927      2.376     3.5724   28.60558  -89.89852    124.129    105.692  263.03510  263.03873 1.3667e-01 1.1844e+01    303.109          1      22520    114.622    11.8810    11.8812    107.243    938.292     1.5702     1.4933     4.9341     4.5580     0.0611     0.2149     1.5702          2  0.000e+00
      98.71     0.0964          2   4.049914     -1.188     3.5724   28.60558  -89.89852    123.986    105.691  263.03499  263.03861 1.3667e-01 1.1844e+01    303.059          1      22521    114.637    11.8811    11.8812    107.259    938.333     1.5690     1.4933     4.9353     4.5568     0.0611     0.2149     1.5690          2  0.000e+00
      98.71     0.0953          2   4.049975     -0.170     3.5724   28.60558  -89.89852    123.985    105.691  263.03355  263.03717 1.3628e-01 1.1844e+01    303.052          1      22522    114.600    11.8812    11.8812    107.222    938.375     1.5690     1.4933     4.9353     4.5580     0.0598     0.2149     1.5690          2  0.000e+00
      98.71     0.0964          2   4.049941 -1.341e-07     3.5724   28.60558  -89.89852    123.985    105.691  263.03322  263.03682 1.3628e-01 1.1845e+01    303.052          1      22523    114.647    11.8815    11.8812    107.269    938.417     1.5690     1.4933     4.9353     4.5568     0.0598     0.2149     1.5690          2  0.000e+00
      98.68     0.0964          2   4.049948     -1.019     3.5724   28.60558  -89.89852    123.985    105.690  263.03433  263.03796 1.3667e-01 1.1844e+01    303.010          1      22524    114.610    11.8811    11.8815    107.233    938.458     1.5690     1.4933     4.9341     4.5568     0.0611     0.2149     1.5690          2  0.000e+00
      98.71     0.0953          2   4.049961      1.018     3.5724   28.60558  -89.89852    123.985    105.690  263.03316  263.03677 1.3667e-01 1.1845e+01    303.052          1      22525    114.625    11.8814    11.8814    107.247    938.500     1.5690     1.4933     4.9353     4.5580     0.0611     0.2149     1.5690          2  0.000e+00
      98.71     0.0964          2   4.049920     -1.018     3.5724   28.60558  -89.89852    123.985    105.689  263.03483  263.03845 1.3628e-01 1.1844e+01    303.010          1      22526    114.629    11.8811    11.8815    107.252    938.542     1.5690     1.4933     4.9353     4.5568     0.0598     0.2149     1.5690          2  0.000e+00
      98.71     0.0953          2   4.049920      1.018     3.6029   28.60558  -89.89852    123.986    105.690  263.03454  263.03816 1.3628e-01 1.1844e+01    303.052          1      22527    114.639    11.8812    11.8815    107.261    938.583     1.5690     1.4933     4.9353     4.5580     0.0598     0.2161     1.5690          2  0.000e+00
      98.71     0.0953          2   4.049927      0.170     3.5724   28.60558  -89.89852    123.986    105.559  263.03411  263.03772 1.3667e-01 1.1844e+01    303.059          1      22528    114.642    11.8813    11.8813    107.264    938.625     1.5690     1.4921     4.9353     4.5580     0.0611     0.2149     1.5690          2  0.000e+00
      98.71     0.0953          2   4.049948     -2.546     3.5724   28.60558  -89.89852    123.984    105.689  263.03397  263.03759 1.3628e-01 1.1844e+01    302.953          1      22529    114.614    11.8812    11.8812    107.238    938.667     1.5690     1.4933     4.9353     4.5580     0.0598     0.2149     1.5690          2  0.000e+00
      98.71     0.0953          2   4.049948      1.188     3.5724   28.60558  -89.89852    123.985    105.690  263.03369  263.03730 1.3667e-01 1.1845e+01    303.003          1      22530    114.624    11.8813    11.8814    107.247    938.708     1.5690     1.4933     4.9353     4.5580     0.0611     0.2149     1.5690          2  0.000e+00
      98.71     0.0943          2   4.049927      0.170     3.6029   28.60558  -89.89852    123.985    105.558  263.03343  263.03703 1.3667e-01 1.1845e+01    303.010          1      22531    114.655    11.8815    11.8815    107.278    938.750     1.5690     1.4921     4.9353     4.5592     0.0611     0.2161     1.5690          2  0.000e+00
      98.71     0.0943          2   4.049927     -1.358     3.5724   28.60558  -89.89852    123.983    105.689  263.03307  263.03666 1.3667e-01 1.1845e+01    302.953          1      22532    114.659    11.8816    11.8815    107.283    938.792     1.5690     1.4933     4.9353     4.5592     0.0611     0.2149     1.5690          2  0.000e+00
      98.71     0.0943          2   4.049927      1.358     3.5724   28.60558  -89.89852    123.985    105.689  263.03407  263.03768 1.3628e-01 1.1844e+01    303.010          1      22533    114.639    11.8813    11.8815    107.263    938.833     1.5690     1.4933     4.9353     4.5592     0.0598     0.2149     1.5690          2  0.000e+00
      98.71     0.0953          2   4.049948     -1.358     3.4808   28.60558  -89.89852    123.984    105.689  263.03397  263.03759 1.3667e-01 1.1844e+01    302.953          1      22534    114.614    11.8812    11.8813    107.238    938.875     1.5690     1.4933     4.9353     4.5580     0.0611     0.2112     1.5690          2  0.000e+00
      98.71     0.0943          2   4.049920 1.3411e-07     3.4198   28.60558  -89.89852    123.984    105.689  263.03415  263.03776 1.3667e-01 1.1845e+01    302.953          1      22535    114.641    11.8813    11.8813    107.266    938.917     1.5690     1.4933     4.9353     4.5592     0.0611     0.2088     1.5690          2  0.000e+00
      98.71     0.0953          2   4.049893      1.358     3.4198   28.60558  -89.89852    123.985    105.689  263.03469  263.03830 1.3628e-01 1.1844e+01    303.010          1      22536    114.664    11.8813    11.8815    107.287    938.958     1.5690     1.4933     4.9353     4.5580     0.0598     0.2088     1.5690          2  0.000e+00
      98.71     0.0953          2   4.049914     -1.358     3.4198   28.60558  -89.89852    123.984    105.689  263.03459  263.03821 1.3667e-01 1.1844e+01    302.953          1      22537    114.639    11.8812    11.8813    107.263    939.000     1.5690     1.4933     4.9353     4.5580     0.0611     0.2088     1.5690          2  0.000e+00
      98.71     0.0943          2   4.049927      0.170     3.4198   28.60558  -89.89852    123.984    105.689  263.03403  263.03764 1.3628e-01 1.1845e+01    302.960          1      22538    114.637    11.8813    11.8813    107.261    939.042     1.5690     1.4933     4.9353     4.5592     0.0598     0.2088     1.5690          2  0.000e+00
      98.71     0.0943          2   4.049941      1.018     3.4198   28.60558  -89.89852    124.128    105.690  263.03540  263.03905 1.3667e-01 1.1844e+01    303.003          1      22539    114.591    11.8809    11.8810    107.214    939.083     1.5702     1.4933     4.9353     4.5592     0.0611     0.2088     1.5702          2  0.000e+00
      98.71     0.0943          2   4.049907     -1.018     3.4198   28.60558  -89.89852    123.985    105.690  263.03504  263.03866 1.3667e-01 1.1844e+01    302.960          1      22540    114.636    11.8811    11.8812    107.261    939.125     1.5690     1.4933     4.9353     4.5592     0.0611     0.2088     1.5690          2  0.000e+00
      98.71     0.0943          2   4.049914     -0.170     3.4198   28.60558  -89.89852    123.985    105.689  263.03586  263.03950 1.3628e-01 1.1844e+01    302.953          1      22541    114.608    11.8809    11.8813    107.233    939.167     1.5690     1.4933     4.9353     4.5592     0.0598     0.2088     1.5690          2  0.000e+00
      98.71     0.0943          2   4.049900      0.000     3.4198   28.60558  -89.89852    123.984    105.689  263.03452  263.03813 1.3628e-01 1.1845e+01    302.953          1      22542    114.656    11.8813    11.8812    107.280    939.208     1.5690     1.4933     4.9353     4.5592     0.0598     0.2088     1.5690          2  0.000e+00
      98.71     0.0943          2   4.049914      0.170     3.4198   28.60558  -89.89852    123.985    105.689  263.03491  263.03854 1.3667e-01 1.1844e+01    302.960          1      22543    114.631    11.8811    11.8812    107.256    939.250     1.5690     1.4933     4.9353     4.5592     0.0611     0.2088     1.5690          2  0.000e+00
      98.71     0.0943          2   4.049886     -0.170     3.4198   28.60558  -89.89852    124.127    105.689  263.03509  263.03870 1.3667e-01 1.1844e+01    302.953          1      22544    114.658    11.8812    11.8812    107.283    939.292     1.5702     1.4933     4.9353     4.5592     0.0611     0.2088     1.5702          2  0.000e+00
      98.71     0.0953          2   4.049914      0.170     3.4198   28.60558  -89.89852    123.984    105.690  263.03428  263.03789 1.3628e-01 1.1845e+01    302.960          1      22545    114.647    11.8813    11.8808    107.271    939.333     1.5690     1.4933     4.9353     4.5580     0.0598     0.2088     1.5690          2  0.000e+00
