tests/data/CTD/g01mcan04c.ros
* Sea-Bird SBE 9 Data File:
* FileName = D:\CTD DATA\2013\PE13-01 DiMarco\G01MCAN04C.hex
* Software Version Seasave V 7.21g
* Temperature SN = 4515
* Conductivity SN = 3079
* Number of Bytes Per Scan = 40
* Number of Voltage Words = 5
* Number of Scans Averaged by the Deck Unit = 1
* NMEA Latitude = 28 39.03 N
* NMEA Longitude = 090 06.01 W
* NMEA UTC (Time) = Jul 11 2012  11:06:48
* NMEA baud rate = 4800
# nquan = 31
# nvalues = 294                                   
# units = specified
# name 0 = altM: Altimeter [m]
# name 1 = bat: Beam Attenuation, Chelsea/Seatech [1/m]
# name 2 = bpos: Bottle Position in Carousel
# name 3 = c0S/m: Conductivity [S/m]
# name 4 = dz/dtM: Descent Rate [m/s]
# name 5 = wetCDOM: Fluorescence, WET Labs CDOM [mg/m^3]
# name 6 = latitude: Latitude [deg]
# name 7 = longitude: Longitude [deg]
# name 8 = sbeox0Mm/Kg: Oxygen, SBE 43 [umol/kg]
# name 9 = sbeox1Mm/Kg: Oxygen, SBE 43, 2 [umol/kg]
# name 10 = oxsolMm/Kg: Oxygen Saturation, Garcia & Gordon [umol/kg]
# name 11 = oxsatMm/Kg: Oxygen Saturation, Weiss [umol/kg]
# name 12 = par: PAR/Irradiance, Biospherical/Licor
# name 13 = pla: Plume Anomaly
# name 14 = prDM: Pressure, Digiquartz [db]
# name 15 = pumps: Pump Status
# name 16 = scan: Scan Count
# name 17 = sva: Specific Volume Anomaly [10^-8 * m^3/kg]
# name 18 = t090C: Temperature [ITS-90, deg C]
# name 19 = t190C: Temperature, 2 [ITS-90, deg C]
# name 20 = tsa: Thermosteric Anomaly [10^-8 * m^3/kg]
# name 21 = timeS: Time, Elapsed [seconds]
# name 22 = v0: Voltage 0
# name 23 = v1: Voltage 1
# name 24 = v2: Voltage 2
# name 25 = v3: Voltage 3
# name 26 = v4: Voltage 4
# name 27 = v5: Voltage 5
# name 28 = sbeox0V: Oxygen raw, SBE 43 [V]
# name 29 = nbf: Bottles Fired
# name 30 = flag:  0.000e+00
# interval = seconds: 0.0416667
# start_time = Jul 11 2012 11:06:48 [NMEA time, header]
# bad_flag = -9.990e-29
*END*
[from data line 94]
      22.78     0.2528          2   5.083375     -0.000     3.9387   28.65192  -90.09932    148.575    128.845  219.24146  218.79696 1.3628e-01 2.1024e+01     80.297          1      11152    240.352    21.0348    21.0350    237.562    464.625     2.0806     1.9756     1.1392     4.3822     0.0598     0.2295     2.0806          2  0.000e+00
      22.78     0.2539          2   5.083420      1.183     3.9387   28.65192  -90.09932    148.460    128.846  219.23967  218.79515 1.3628e-01 2.1025e+01     80.346          1      11153    240.372    21.0353    21.0348    237.580    464.667     2.0794     1.9756     1.1392     4.3810     0.0598     0.2295     2.0794          2  0.000e+00
      22.78     0.2528          2   5.083435     -0.000     3.9387   28.65192  -90.09932    148.460    128.846  219.23939  218.79487 1.3628e-01 2.1025e+01     80.346          1      11154    240.366    21.0353    21.0350    237.574    464.708     2.0794     1.9756     1.1392     4.3822     0.0598     0.2295     2.0794          2  0.000e+00
      22.78     0.2528          2   5.083405     -1.183     3.9387   28.65192  -90.09932    148.459    128.846  219.24031  218.79580 1.3628e-01 2.1025e+01     80.297          1      11155    240.361    21.0351    21.0345    237.571    464.750     2.0794     1.9756     1.1392     4.3822     0.0598     0.2295     2.0794          2  0.000e+00
      40.29     0.5829          3   5.168213     -1.183     3.5724   28.65212  -90.09920    174.408    150.887  215.92247  215.45552 1.3902e-01 2.1925e+01     61.240          1      12576    268.888    21.9318    21.9332    266.765    523.958     2.3871     2.2540     2.0147     4.0354     0.0684     0.2149     2.3871          3  0.000e+00
      40.32     0.5829          3   5.168054     -1.352     3.5724   28.65212  -90.09920    174.412    150.993  215.92864  215.46172 1.3902e-01 2.1923e+01     61.184          1      12577    268.825    21.9300    21.9334    266.704    524.000     2.3871     2.2552     2.0159     4.0354     0.0684     0.2149     2.3871          3  0.000e+00
      52.11     0.5829          3   5.167964      1.351     3.5724   28.65212  -90.09920    174.527    150.888  215.92988  215.46296 1.3902e-01 2.1923e+01     61.240          1      12578    268.874    21.9300    21.9332    266.751    524.042     2.3883     2.2540     2.6056     4.0354     0.0684     0.2149     2.3883          3  0.000e+00
      87.47     0.5817          3   5.167987     -0.000     3.6029   28.65212  -90.09920    174.414    150.995  215.93029  215.46338 1.3902e-01 2.1923e+01     61.240          1      12579    268.838    21.9297    21.9334    266.715    524.083     2.3871     2.2552     4.3736     4.0366     0.0684     0.2161     2.3871          3  0.000e+00
     100.00     0.5817          3   5.167987      1.182     3.6029   28.65212  -90.09920    174.528    151.003  215.92964  215.46273 1.3902e-01 2.1923e+01     61.290          1      12580    268.864    21.9300    21.9311    266.739    524.125     2.3883     2.2552     5.0000     4.0366     0.0684     0.2161     2.3883          3  0.000e+00
     100.00     0.5829          3   5.167662     -2.534     3.5724   28.65212  -90.09920    174.533    151.007  215.93852  215.47164 1.3902e-01 2.1921e+01     61.184          1      12581    268.863    21.9279    21.9284    266.743    524.167     2.3883     2.2552     5.0000     4.0354     0.0684     0.2149     2.3883          3  0.000e+00
      99.17     0.5829          3   5.167360      2.534     3.5724   28.65212  -90.09920    174.544    151.119  215.94944  215.48263 1.3902e-01 2.1918e+01     61.290          1      12582    268.788    21.9250    21.9265    266.664    524.208     2.3883     2.2564     4.9585     4.0354     0.0684     0.2149     2.3883          3  0.000e+00
      98.46     0.5829          3   5.167458     -1.183     3.5724   28.65212  -90.09920    174.542    151.120  215.94812  215.48131 1.3902e-01 2.1918e+01     61.240          1      12583    268.735    21.9251    21.9256    266.613    524.250     2.3883     2.2564     4.9231     4.0354     0.0684     0.2149     2.3883          3  0.000e+00
      98.46     0.5841          3   5.168032     -0.000     3.6029   28.65212  -90.09920    174.417    151.230  215.93361  215.46674 1.3863e-01 2.1921e+01     61.240          1      12584    268.681    21.9282    21.9245    266.558    524.292     2.3871     2.2576     4.9231     4.0342     0.0672     0.2161     2.3871          3  0.000e+00
      98.56     0.5817          3   5.168530     -0.000     3.6029   28.65212  -90.09920    174.517    151.234  215.91776  215.45080 1.3942e-01 2.1925e+01     61.240          1      12585    268.746    21.9322    21.9228    266.623    524.333     2.3883     2.2576     4.9280     4.0366     0.0696     0.2161     2.3883          3  0.000e+00
      98.61     0.5792          3   5.168704      1.182     3.5724   28.65212  -90.09920    174.513    151.234  215.91085  215.44385 1.3902e-01 2.1927e+01     61.290          1      12586    268.819    21.9341    21.9230    266.694    524.375     2.3883     2.2576     4.9304     4.0391     0.0684     0.2149     2.3883          3  0.000e+00
      98.58     0.5792          3   5.168658     -1.183     3.5724   28.65212  -90.09920    174.400    151.338  215.91239  215.44540 1.3902e-01 2.1927e+01     61.240          1      12587    268.806    21.9337    21.9233    266.683    524.417     2.3871     2.2589     4.9292     4.0391     0.0684     0.2149     2.3871          3  0.000e+00
      98.58     0.5780          3   5.168643     -0.000     3.5724   28.65212  -90.09920    174.515    151.338  215.91466  215.44770 1.3902e-01 2.1926e+01     61.240          1      12588    268.743    21.9329    21.9235    266.620    524.458     2.3883     2.2589     4.9292     4.0403     0.0684     0.2149     2.3883          3  0.000e+00
      98.58     0.5780          3   5.168538     -0.000     3.6029   28.65212  -90.09920    174.514    151.448  215.91374  215.44675 1.3902e-01 2.1927e+01     61.240          1      12589    268.875    21.9337    21.9223    266.752    524.500     2.3883     2.2601     4.9292     4.0403     0.0684     0.2161     2.3883          3  0.000e+00
      98.58     0.5780          3   5.167994      1.182     3.5724   28.65212  -90.09920    174.526    151.349  215.92745  215.46051 1.3942e-01 2.1924e+01     61.290          1      12590    268.932    21.9308    21.9201    266.807    524.542     2.3883     2.2589     4.9292     4.0403     0.0696     0.2149     2.3883          3  0.000e+00
      98.58     0.5792          3   5.167360     -1.183     3.5724   28.65212  -90.09920    174.541    151.454  215.94721  215.48038 1.3902e-01 2.1919e+01     61.240          1      12591    268.860    21.9259    21.9198    266.738    524.583     2.3883     2.2601     4.9292     4.0391     0.0684     0.2149     2.3883          3  0.000e+00
      98.58     0.5780          3   5.166975      1.182     3.6029   28.65212  -90.09920    174.551    151.553  215.95856  215.49178 1.3902e-01 2.1916e+01     61.290          1      12592    268.845    21.9232    21.9219    266.721    524.625     2.3883     2.2613     4.9292     4.0403     0.0684     0.2161     2.3883          3  0.000e+00
      98.58     0.5792          3   5.166741     -0.000     3.6029   28.65212  -90.09920    174.557    151.542  215.96560  215.49886 1.3902e-01 2.1915e+01     61.290          1      12593    268.829    21.9214    21.9261    266.705    524.667     2.3883     2.2613     4.9292     4.0391     0.0684     0.2161     2.3883          3  0.000e+00
      98.58     0.5792          3   5.166553     -2.534     3.6335   28.65212  -90.09920    174.559    151.649  215.97103  215.50432 1.3942e-01 2.1913e+01     61.184          1      12594    268.816    21.9201    21.9254    266.696    524.708     2.3883     2.2625     4.9292     4.0391     0.0696     0.2173     2.3883          3  0.000e+00
      98.58     0.5792          3   5.166741      2.534     3.6335   28.65212  -90.09920    174.674    151.660  215.96972  215.50303 1.3902e-01 2.1913e+01     61.290          1      12595    268.688    21.9198    21.9224    266.564    524.750     2.3895     2.2625     4.9292     4.0391     0.0684     0.2173     2.3895          3  0.000e+00
      98.58     0.5780          3   5.167179     -1.183     3.6029   28.65212  -90.09920    174.549    151.558  215.95720  215.49044 1.3902e-01 2.1916e+01     61.240          1      12596    268.693    21.9228    21.9203    266.570    524.792     2.3883     2.2613     4.9292     4.0403     0.0684     0.2161     2.3883          3  0.000e+00
      98.58     0.5792          3   5.167489      2.365     3.6029   28.65212  -90.09920    174.544    151.664  215.94763  215.48082 1.3902e-01 2.1918e+01     61.339          1      12597    268.731    21.9252    21.9200    266.604    524.833     2.3883     2.2625     4.9292     4.0391     0.0684     0.2161     2.3883          3  0.000e+00
      98.58     0.5792          3   5.167390     -2.365     3.6029   28.65212  -90.09920    174.656    151.647  215.94888  215.48207 1.3902e-01 2.1918e+01     61.240          1      12598    268.774    21.9251    21.9245    266.652    524.875     2.3895     2.2625     4.9292     4.0391     0.0684     0.2161     2.3895          3  0.000e+00
      98.58     0.5792          3   5.167368      1.182     3.6029   28.65212  -90.09920    174.659    151.736  215.95165  215.48486 1.3942e-01 2.1917e+01     61.289          1      12599    268.705    21.9241    21.9322    266.581    524.917     2.3895     2.2637     4.9292     4.0391     0.0696     0.2161     2.3895          3  0.000e+00
      98.58     0.5780          3   5.167700     -1.183     3.6029   28.65212  -90.09920    174.649    151.738  215.93994  215.47308 1.3902e-01 2.1920e+01     61.240          1      12600    268.783    21.9272    21.9316    266.661    524.958     2.3895     2.2637     4.9292     4.0403     0.0684     0.2161     2.3895          3  0.000e+00
      98.58     0.5792          3   5.167783      1.182     3.6029   28.65212  -90.09920    174.535    151.742  215.93826  215.47140 1.3902e-01 2.1921e+01     61.289          1      12601    268.765    21.9275    21.9311    266.640    525.000     2.3883     2.2637     4.9292     4.0391     0.0684     0.2161     2.3883          3  0.000e+00
      98.58     0.5792          3   5.167707     -0.000     3.6029   28.65212  -90.09920    174.650    151.849  215.94074  215.47389 1.3902e-01 2.1920e+01     61.289          1      12602    268.753    21.9269    21.9301    266.628    525.042     2.3895     2.2650     4.9292     4.0391     0.0684     0.2161     2.3895          3  0.000e+00
      98.58     0.5792          3   5.167647     -1.183     3.6029   28.65212  -90.09920    174.537    151.846  215.94168  215.47484 1.3902e-01 2.1920e+01     61.240          1      12603    268.774    21.9268    21.9309    266.652    525.083     2.3883     2.2650     4.9292     4.0391     0.0684     0.2161     2.3883          3  0.000e+00
      98.58     0.5792          3   5.167715      1.182     3.6335   28.65212  -90.09920    174.649    151.847  215.93931  215.47245 1.3942e-01 2.1921e+01     61.289          1      12604    268.794    21.9274    21.9311    266.670    525.125     2.3895     2.2650     4.9292     4.0391     0.0696     0.2173     2.3895          3  0.000e+00
      86.13     0.5744          3   5.167730     -0.000     3.6029   28.65212  -90.09920    174.649    151.850  215.93885  215.47199 1.3902e-01 2.1921e+01     61.289          1      12605    268.795    21.9275    21.9301    266.671    525.167     2.3895     2.2650     4.3065     4.0440     0.0684     0.2161     2.3895          3  0.000e+00
      51.45     0.5671          3   5.167790     -1.183     3.6029   28.65212  -90.09920    174.646    151.953  215.93662  215.46974 1.3902e-01 2.1921e+01     61.240          1      12606    268.810    21.9281    21.9304    266.687    525.208     2.3895     2.2662     2.5726     4.0513     0.0684     0.2161     2.3895          3  0.000e+00
      38.80     0.5647          3   5.167881      1.182     3.6029   28.65212  -90.09920    174.646    151.952  215.93495  215.46807 1.3863e-01 2.1921e+01     61.289          1      12607    268.784    21.9284    21.9311    266.659    525.250     2.3895     2.2662     1.9402     4.0537     0.0672     0.2161     2.3895          3  0.000e+00
      38.88     0.5647          3   5.167904     -1.183     3.6335   28.65212  -90.09920    174.529    151.954  215.93257  215.46567 1.3902e-01 2.1922e+01     61.240          1      12608    268.840    21.9292    21.9304    266.717    525.292     2.3883     2.2662     1.9438     4.0537     0.0684     0.2173     2.3883          3  0.000e+00
      40.51     0.5647          3   5.167866      1.182     3.6029   28.65212  -90.09920    174.531    151.959  215.93321  215.46631 1.3942e-01 2.1922e+01     61.289          1      12609    268.858    21.9291    21.9286    266.733    525.333     2.3883     2.2662     2.0256     4.0537     0.0696     0.2161     2.3883          3  0.000e+00
      41.10     0.5659          3   5.167398     -0.000     3.6029   28.65212  -90.09920    174.541    151.957  215.94604  215.47920 1.3942e-01 2.1919e+01     61.289          1      12610    268.868    21.9262    21.9295    266.743    525.375     2.3883     2.2662     2.0549     4.0525     0.0696     0.2161     2.3883          3  0.000e+00
      41.12     0.5647          3   5.167187     -1.183     3.6029   28.65212  -90.09920    174.661    152.056  215.95597  215.48920 1.3902e-01 2.1916e+01     61.240          1      12611    268.727    21.9232    21.9315    266.605    525.417     2.3895     2.2674     2.0562     4.0537     0.0684     0.2161     2.3895          3  0.000e+00
      41.05     0.5647          3   5.167617      0.000     3.6029   28.65212  -90.09920    174.539    152.057  215.94489  215.47808 1.3902e-01 2.1919e+01     61.240          1      12612    268.693    21.9257    21.9315    266.571    525.458     2.3883     2.2674     2.0525     4.0537     0.0684     0.2161     2.3883          3  0.000e+00
      41.03     0.5659          3   5.168130      1.183     3.6029   28.65212  -90.09920    174.527    152.059  215.92803  215.46112 1.3942e-01 2.1923e+01     61.289          1      12613    268.782    21.9300    21.9309    266.657    525.500     2.3883     2.2674     2.0513     4.0525     0.0696     0.2161     2.3883          3  0.000e+00
      41.03     0.5647          3   5.168085     -1.183     3.6029   28.65212  -90.09920    174.527    152.060  215.92919  215.46228 1.3902e-01 2.1923e+01     61.240          1      12614    268.782    21.9297    21.9311    266.659    525.542     2.3883     2.2674     2.0513     4.0537     0.0684     0.2161     2.3883          3  0.000e+00
      41.05     0.5647          3   5.167896     -0.000     3.6029   28.65212  -90.09920    174.531    152.070  215.93476  215.46788 1.3902e-01 2.1921e+01     61.240          1      12615    268.772    21.9284    21.9274    266.649    525.583     2.3883     2.2674     2.0525     4.0537     0.0684     0.2161     2.3883          3  0.000e+00
      41.07     0.5647          3   5.168153      1.182     3.6335   28.65212  -90.09920    174.525    152.080  215.92615  215.45922 1.3902e-01 2.1924e+01     61.289          1      12616    268.824    21.9306    21.9242    266.700    525.625     2.3883     2.2674     2.0537     4.0537     0.0684     0.2173     2.3883          3  0.000e+00
      41.05     0.5659          3   5.168545     -1.183     3.6335   28.65212  -90.09920    174.403    152.083  215.91672  215.44976 1.3942e-01 2.1926e+01     61.240          1      12617    268.766    21.9325    21.9224    266.643    525.667     2.3871     2.2674     2.0525     4.0525     0.0696     0.2173     2.3871          3  0.000e+00
