tests/data/CTD/g01mcan02c.ros
* Sea-Bird SBE 9 Data File:
* FileName = D:\CTD DATA\2013\PE13-01 DiMarco\G01MCAN02C.hex
* Software Version Seasave V 7.21g
* Temperature SN = 4515
* Conductivity SN = 3079
* Number of Bytes Per Scan = 40
* Number of Voltage Words = 5
* Number of Scans Averaged by the Deck Unit = 1
* NMEA Latitude = 28 30.03 N
* NMEA Longitude = 089 45.01 W
* NMEA UTC (Time) = Jul 11 2012  07:24:48
* NMEA baud rate = 4800
# nquan = 31
# nvalues = 392                                   
# units = specified
# name 0 = altM: Altimeter [m]
# name 1 = bat: Beam Attenuation, Chelsea/Seatech [1/m]
# name 2 = bpos: Bottle Position in Carousel
# name 3 = c0S/m: Conductivity [S/m]
# name 4 = dz/dtM: Descent Rate [m/s]
# name 5 = wetCDOM: Fluorescence, WET Labs CDOM [mg/m^3]
# name 6 = latitude: Latitude [deg]
# name 7 = longitude: Longitude [deg]
# name 8 = sbeox0Mm/Kg: Oxygen, SBE 43 [umol/kg]
# name 9 = sbeox1Mm/Kg: Oxygen, SBE 43, 2 [umol/kg]
# name 10 = oxsolMm/Kg: Oxygen Saturation, Garcia & Gordon [umol/kg]
# name 11 = oxsatMm/Kg: Oxygen Saturation, Weiss [umol/kg]
# name 12 = par: PAR/Irradiance, Biospherical/Licor
# name 13 = pla: Plume Anomaly
# name 14 = prDM: Pressure, Digiquartz [db]
# name 15 = pumps: Pump Status
# name 16 = scan: Scan Count
# name 17 = sva: Specific Volume Anomaly [10^-8 * m^3/kg]
# name 18 = t090C: Temperature [ITS-90, deg C]
# name 19 = t190C: Temperature, 2 [ITS-90, deg C]
# name 20 = tsa: Thermosteric Anomaly [10^-8 * m^3/kg]
# name 21 = timeS: Time, Elapsed [seconds]
# name 22 = v0: Voltage 0
# name 23 = v1: Voltage 1
# name 24 = v2: Voltage 2
# name 25 = v3: Voltage 3
# name 26 = v4: Voltage 4
# name 27 = v5: Voltage 5
# name 28 = sbeox0V: Oxygen raw, SBE 43 [V]
# name 29 = nbf: Bottles Fired
# name 30 = flag:  0.000e+00
# interval = seconds: 0.0416667
# start_time = Jul 11 2012 07:24:48 [NMEA time, header]
# bad_flag = -9.990e-29
*END*
[from data line 375]
      98.58     0.1385          8   5.838810      0.169     2.4125   28.50908  -89.75418    201.868    177.783  192.31196  191.82450 2.3089e+00 2.9250e+01      1.098          1      56950    541.489    29.2430    29.2428    541.647   2372.875     2.9670     2.8095     4.9292     4.5092     1.2845     0.1685     2.9670          8  0.000e+00
      98.58     0.1385          8   5.838857     -0.168     2.4430   28.50908  -89.75418    201.867    177.876  192.31076  191.82332 2.3219e+00 2.9250e+01      1.091          1      56951    541.497    29.2433    29.2432    541.656   2372.917     2.9670     2.8107     4.9292     4.5092     1.2869     0.1697     2.9670          8  0.000e+00
      98.56     0.1385          8   5.838834      0.169     2.4430   28.50908  -89.75418    201.866    177.874  192.31017  191.82273 2.3154e+00 2.9250e+01      1.098          1      56952    541.541    29.2437    29.2443    541.699   2372.958     2.9670     2.8107     4.9280     4.5092     1.2857     0.1697     2.9670          8  0.000e+00
      98.58     0.1385          8   5.838826     -1.181     2.4125   28.50908  -89.75418    201.865    177.778  192.30986  191.82242 2.3089e+00 2.9251e+01      1.049          1      56953    541.557    29.2439    29.2445    541.717   2373.000     2.9670     2.8095     4.9292     4.5092     1.2845     0.1685     2.9670          8  0.000e+00
      98.56     0.1396          8   5.838826      1.013     2.4430   28.50908  -89.75418    201.766    177.778  192.31067  191.82322 2.3482e+00 2.9250e+01      1.091          1      56954    541.527    29.2435    29.2447    541.686   2373.042     2.9658     2.8095     4.9280     4.5079     1.2918     0.1697     2.9658          8  0.000e+00
      98.58     0.1385          8   5.838786     -1.012     2.4125   28.50908  -89.75418    201.867    177.778  192.31257  191.82511 2.3882e+00 2.9250e+01      1.049          1      56955    541.481    29.2428    29.2443    541.641   2373.083     2.9670     2.8095     4.9292     4.5092     1.2991     0.1685     2.9670          8  0.000e+00
      98.58     0.1385          8   5.838738      1.013     2.4430   28.50908  -89.75418    201.869    177.780  192.31298  191.82552 2.3949e+00 2.9250e+01      1.091          1      56956    541.507    29.2428    29.2437    541.665   2373.125     2.9670     2.8095     4.9292     4.5092     1.3004     0.1697     2.9670          8  0.000e+00
      98.56     0.1396          8   5.838762     -2.193     2.4125   28.50908  -89.75418    201.766    177.778  192.31232  191.82487 3.3283e+00 2.9250e+01      1.000          1      56957    541.507    29.2430    29.2437    541.669   2373.167     2.9658     2.8095     4.9280     4.5079     1.4432     0.1685     2.9658          8  0.000e+00
      98.58     0.1385          8   5.838881      1.182     2.3209   28.50908  -89.75418    201.866    177.779  192.31098  191.82354 4.8517e+00 2.9250e+01      1.049          1      56958    541.466    29.2431    29.2437    541.626   2373.208     2.9670     2.8095     4.9292     4.5092     1.6068     0.1648     2.9670          8  0.000e+00
      98.58     0.1385          8   5.838881     -0.169     2.3209   28.50908  -89.75418    201.865    177.778  192.31048  191.82304 5.2639e+00 2.9250e+01      1.042          1      56959    541.485    29.2434    29.2441    541.646   2373.250     2.9670     2.8095     4.9292     4.5092     1.6422     0.1648     2.9670          8  0.000e+00
      98.58     0.1385          8   5.838905     -1.012     2.2904   28.50908  -89.75418    201.864    177.776  192.31077  191.82333 3.5208e+00 2.9250e+01      1.000          1      56960    541.451    29.2431    29.2445    541.613   2373.292     2.9670     2.8095     4.9292     4.5092     1.4676     0.1636     2.9670          8  0.000e+00
      98.58     0.1385          8   5.838881      1.013     2.3209   28.50908  -89.75418    201.866    177.682  192.31134  191.82390 1.8332e+00 2.9250e+01      1.042          1      56961    541.451    29.2430    29.2445    541.611   2373.333     2.9670     2.8083     4.9292     4.5092     1.1844     0.1648     2.9670          8  0.000e+00
      98.56     0.1396          8   5.838873     -1.012     2.3209   28.50908  -89.75418    201.765    177.587  192.31139  191.82395 1.5397e+00 2.9250e+01      1.000          1      56962    541.452    29.2430    29.2447    541.614   2373.375     2.9658     2.8071     4.9280     4.5079     1.1087     0.1648     2.9658          8  0.000e+00
      98.58     0.1385          8   5.838905      0.000     2.3209   28.50908  -89.75418    201.865    177.587  192.31113  191.82368 1.6991e+00 2.9250e+01      1.000          1      56963    541.436    29.2430    29.2445    541.598   2373.417     2.9670     2.8071     4.9292     4.5092     1.1514     0.1648     2.9670          8  0.000e+00
      98.58     0.1385          8   5.838992     -1.518     2.3209   28.50908  -89.75418    201.761    177.585  192.30923  191.82180 2.1101e+00 2.9250e+01      0.937          1      56964    541.435    29.2435    29.2447    541.600   2373.458     2.9658     2.8071     4.9292     4.5092     1.2454     0.1648     2.9658          8  0.000e+00
      98.56     0.1396          8   5.839048      1.519     2.2904   28.50908  -89.75418    201.762    177.587  192.30879  191.82136 2.2639e+00 2.9250e+01      1.000          1      56965    541.412    29.2435    29.2445    541.574   2373.500     2.9658     2.8071     4.9280     4.5079     1.2759     0.1636     2.9658          8  0.000e+00
      98.56     0.1385          8   5.838992     -1.518     2.3209   28.50908  -89.75418    201.760    177.490  192.30843  191.82101 2.3949e+00 2.9251e+01      0.937          1      56966    541.467    29.2439    29.2448    541.632   2373.542     2.9658     2.8059     4.9280     4.5092     1.3004     0.1648     2.9658          8  0.000e+00
