tests/data/CTD/g01mcan03c.ros
* Sea-Bird SBE 9 Data File:
* FileName = D:\CTD DATA\2013\PE13-01 DiMarco\G01MCAN03C.hex
* Software Version Seasave V 7.21g
* Temperature SN = 4515
* Conductivity SN = 3079
* Number of Bytes Per Scan = 40
* Number of Voltage Words = 5
* Number of Scans Averaged by the Deck Unit = 1
* NMEA Latitude = 28 36.03 N
* NMEA Longitude = 089 54.01 W
* NMEA UTC (Time) = Jul 11 2012  09:10:34
* NMEA baud rate = 4800
# nquan = 31
# nvalues = 294                                   
# units = specified
# name 0 = altM: Altimeter [m]
# name 1 = bat: Beam Attenuation, Chelsea/Seatech [1/m]
# name 2 = bpos: Bottle Position in Carousel
# name 3 = c0S/m: Conductivity [S/m]
# name 4 = dz/dtM: Descent Rate [m/s]
# name 5 = wetCDOM: Fluorescence, WET Labs CDOM [mg/m^3]
# name 6 = latitude: Latitude [deg]
# name 7 = longitude: Longitude [deg]
# name 8 = sbeox0Mm/Kg: Oxygen, SBE 43 [umol/kg]
# name 9 = sbeox1Mm/Kg: Oxygen, SBE 43, 2 [umol/kg]
# name 10 = oxsolMm/Kg: Oxygen Saturation, Garcia & Gordon [umol/kg]
# name 11 = oxsatMm/Kg: Oxygen Saturation, Weiss [umol/kg]
# name 12 = par: PAR/Irradiance, Biospherical/Licor
# name 13 = pla: Plume Anomaly
# name 14 = prDM: Pressure, Digiquartz [db]
# name 15 = pumps: Pump Status
# name 16 = scan: Scan Count
# name 17 = sva: Specific Volume Anomaly [10^-8 * m^3/kg]
# name 18 = t090C: Temperature [ITS-90, deg C]
# name 19 = t190C: Temperature, 2 [ITS-90, deg C]
# name 20 = tsa: Thermosteric Anomaly [10^-8 * m^3/kg]
# name 21 = timeS: Time, Elapsed [seconds]
# name 22 = v0: Voltage 0
# name 23 = v1: Voltage 1
# name 24 = v2: Voltage 2
# name 25 = v3: Voltage 3
# name 26 = v4: Voltage 4
# name 27 = v5: Voltage 5
# name 28 = sbeox0V: Oxygen raw, SBE 43 [V]
# name 29 = nbf: Bottles Fired
# name 30 = flag:  0.000e+00
# interval = seconds: 0.0416667
# start_time = Jul 11 2012 09:10:34 [NMEA time, header]
# bad_flag = -9.990e-29
*END*
[from data line 234]
      98.56     0.1082          5   5.357683      1.351     2.7177   28.60778  -89.89738    213.588    186.844  209.18177  208.68174 1.3134e-01 2.3801e+01     51.008          1      34709    325.828    23.8061    23.8111    324.023   1446.167     2.8864     2.7350     4.9280     4.5433     0.0440     0.1807     2.8864          5  0.000e+00
      98.56     0.1082          5   5.357791     -0.506     2.7177   28.60778  -89.89738    213.474    186.835  209.17879  208.67875 1.3172e-01 2.3802e+01     50.987          1      34710    325.834    23.8069    23.8145    324.030   1446.208     2.8852     2.7350     4.9280     4.5433     0.0452     0.1807     2.8852          5  0.000e+00
      98.58     0.1082          5   5.357852     -2.027     2.7177   28.60778  -89.89738    213.470    186.829  209.17679  208.67675 1.3209e-01 2.3802e+01     50.903          1      34711    325.843    23.8074    23.8164    324.042   1446.250     2.8852     2.7350     4.9292     4.5433     0.0464     0.1807     2.8852          5  0.000e+00
      98.58     0.1082          5   5.357929      1.183     2.7177   28.60778  -89.89738    213.469    186.731  209.17425  208.67420 1.3172e-01 2.3803e+01     50.952          1      34712    325.867    23.8081    23.8156    324.064   1446.292     2.8852     2.7338     4.9292     4.5433     0.0452     0.1807     2.8852          5  0.000e+00
      98.58     0.1082          5   5.358013      0.000     2.7177   28.60778  -89.89738    213.465    186.735  209.17081  208.67074 1.3172e-01 2.3804e+01     50.952          1      34713    325.913    23.8092    23.8136    324.110   1446.333     2.8852     2.7338     4.9292     4.5433     0.0452     0.1807     2.8852          5  0.000e+00
      98.58     0.1082          5   5.358174     -1.689     2.7177   28.60778  -89.89738    213.459    186.730  209.16601  208.66593 1.3172e-01 2.3805e+01     50.882          1      34714    325.931    23.8105    23.8141    324.130   1446.375     2.8852     2.7338     4.9292     4.5433     0.0452     0.1807     2.8852          5  0.000e+00
      98.58     0.1082          5   5.358281      1.689     2.7177   28.60778  -89.89738    213.455    186.623  209.16060  208.66049 1.3209e-01 2.3807e+01     50.952          1      34715    326.032    23.8122    23.8166    324.228   1446.417     2.8852     2.7326     4.9292     4.5433     0.0464     0.1807     2.8852          5  0.000e+00
      98.58     0.1072          5   5.358442     -1.182     2.7177   28.60778  -89.89738    213.446    186.616  209.15316  208.65302 1.3172e-01 2.3810e+01     50.903          1      34716    326.146    23.8146    23.8190    324.344   1446.458     2.8852     2.7326     4.9292     4.5446     0.0452     0.1807     2.8852          5  0.000e+00
      98.58     0.1082          5   5.358557      0.000     2.7177   28.60778  -89.89738    213.439    186.511  209.14631  208.64614 1.3172e-01 2.3812e+01     50.903          1      34717    326.286    23.8169    23.8200    324.484   1446.500     2.8852     2.7314     4.9292     4.5433     0.0452     0.1807     2.8852          5  0.000e+00
      98.58     0.1082          5   5.358572     -0.506     2.7177   28.60778  -89.89738    213.328    186.613  209.14482  208.64463 1.3209e-01 2.3812e+01     50.882          1      34718    326.323    23.8175    23.8202    324.523   1446.542     2.8840     2.7326     4.9292     4.5433     0.0464     0.1807     2.8840          5  0.000e+00
      98.58     0.1072          5   5.358542     -0.675     2.7177   28.60778  -89.89738    213.331    186.508  209.14866  208.64850 1.3209e-01 2.3811e+01     50.853          1      34719    326.212    23.8160    23.8213    324.412   1446.583     2.8840     2.7314     4.9292     4.5446     0.0464     0.1807     2.8840          5  0.000e+00
      98.58     0.1908          6   5.423183      0.000     4.7629   28.60876  -89.89690    203.654    179.307  196.05848  195.54958 1.7280e+00 2.9122e+01      0.994          1      39047    735.229    29.1153    29.0746    735.395   1626.917     2.9414     2.7839     4.9292     4.4505     1.1587     0.2625     2.9414          6  0.000e+00
      98.56     0.1908          6   5.423068      2.363     4.7934   28.60876  -89.89690    203.570    179.298  196.07342  195.56442 1.8178e+00 2.9116e+01      1.093          1      39048    734.793    29.1092    29.0759    734.955   1626.958     2.9402     2.7839     4.9280     4.4505     1.1807     0.2637     2.9402          6  0.000e+00
      98.58     0.1897          6   5.422991     -2.362     4.7934   28.60876  -89.89690    203.686    179.278  196.08920  195.58011 1.8697e+00 2.9109e+01      0.994          1      39049    734.283    29.1025    29.0811    734.448   1627.000     2.9414     2.7839     4.9292     4.4518     1.1929     0.2637     2.9414          6  0.000e+00
      98.56     0.1908          6   5.422845      1.181     4.7629   28.60876  -89.89690    203.587    179.267  196.09083  195.58173 1.8749e+00 2.9109e+01      1.044          1      39050    734.344    29.1023    29.0868    734.507   1627.042     2.9402     2.7839     4.9280     4.4505     1.1941     0.2625     2.9402          6  0.000e+00
      98.56     0.1897          6   5.422698     -1.181     4.7629   28.60876  -89.89690    203.571    179.274  196.07648  195.56747 2.5335e+00 2.9116e+01      0.994          1      39051    734.969    29.1092    29.0848    735.134   1627.083     2.9402     2.7839     4.9280     4.4518     1.3248     0.2625     2.9402          6  0.000e+00
      98.58     0.1897          6   5.422460      1.350     4.7934   28.60876  -89.89690    203.570    179.304  196.07426  195.56527 3.2910e+00 2.9118e+01      1.051          1      39052    735.240    29.1111    29.0726    735.404   1627.125     2.9402     2.7839     4.9292     4.4518     1.4383     0.2637     2.9402          6  0.000e+00
      98.58     0.1897          6   5.421674     -2.700     4.7934   28.60876  -89.89690    203.593    179.327  196.09937  195.59023 3.4619e+00 2.9110e+01      0.938          1      39053    734.955    29.1029    29.0605    735.123   1627.167     2.9402     2.7839     4.9292     4.4518     1.4603     0.2637     2.9402          6  0.000e+00
      98.56     0.1908          6   5.420389      3.881     4.7934   28.60876  -89.89690    203.666    179.240  196.16553  195.65600 3.3096e+00 2.9085e+01      1.100          1      39054    733.617    29.0786    29.0572    733.778   1627.208     2.9402     2.7827     4.9280     4.4505     1.4408     0.2637     2.9402          6  0.000e+00
      98.58     0.1908          6   5.419472     -3.712     4.7934   28.60876  -89.89690    203.709    179.326  196.21065  195.70085 3.1729e+00 2.9069e+01      0.945          1      39055    732.718    29.0621    29.0605    732.885   1627.250     2.9402     2.7839     4.9292     4.4505     1.4225     0.2637     2.9402          6  0.000e+00
      98.58     0.1897          6   5.419511      1.181     4.7934   28.60876  -89.89690    203.704    179.314  196.20494  195.69517 3.1374e+00 2.9071e+01      0.994          1      39056    732.895    29.0645    29.0676    733.060   1627.292     2.9402     2.7839     4.9292     4.4518     1.4176     0.2637     2.9402          6  0.000e+00
      98.58     0.1908          6   5.419703      0.000     4.7934   28.60876  -89.89690    203.688    179.226  196.18975  195.68008 2.7721e+00 2.9077e+01      0.994          1      39057    733.285    29.0704    29.0644    733.451   1627.333     2.9402     2.7827     4.9292     4.4505     1.3639     0.2637     2.9402          6  0.000e+00
      98.58     0.1897          6   5.419111     -1.350     4.7934   28.60876  -89.89690    203.722    179.343  196.22386  195.71399 2.2512e+00 2.9064e+01      0.938          1      39058    732.531    29.0576    29.0545    732.699   1627.375     2.9402     2.7839     4.9292     4.4518     1.2735     0.2637     2.9402          6  0.000e+00
      98.58     0.1897          6   5.418279      1.350     4.7934   28.60876  -89.89690    203.767    179.364  196.26505  195.75493 2.1220e+00 2.9049e+01      0.994          1      39059    731.721    29.0426    29.0457    731.886   1627.417     2.9402     2.7839     4.9292     4.4518     1.2479     0.2637     2.9402          6  0.000e+00
      98.56     0.1897          6   5.417686     -2.362     4.7629   28.60876  -89.89690    203.682    179.374  196.28451  195.77428 1.9891e+00 2.9043e+01      0.896          1      39060    731.487    29.0362    29.0408    731.657   1627.458     2.9389     2.7839     4.9280     4.4518     1.2198     0.2625     2.9389          6  0.000e+00
      98.58     0.1897          6   5.417371      2.363     4.7934   28.60876  -89.89690    203.797    179.484  196.29421  195.78393 1.6848e+00 2.9040e+01      0.994          1      39061    731.397    29.0331    29.0357    731.563   1627.500     2.9402     2.7851     4.9292     4.4518     1.1477     0.2637     2.9402          6  0.000e+00
      98.58     0.1897          6   5.417263     -1.181     4.8239   28.60876  -89.89690    203.806    179.492  196.30437  195.79403 1.5837e+00 2.9036e+01      0.945          1      39062    731.116    29.0291    29.0320    731.284   1627.542     2.9402     2.7851     4.9292     4.4518     1.1209     0.2650     2.9402          6  0.000e+00
      98.58     0.1897          6   5.417140      1.181     4.8545   28.60876  -89.89690    203.712    179.494  196.31090  195.80052 1.8436e+00 2.9033e+01      0.994          1      39063    730.984    29.0267    29.0317    731.149   1627.583     2.9389     2.7851     4.9292     4.4518     1.1868     0.2662     2.9389          6  0.000e+00
      98.58     0.1908          6   5.417025     -3.543     4.8545   28.60876  -89.89690    203.711    179.486  196.31306  195.80267 3.6315e+00 2.9033e+01      0.847          1      39064    730.988    29.0261    29.0336    731.159   1627.625     2.9389     2.7851     4.9292     4.4505     1.4811     0.2662     2.9389          6  0.000e+00
      98.58     0.1897          6   5.416948      3.544     4.8850   28.60876  -89.89690    203.713    179.494  196.31206  195.80167 4.7974e+00 2.9034e+01      0.994          1      39065    731.095    29.0269    29.0323    731.260   1627.667     2.9389     2.7851     4.9292     4.4518     1.6020     0.2674     2.9389          6  0.000e+00
      98.58     0.1897          6   5.417078     -2.531     4.8850   28.60876  -89.89690    203.702    179.496  196.30382  195.79348 4.7839e+00 2.9037e+01      0.889          1      39066    731.278    29.0300    29.0309    731.448   1627.708     2.9389     2.7851     4.9292     4.4518     1.6007     0.2674     2.9389          6  0.000e+00
      98.58     0.1908          6   5.417417      1.350     4.8850   28.60876  -89.89690    203.689    179.500  196.28995  195.77969 4.3111e+00 2.9042e+01      0.945          1      39067    731.510    29.0348    29.0302    731.677   1627.750     2.9389     2.7851     4.9292     4.4505     1.5556     0.2674     2.9389          6  0.000e+00
      98.58     0.1908          6   5.417579     -1.350     4.8850   28.60876  -89.89690    203.665    179.500  196.26796  195.75783 4.1099e+00 2.9051e+01      0.889          1      39068    732.163    29.0439    29.0300    732.333   1627.792     2.9389     2.7851     4.9292     4.4505     1.5348     0.2674     2.9389          6  0.000e+00
      98.58     0.1919          6   5.417448     -1.012     4.8545   28.60876  -89.89690    203.565    179.399  196.27152  195.76137 4.0983e+00 2.9050e+01      0.847          1      39069    732.137    29.0428    29.0313    732.308   1627.833     2.9377     2.7839     4.9292     4.4493     1.5336     0.2662     2.9377          6  0.000e+00
      98.58     0.1919          6   5.416870      1.181     4.8850   28.60876  -89.89690    203.571    179.397  196.27554  195.76536 4.2629e+00 2.9050e+01      0.896          1      39070    732.453    29.0432    29.0324    732.622   1627.875     2.9377     2.7839     4.9292     4.4493     1.5507     0.2674     2.9377          6  0.000e+00
      98.56     0.1919          6   5.416278     -0.169     4.8850   28.60876  -89.89690    203.494    179.401  196.30082  195.79050 4.3722e+00 2.9041e+01      0.889          1      39071    732.018    29.0343    29.0306    732.188   1627.917     2.9365     2.7839     4.9280     4.4493     1.5617     0.2674     2.9365          6  0.000e+00
      98.58     0.1919          6   5.415985      0.169     4.8850   28.60876  -89.89690    203.510    179.404  196.31594  195.80554 4.3845e+00 2.9035e+01      0.896          1      39072    731.710    29.0287    29.0289    731.879   1627.958     2.9365     2.7839     4.9292     4.4493     1.5629     0.2674     2.9365          6  0.000e+00
      98.56     0.1919          6   5.415901     -1.349     4.8850   28.60876  -89.89690    203.512    179.406  196.31880  195.80838 2.8512e+00 2.9035e+01      0.840          1      39073    731.671    29.0277    29.0280    731.843   1628.000     2.9365     2.7839     4.9280     4.4493     1.3761     0.2674     2.9365          6  0.000e+00
      98.58     0.1919          6   5.416108      1.350     4.8545   28.60876  -89.89690    203.503    179.311  196.30896  195.79860 1.9947e+00 2.9038e+01      0.896          1      39074    731.862    29.0313    29.0278    732.031   1628.042     2.9365     2.7827     4.9292     4.4493     1.2210     0.2662     2.9365          6  0.000e+00
      98.56     0.1919          6   5.416301     -1.181     4.8545   28.60876  -89.89690    203.398    179.310  196.30733  195.79697 1.8749e+00 2.9038e+01      0.847          1      39075    731.765    29.0313    29.0280    731.936   1628.083     2.9353     2.7827     4.9280     4.4493     1.1941     0.2662     2.9353          6  0.000e+00
      98.58     0.1919          6   5.416424     -0.169     4.8850   28.60876  -89.89690    203.400    179.310  196.30969  195.79932 2.1340e+00 2.9037e+01      0.840          1      39076    731.583    29.0298    29.0284    731.754   1628.125     2.9353     2.7827     4.9292     4.4493     1.2503     0.2674     2.9353          6  0.000e+00
      98.58     0.1908          6   5.416470      0.169     4.8850   28.60876  -89.89690    203.398    179.213  196.30722  195.79686 2.4425e+00 2.9037e+01      0.847          1      39077    731.635    29.0307    29.0287    731.806   1628.167     2.9353     2.7814     4.9292     4.4505     1.3089     0.2674     2.9353          6  0.000e+00
      98.58     0.1919          6   5.416478     -0.169     4.8545   28.60876  -89.89690    203.292    179.114  196.30414  195.79380 2.5193e+00 2.9039e+01      0.840          1      39078    731.738    29.0321    29.0300    731.909   1628.208     2.9341     2.7802     4.9292     4.4493     1.3223     0.2662     2.9341          6  0.000e+00
      98.56     0.1919          6   5.416524     -1.181     4.8545   28.60876  -89.89690    203.291    179.207  196.30374  195.79340 2.6279e+00 2.9039e+01      0.791          1      39079    731.713    29.0321    29.0309    731.886   1628.250     2.9341     2.7814     4.9280     4.4493     1.3407     0.2662     2.9341          6  0.000e+00
      98.56     0.1919          6   5.416563      1.350     4.8545   28.60876  -89.89690    203.191    179.207  196.30474  195.79440 2.8352e+00 2.9038e+01      0.847          1      39080    731.650    29.0315    29.0315    731.821   1628.292     2.9328     2.7814     4.9280     4.4493     1.3736     0.2662     2.9328          6  0.000e+00
      98.58     0.1919          6   5.416586     -0.169     4.8850   28.60876  -89.89690    203.190    179.112  196.30408  195.79374 2.8916e+00 2.9038e+01      0.840          1      39081    731.655    29.0317    29.0312    731.826   1628.333     2.9328     2.7802     4.9292     4.4493     1.3822     0.2674     2.9328          6  0.000e+00
