tests/data/CTD/g01mcan03c.ros
* Sea-Bird SBE 9 Data File:
* FileName = D:\CTD DATA\2013\PE13-01 DiMarco\G01MCAN03C.hex
* Software Version Seasave V 7.21g
* Temperature SN = 4515
* Conductivity SN = 3079
* Number of Bytes Per Scan = 40
* Number of Voltage Words = 5
* Number of Scans Averaged by the Deck Unit = 1
* NMEA Latitude = 28 36.03 N
* NMEA Longitude = 089 54.01 W
* NMEA UTC (Time) = Jul 11 2012  09:10:34
* NMEA baud rate = 4800
# nquan = 31
# nvalues = 294                                   
# units = specified
# name 0 = altM: Altimeter [m]
# name 1 = bat: Beam Attenuation, Chelsea/Seatech [1/m]
# name 2 = bpos: Bottle Position in Carousel
# name 3 = c0S/m: Conductivity [S/m]
# name 4 = dz/dtM: Descent Rate [m/s]
# name 5 = wetCDOM: Fluorescence, WET Labs CDOM [mg/m^3]
# name 6 = latitude: Latitude [deg]
# name 7 = longitude: Longitude [deg]
# name 8 = sbeox0Mm/Kg: Oxygen, SBE 43 [umol/kg]
# name 9 = sbeox1Mm/Kg: Oxygen, SBE 43, 2 [umol/kg]
# name 10 = oxsolMm/Kg: Oxygen Saturation, Garcia & Gordon [umol/kg]
# name 11 = oxsatMm/Kg: Oxygen Saturation, Weiss [umol/kg]
# name 12 = par: PAR/Irradiance, Biospherical/Licor
# name 13 = pla: Plume Anomaly
# name 14 = prDM: Pressure, Digiquartz [db]
# name 15 = pumps: Pump Status
# name 16 = scan: Scan Count
# name 17 = sva: Specific Volume Anomaly [10^-8 * m^3/kg]
# name 18 = t090C: Temperature [ITS-90, deg C]
# name 19 = t190C: Temperature, 2 [ITS-90, deg C]
# name 20 = tsa: Thermosteric Anomaly [10^-8 * m^3/kg]
# name 21 = timeS: Time, Elapsed [seconds]
# name 22 = v0: Voltage 0
# name 23 = v1: Voltage 1
# name 24 = v2: Voltage 2
# name 25 = v3: Voltage 3
# name 26 = v4: Voltage 4
# name 27 = v5: Voltage 5
# name 28 = sbeox0V: Oxygen raw, SBE 43 [V]
# name 29 = nbf: Bottles Fired
# name 30 = flag:  0.000e+00
# interval = seconds: 0.0416667
# start_time = Jul 11 2012 09:10:34 [NMEA time, header]
# bad_flag = -9.990e-29
*END*
[from data line 94]
      98.71     0.0943          2   4.049948      0.000     3.4198   28.60558  -89.89852    124.126    105.690  263.03302  263.03661 1.3667e-01 1.1845e+01    302.953          1      22547    114.637    11.8815    11.8810    107.261    939.417     1.5702     1.4933     4.9353     4.5592     0.0611     0.2088     1.5702          2  0.000e+00
      98.71     0.0943          2   4.049948      0.170     3.4198   28.60558  -89.89852    123.984    105.690  263.03302  263.03662 1.3667e-01 1.1845e+01    302.960          1      22548    114.637    11.8815    11.8808    107.261    939.458     1.5690     1.4933     4.9353     4.5592     0.0611     0.2088     1.5690          2  0.000e+00
      98.71     0.0953          2   4.049955     -0.170     3.4198   28.60558  -89.89852    123.984    105.689  263.03321  263.03682 1.3628e-01 1.1845e+01    302.953          1      22549    114.624    11.8814    11.8812    107.249    939.500     1.5690     1.4933     4.9353     4.5580     0.0598     0.2088     1.5690          2  0.000e+00
      98.71     0.0953          2   4.049934      0.170     3.4198   28.60558  -89.89852    123.984    105.689  263.03390  263.03752 1.3667e-01 1.1845e+01    302.960          1      22550    114.632    11.8813    11.8812    107.256    939.542     1.5690     1.4933     4.9353     4.5580     0.0611     0.2088     1.5690          2  0.000e+00
      98.68     0.0889          3   4.293417      2.202     3.3587   28.60644  -89.89810    131.363    112.105  251.12637  250.98608 1.3590e-01 1.4015e+01    201.975          1      27535    129.277    14.0416    14.0424    123.703   1147.250     1.7021     1.6154     4.9341     4.5653     0.0586     0.2063     1.7021          3  0.000e+00
      98.68     0.0889          3   4.293396      0.000     3.3893   28.60644  -89.89810    131.363    112.105  251.12727  250.98700 1.3590e-01 1.4015e+01    201.975          1      27536    129.276    14.0414    14.0423    123.702   1147.292     1.7021     1.6154     4.9341     4.5653     0.0586     0.2076     1.7021          3  0.000e+00
      98.66     0.0889          3   4.293368 -6.706e-08     3.3587   28.60644  -89.89810    131.364    112.105  251.12773  250.98745 1.3590e-01 1.4015e+01    201.975          1      27537    129.296    14.0414    14.0420    123.722   1147.333     1.7021     1.6154     4.9328     4.5653     0.0586     0.2063     1.7021          3  0.000e+00
      98.68     0.0878          3   4.293355      1.525     3.3587   28.60644  -89.89810    131.365    112.107  251.12800  250.98772 1.3590e-01 1.4015e+01    202.039          1      27538    129.309    14.0414    14.0415    123.733   1147.375     1.7021     1.6154     4.9341     4.5665     0.0586     0.2063     1.7021          3  0.000e+00
      98.68     0.0889          3   4.293389     -1.525     3.3587   28.60644  -89.89810    131.363    112.230  251.12724  250.98696 1.3590e-01 1.4015e+01    201.975          1      27539    129.285    14.0415    14.0418    123.711   1147.417     1.7021     1.6166     4.9341     4.5653     0.0586     0.2063     1.7021          3  0.000e+00
      98.68     0.0889          3   4.293341      1.186     3.3587   28.60644  -89.89810    131.364    112.107  251.12766  250.98736 1.3590e-01 1.4015e+01    202.025          1      27540    129.332    14.0416    14.0415    123.757   1147.458     1.7021     1.6154     4.9341     4.5653     0.0586     0.2063     1.7021          3  0.000e+00
      98.68     0.0878          3   4.293382     -1.186     3.3587   28.60644  -89.89810    131.364    112.230  251.12806  250.98780 1.3590e-01 1.4015e+01    201.975          1      27541    129.271    14.0413    14.0416    123.697   1147.500     1.7021     1.6166     4.9341     4.5665     0.0586     0.2063     1.7021          3  0.000e+00
      98.68     0.0889          3   4.293341      1.525     3.3587   28.60644  -89.89810    131.499    112.230  251.12879  250.98852 1.3590e-01 1.4015e+01    202.039          1      27542    129.304    14.0413    14.0420    123.728   1147.542     1.7033     1.6166     4.9341     4.5653     0.0586     0.2063     1.7033          3  0.000e+00
      98.68     0.0889          3   4.293403     -1.525     3.3587   28.60644  -89.89810    131.229    112.229  251.12603  250.98573 1.3590e-01 1.4016e+01    201.975          1      27543    129.301    14.0418    14.0421    123.727   1147.583     1.7009     1.6166     4.9341     4.5653     0.0586     0.2063     1.7009          3  0.000e+00
      98.68     0.0889          3   4.293376      1.186     3.3587   28.60644  -89.89810    131.365    112.230  251.12821  250.98795 1.3628e-01 1.4015e+01    202.025          1      27544    129.279    14.0413    14.0422    123.704   1147.625     1.7021     1.6166     4.9341     4.5653     0.0598     0.2063     1.7021          3  0.000e+00
      98.68     0.0878          3   4.293361     -1.186     3.3587   28.60644  -89.89810    131.231    112.105  251.12953  250.98929 1.3590e-01 1.4015e+01    201.975          1      27545    129.256    14.0409    14.0420    123.682   1147.667     1.7009     1.6154     4.9341     4.5665     0.0586     0.2063     1.7009          3  0.000e+00
      98.68     0.0878          3   4.293271      0.339     3.3587   28.60644  -89.89810    131.366    112.105  251.13159  250.99135 1.3590e-01 1.4015e+01    201.989          1      27546    129.304    14.0408    14.0421    123.730   1147.708     1.7021     1.6154     4.9341     4.5665     0.0586     0.2063     1.7021          3  0.000e+00
      98.68     0.0878          3   4.293278     -0.339     3.3587   28.60644  -89.89810    131.366    112.105  251.13147  250.99123 1.3628e-01 1.4015e+01    201.975          1      27547    129.299    14.0408    14.0418    123.725   1147.750     1.7021     1.6154     4.9341     4.5665     0.0598     0.2063     1.7021          3  0.000e+00
      98.68     0.0878          3   4.293334      1.186     3.3587   28.60646  -89.89808    131.366    112.106  251.13002  250.98978 1.3590e-01 1.4015e+01    202.025          1      27548    129.278    14.0409    14.0419    123.703   1147.792     1.7021     1.6154     4.9341     4.5665     0.0586     0.2063     1.7021          3  0.000e+00
      98.68     0.0889          3   4.293306     -1.186     3.4198   28.60646  -89.89808    131.366    112.107  251.13143  250.99120 1.3590e-01 1.4015e+01    201.975          1      27549    129.269    14.0406    14.0416    123.695   1147.833     1.7021     1.6154     4.9341     4.5653     0.0586     0.2088     1.7021          3  0.000e+00
      98.68     0.0889          3   4.293278      1.525     3.4808   28.60646  -89.89808    131.367    112.108  251.13151  250.99127 1.3590e-01 1.4015e+01    202.039          1      27550    129.302    14.0408    14.0413    123.727   1147.875     1.7021     1.6154     4.9341     4.5653     0.0586     0.2112     1.7021          3  0.000e+00
      98.68     0.0878          3   4.293313     -0.339     3.5114   28.60646  -89.89808    131.366    112.232  251.13037  250.99012 1.3590e-01 1.4015e+01    202.025          1      27551    129.292    14.0409    14.0411    123.717   1147.917     1.7021     1.6166     4.9341     4.5665     0.0586     0.2125     1.7021          3  0.000e+00
      98.68     0.0878          3   4.293403     -1.186     3.5114   28.60646  -89.89808    131.364    112.106  251.12772  250.98746 1.3590e-01 1.4015e+01    201.975          1      27552    129.257    14.0413    14.0415    123.683   1147.958     1.7021     1.6154     4.9341     4.5665     0.0586     0.2125     1.7021          3  0.000e+00
      98.68     0.0889          3   4.293431      1.186     3.5114   28.60646  -89.89808    131.363    112.230  251.12561  250.98531 1.3590e-01 1.4016e+01    202.025          1      27553    129.285    14.0418    14.0419    123.709   1148.000     1.7021     1.6166     4.9341     4.5653     0.0586     0.2125     1.7021          3  0.000e+00
      98.68     0.0889          3   4.293459      0.339     3.5114   28.60646  -89.89808    131.364    112.231  251.12573  250.98544 1.3590e-01 1.4015e+01    202.039          1      27554    129.252    14.0416    14.0418    123.676   1148.042     1.7021     1.6166     4.9341     4.5653     0.0586     0.2125     1.7021          3  0.000e+00
      98.68     0.0889          3   4.293473     -0.339     3.5114   28.60646  -89.89808    131.363    112.231  251.12549  250.98521 1.3590e-01 1.4015e+01    202.025          1      27555    129.242    14.0416    14.0416    123.666   1148.083     1.7021     1.6166     4.9341     4.5653     0.0586     0.2125     1.7021          3  0.000e+00
      98.68     0.0878          3   4.293466      0.000     3.5114   28.60646  -89.89808    131.362    112.231  251.12391  250.98359 1.3590e-01 1.4016e+01    202.025          1      27556    129.290    14.0421    14.0416    123.715   1148.125     1.7021     1.6166     4.9341     4.5665     0.0586     0.2125     1.7021          3  0.000e+00
      98.68     0.0889          3   4.293473     -1.186     3.5114   28.60646  -89.89808    131.362    112.231  251.12433  250.98402 1.3590e-01 1.4016e+01    201.975          1      27557    129.268    14.0419    14.0416    123.694   1148.167     1.7021     1.6166     4.9341     4.5653     0.0586     0.2125     1.7021          3  0.000e+00
      98.68     0.0911          3   4.293466      1.525     3.5114   28.60646  -89.89808    131.363    112.231  251.12477  250.98447 1.3628e-01 1.4016e+01    202.039          1      27558    129.269    14.0419    14.0416    123.693   1148.208     1.7021     1.6166     4.9341     4.5629     0.0598     0.2125     1.7021          3  0.000e+00
      98.68     0.0911          3   4.293501     -0.339     3.5114   28.60646  -89.89808    131.361    112.229  251.12207  250.98173 1.3628e-01 1.4016e+01    202.025          1      27559    129.300    14.0425    14.0422    123.724   1148.250     1.7021     1.6166     4.9341     4.5629     0.0598     0.2125     1.7021          3  0.000e+00
      98.68     0.0921          3   4.293536     -1.186     3.5114   28.60646  -89.89808    131.495    112.228  251.12217  250.98185 1.3628e-01 1.4016e+01    201.975          1      27560    129.255    14.0423    14.0427    123.680   1148.292     1.7033     1.6166     4.9341     4.5617     0.0598     0.2125     1.7033          3  0.000e+00
      98.68     0.0921          3   4.293522      1.186     3.5114   28.60646  -89.89808    131.361    112.230  251.12173  250.98139 1.3590e-01 1.4016e+01    202.025          1      27561    129.285    14.0425    14.0423    123.710   1148.333     1.7021     1.6166     4.9341     4.5617     0.0586     0.2125     1.7021          3  0.000e+00
      98.68     0.0911          3   4.293557      0.339     3.5114   28.60646  -89.89808    131.361    112.231  251.12061  250.98026 1.3590e-01 1.4017e+01    202.039          1      27562    129.277    14.0426    14.0418    123.701   1148.375     1.7021     1.6166     4.9341     4.5629     0.0586     0.2125     1.7021          3  0.000e+00
      98.68     0.0921          3   4.293529     -0.339     3.5114   28.60646  -89.89808    131.361    112.231  251.12049  250.98013 1.3551e-01 1.4017e+01    202.025          1      27563    129.310    14.0428    14.0414    123.734   1148.417     1.7021     1.6166     4.9341     4.5617     0.0574     0.2125     1.7021          3  0.000e+00
      98.68     0.0921          3   4.293473 -6.706e-08     3.5114   28.60646  -89.89808    131.362    112.230  251.12323  250.98291 1.3590e-01 1.4016e+01    202.025          1      27564    129.300    14.0423    14.0418    123.725   1148.458     1.7021     1.6166     4.9341     4.5617     0.0586     0.2125     1.7021          3  0.000e+00
      98.66     0.0911          3   4.293417     -1.186     3.5114   28.60646  -89.89808    131.363    112.230  251.12580  250.98550 1.3590e-01 1.4016e+01    201.975          1      27565    129.292    14.0418    14.0418    123.717   1148.500     1.7021     1.6166     4.9328     4.5629     0.0586     0.2125     1.7021          3  0.000e+00
      98.68     0.0921          3   4.293362      1.525     3.5114   28.60646  -89.89808    131.364    112.230  251.12732  250.98703 1.3590e-01 1.4015e+01    202.039          1      27566    129.319    14.0416    14.0419    123.743   1148.542     1.7021     1.6166     4.9341     4.5617     0.0586     0.2125     1.7021          3  0.000e+00
      98.68     0.0911          3   4.293306     -0.339     3.5114   28.60646  -89.89808    131.366    112.229  251.12992  250.98966 1.3590e-01 1.4015e+01    202.025          1      27567    129.312    14.0411    14.0422    123.737   1148.583     1.7021     1.6166     4.9341     4.5629     0.0586     0.2125     1.7021          3  0.000e+00
      98.66     0.0921          3   4.293313 6.7055e-08     3.5114   28.60646  -89.89808    131.366    112.352  251.13079  250.99055 1.3590e-01 1.4015e+01    202.025          1      27568    129.281    14.0408    14.0428    123.706   1148.625     1.7021     1.6178     4.9328     4.5617     0.0586     0.2125     1.7021          3  0.000e+00
      98.68     0.0921          3   4.293355 -6.706e-08     3.5114   28.60646  -89.89808    131.365    112.229  251.12912  250.98886 1.3590e-01 1.4015e+01    202.025          1      27569    129.279    14.0411    14.0427    123.703   1148.667     1.7021     1.6166     4.9341     4.5617     0.0586     0.2125     1.7021          3  0.000e+00
      98.68     0.0911          3   4.293382      0.339     3.5114   28.60646  -89.89808    131.364    112.232  251.12642  250.98612 1.3590e-01 1.4016e+01    202.039          1      27570    129.319    14.0418    14.0415    123.743   1148.708     1.7021     1.6166     4.9341     4.5629     0.0586     0.2125     1.7021          3  0.000e+00
      98.68     0.0921          3   4.293396     -0.339     3.5114   28.60646  -89.89808    131.364    112.233  251.12674  250.98645 1.3590e-01 1.4015e+01    202.025          1      27571    129.294    14.0416    14.0409    123.719   1148.750     1.7021     1.6166     4.9341     4.5617     0.0586     0.2125     1.7021          3  0.000e+00
      98.66     0.0921          3   4.293390      1.186     3.5114   28.60646  -89.89808    131.365    112.234  251.12689  250.98660 1.3590e-01 1.4015e+01    202.074          1      27572    129.302    14.0416    14.0406    123.725   1148.792     1.7021     1.6166     4.9328     4.5617     0.0586     0.2125     1.7021          3  0.000e+00
      98.68     0.0921          3   4.293368     -2.371     3.5114   28.60646  -89.89808    131.498    112.356  251.12773  250.98745 1.3590e-01 1.4015e+01    201.975          1      27573    129.296    14.0414    14.0408    123.722   1148.833     1.7033     1.6178     4.9341     4.5617     0.0586     0.2125     1.7033          3  0.000e+00
      98.68     0.0921          3   4.293466      1.525     3.5114   28.60646  -89.89808    131.363    112.233  251.12449  250.98418 1.3590e-01 1.4016e+01    202.039          1      27574    129.277    14.0419    14.0408    123.701   1148.875     1.7021     1.6166     4.9341     4.5617     0.0586     0.2125     1.7021          3  0.000e+00
      98.68     0.0921          3   4.293536     -0.339     3.5114   28.60646  -89.89808    131.227    112.233  251.12221  250.98188 1.3628e-01 1.4016e+01    202.025          1      27575    129.257    14.0423    14.0410    123.682   1148.917     1.7009     1.6166     4.9341     4.5617     0.0598     0.2125     1.7009          3  0.000e+00
      98.68     0.0921          3   4.293543      1.186     3.5114   28.60646  -89.89808    131.362    112.233  251.12086  250.98051 1.3590e-01 1.4017e+01    202.074          1      27576    129.289    14.0426    14.0413    123.711   1148.958     1.7021     1.6166     4.9341     4.5617     0.0586     0.2125     1.7021          3  0.000e+00
