tests/data/CTD/pe1234test.ros
* Sea-Bird SBE 9 Data File:
* FileName = D:\CTD DATA\2013\PE13-01 DiMarco\pe1234test.hex
* Software Version Seasave V 7.21g
* Temperature SN = 4515
* Conductivity SN = 3079
* Number of Bytes Per Scan = 40
* Number of Voltage Words = 5
* Number of Scans Averaged by the Deck Unit = 1
* NMEA Latitude = 28 45.46 N
* NMEA Longitude = 089 06.26 W
* NMEA UTC (Time) = Jul 05 2012  16:08:04
* NMEA baud rate = 4800
# nquan = 31
# nvalues = 588                                   
# units = specified
# name 0 = altM: Altimeter [m]
# name 1 = bat: Beam Attenuation, Chelsea/Seatech [1/m]
# name 2 = bpos: Bottle Position in Carousel
# name 3 = c0S/m: Conductivity [S/m]
# name 4 = dz/dtM: Descent Rate [m/s]
# name 5 = wetCDOM: Fluorescence, WET Labs CDOM [mg/m^3]
# name 6 = latitude: Latitude [deg]
# name 7 = longitude: Longitude [deg]
# name 8 = sbeox0Mm/Kg: Oxygen, SBE 43 [umol/kg]
# name 9 = sbeox1Mm/Kg: Oxygen, SBE 43, 2 [umol/kg]
# name 10 = oxsolMm/Kg: Oxygen Saturation, Garcia & Gordon [umol/kg]
# name 11 = oxsatMm/Kg: Oxygen Saturation, Weiss [umol/kg]
# name 12 = par: PAR/Irradiance, Biospherical/Licor
# name 13 = pla: Plume Anomaly
# name 14 = prDM: Pressure, Digiquartz [db]
# name 15 = pumps: Pump Status
# name 16 = scan: Scan Count
# name 17 = sva: Specific Volume Anomaly [10^-8 * m^3/kg]
# name 18 = t090C: Temperature [ITS-90, deg C]
# name 19 = t190C: Temperature, 2 [ITS-90, deg C]
# name 20 = tsa: Thermosteric Anomaly [10^-8 * m^3/kg]
# name 21 = timeS: Time, Elapsed [seconds]
# name 22 = v0: Voltage 0
# name 23 = v1: Voltage 1
# name 24 = v2: Voltage 2
# name 25 = v3: Voltage 3
# name 26 = v4: Voltage 4
# name 27 = v5: Voltage 5
# name 28 = sbeox0V: Oxygen raw, SBE 43 [V]
# name 29 = nbf: Bottles Fired
# name 30 = flag:  0.000e+00
# interval = seconds: 0.0416667
# start_time = Jul 05 2012 16:08:04 [NMEA time, header]
# bad_flag = -9.990e-29
*END*
[from data line 188]
      33.48     0.0782          4   3.981832     -1.188     3.5114   28.76098  -89.09926    123.231    105.211  266.59386  266.64313 1.3667e-01 1.1232e+01    319.685          1      23933    110.761    11.2693    11.2686    103.309    997.167     1.5458     1.4737     1.6740     4.5775     0.0611     0.2125     1.5458          4  0.000e+00
      33.48     0.0782          4   3.981804      0.000     3.5114   28.76098  -89.09926    123.376    105.211  266.59404  266.64330 1.3667e-01 1.1232e+01    319.685          1      23934    110.788    11.2694    11.2688    103.337    997.208     1.5470     1.4737     1.6740     4.5775     0.0611     0.2125     1.5470          4  0.000e+00
      33.48     0.0782          4   3.981818      1.188     3.5114   28.76098  -89.09926    123.232    105.212  266.59382  266.64309 1.3667e-01 1.1232e+01    319.735          1      23935    110.781    11.2694    11.2689    103.329    997.250     1.5458     1.4737     1.6740     4.5775     0.0611     0.2125     1.5458          4  0.000e+00
      33.46     0.0782          4   3.981866     -1.188     3.5114   28.76098  -89.09926    123.231    105.211  266.59387  266.64317 1.3667e-01 1.1231e+01    319.685          1      23936    110.721    11.2691    11.2690    103.269    997.292     1.5458     1.4737     1.6728     4.5775     0.0611     0.2125     1.5458          4  0.000e+00
      33.48     0.0804          4   3.981818      0.000     3.5114   28.76098  -89.09926    123.231    105.211  266.59378  266.64305 1.3667e-01 1.1232e+01    319.685          1      23937    110.779    11.2694    11.2688    103.327    997.333     1.5458     1.4737     1.6740     4.5751     0.0611     0.2125     1.5458          4  0.000e+00
      33.46     0.0804          4   3.981818      0.000     3.5114   28.76098  -89.09926    123.231    105.211  266.59444  266.64372 1.3667e-01 1.1231e+01    319.685          1      23938    110.763    11.2692    11.2692    103.312    997.375     1.5458     1.4737     1.6728     4.5751     0.0611     0.2125     1.5458          4  0.000e+00
      33.48     0.0804          4   3.981804      0.000     3.5114   28.76098  -89.09926    123.231    105.211  266.59404  266.64330 1.3667e-01 1.1232e+01    319.685          1      23939    110.788    11.2694    11.2690    103.337    997.417     1.5458     1.4737     1.6740     4.5751     0.0611     0.2125     1.5458          4  0.000e+00
      33.55     0.0804          4   3.981852      0.000     3.5114   28.76098  -89.09926    123.231    105.211  266.59282  266.64208 1.3667e-01 1.1232e+01    319.685          1      23940    110.761    11.2695    11.2690    103.310    997.458     1.5458     1.4737     1.6777     4.5751     0.0611     0.2125     1.5458          4  0.000e+00
      33.38     0.0804          5   3.981764     -3.735     3.4198   28.76098  -89.09924    123.378    105.221  266.59681  266.64612 1.3628e-01 1.1231e+01    319.735          1      24058    110.775    11.2688    11.2648    103.322   1002.375     1.5470     1.4737     1.6691     4.5751     0.0598     0.2088     1.5470          5  0.000e+00
      33.38     0.0793          5   3.981845      1.188     3.4198   28.76098  -89.09924    123.233    105.218  266.59368  266.64296 1.3628e-01 1.1232e+01    319.785          1      24059    110.757    11.2693    11.2661    103.303   1002.417     1.5458     1.4737     1.6691     4.5763     0.0598     0.2088     1.5458          5  0.000e+00
      33.41     0.0793          5   3.981838      1.358     3.3893   28.76098  -89.09924    123.233    105.216  266.59353  266.64279 1.3628e-01 1.1232e+01    319.841          1      24060    110.772    11.2694    11.2673    103.317   1002.458     1.5458     1.4737     1.6703     4.5763     0.0598     0.2076     1.5458          5  0.000e+00
      33.41     0.0793          5   3.981832     -1.358     3.3893   28.76098  -89.09924    123.232    105.081  266.59230  266.64153 1.3628e-01 1.1232e+01    319.785          1      24061    110.805    11.2697    11.2678    103.351   1002.500     1.5458     1.4725     1.6703     4.5763     0.0598     0.2076     1.5458          5  0.000e+00
      33.38     0.0793          5   3.981804      0.000     3.3893   28.76098  -89.09924    123.233    105.213  266.59346  266.64271 1.3628e-01 1.1232e+01    319.785          1      24062    110.809    11.2695    11.2686    103.355   1002.542     1.5458     1.4737     1.6691     4.5763     0.0598     0.2076     1.5458          5  0.000e+00
      33.41     0.0793          5   3.981757     -2.377     3.3893   28.76098  -89.09924    123.232    105.079  266.59592  266.64519 1.3628e-01 1.1231e+01    319.686          1      24063    110.800    11.2691    11.2683    103.349   1002.583     1.5458     1.4725     1.6703     4.5763     0.0598     0.2076     1.5458          5  0.000e+00
      33.41     0.0804          5   3.981784      1.188     3.3893   28.76098  -89.09924    123.233    105.212  266.59643  266.64574 1.3628e-01 1.1231e+01    319.735          1      24064    110.760    11.2688    11.2686    103.307   1002.625     1.5458     1.4737     1.6703     4.5751     0.0598     0.2076     1.5458          5  0.000e+00
      33.41     0.0793          5   3.981771      1.188     3.3893   28.76098  -89.09924    123.234    105.079  266.59607  266.64536 1.3628e-01 1.1231e+01    319.785          1      24065    110.788    11.2690    11.2685    103.334   1002.667     1.5458     1.4725     1.6703     4.5763     0.0598     0.2076     1.5458          5  0.000e+00
      33.43     0.0782          5   3.981845     -1.188     3.3893   28.76098  -89.09924    123.232    105.212  266.59364  266.64292 1.3628e-01 1.1232e+01    319.735          1      24066    110.754    11.2693    11.2688    103.301   1002.708     1.5458     1.4737     1.6716     4.5775     0.0598     0.2076     1.5458          5  0.000e+00
      33.43     0.0793          5   3.981893      0.000     3.3893   28.76098  -89.09924    123.230    105.212  266.59062  266.63985 1.3628e-01 1.1232e+01    319.735          1      24067    110.769    11.2698    11.2687    103.316   1002.750     1.5458     1.4737     1.6716     4.5763     0.0598     0.2076     1.5458          5  0.000e+00
      33.43     0.0782          5   3.981906      0.000     3.3893   28.76098  -89.09924    123.230    105.212  266.58971  266.63892 1.3590e-01 1.1232e+01    319.735          1      24068    110.775    11.2700    11.2688    103.321   1002.792     1.5458     1.4737     1.6716     4.5775     0.0586     0.2076     1.5458          5  0.000e+00
      33.46     0.0793          5   3.981886     -1.188     3.3893   28.76098  -89.09924    123.229    105.212  266.58939  266.63859 1.3628e-01 1.1232e+01    319.686          1      24069    110.802    11.2702    11.2685    103.350   1002.833     1.5458     1.4737     1.6728     4.5763     0.0598     0.2076     1.5458          5  0.000e+00
      33.50     0.0782          5   3.981920      1.188     3.3893   28.76098  -89.09924    123.230    105.212  266.58912  266.63833 1.3628e-01 1.1232e+01    319.735          1      24070    110.772    11.2701    11.2688    103.319   1002.875     1.5458     1.4737     1.6752     4.5775     0.0598     0.2076     1.5458          5  0.000e+00
      33.50     0.0793          5   3.981940     -1.188     3.3893   28.76098  -89.09924    123.229    105.210  266.58903  266.63825 1.3628e-01 1.1232e+01    319.686          1      24071    110.747    11.2700    11.2692    103.295   1002.917     1.5458     1.4737     1.6752     4.5763     0.0598     0.2076     1.5458          5  0.000e+00
      33.50     0.0804          5   3.981886      0.000     3.3893   28.76098  -89.09924    123.229    105.344  266.59005  266.63926 1.3628e-01 1.1232e+01    319.686          1      24072    110.787    11.2700    11.2693    103.335   1002.958     1.5458     1.4750     1.6752     4.5751     0.0598     0.2076     1.5458          5  0.000e+00
      33.50     0.0793          5   3.981947      1.188     3.3893   28.76098  -89.09924    123.374    105.344  266.58861  266.63783 1.3628e-01 1.1232e+01    319.735          1      24073    110.752    11.2701    11.2695    103.299   1003.000     1.5470     1.4750     1.6752     4.5763     0.0598     0.2076     1.5470          5  0.000e+00
      33.50     0.0793          5   3.981920     -1.188     3.3893   28.76098  -89.09924    123.229    105.344  266.58875  266.63796 1.3628e-01 1.1232e+01    319.686          1      24074    110.777    11.2702    11.2693    103.325   1003.042     1.5458     1.4750     1.6752     4.5763     0.0598     0.2076     1.5458          5  0.000e+00
      33.50     0.0793          5   3.981906      0.000     3.3893   28.76098  -89.09924    123.229    105.344  266.59032  266.63955 1.3628e-01 1.1232e+01    319.686          1      24075    110.756    11.2698    11.2693    103.304   1003.083     1.5458     1.4750     1.6752     4.5763     0.0598     0.2076     1.5458          5  0.000e+00
      33.50     0.0793          5   3.981886      0.000     3.3893   28.76098  -89.09924    123.230    105.344  266.59070  266.63993 1.3628e-01 1.1232e+01    319.686          1      24076    110.771    11.2698    11.2693    103.319   1003.125     1.5458     1.4750     1.6752     4.5763     0.0598     0.2076     1.5458          5  0.000e+00
      33.50     0.0793          5   3.981872     -1.358     3.3893   28.76098  -89.09924    123.374    105.343  266.59108  266.64031 1.3590e-01 1.1232e+01    319.629          1      24077    110.774    11.2698    11.2695    103.324   1003.167     1.5470     1.4750     1.6752     4.5763     0.0586     0.2076     1.5470          5  0.000e+00
      33.50     0.0793          5   3.981893      1.358     3.3893   28.76098  -89.09924    123.230    105.343  266.59107  266.64031 1.3628e-01 1.1232e+01    319.686          1      24078    110.755    11.2697    11.2696    103.303   1003.208     1.5458     1.4750     1.6752     4.5763     0.0598     0.2076     1.5458          5  0.000e+00
      33.53     0.0793          5   3.981906      0.000     3.3893   28.76098  -89.09924    123.229    105.344  266.59032  266.63955 1.3628e-01 1.1232e+01    319.686          1      24079    110.756    11.2698    11.2695    103.304   1003.250     1.5458     1.4750     1.6764     4.5763     0.0598     0.2076     1.5458          5  0.000e+00
      33.55     0.0793          5   3.981927     -1.358     3.3893   28.76098  -89.09924    123.228    105.209  266.58924  266.63845 1.3590e-01 1.1232e+01    319.629          1      24080    110.754    11.2700    11.2693    103.303   1003.292     1.5458     1.4737     1.6777     4.5763     0.0586     0.2076     1.5458          5  0.000e+00
      33.53     0.0793          5   3.981940      1.358     3.3893   28.76098  -89.09924    123.228    105.343  266.58804  266.63724 1.3590e-01 1.1233e+01    319.686          1      24081    110.770    11.2703    11.2696    103.318   1003.333     1.5458     1.4750     1.6764     4.5763     0.0586     0.2076     1.5458          5  0.000e+00
      33.53     0.0793          5   3.981940     -1.358     3.3893   28.76098  -89.09924    123.227    105.209  266.58767  266.63686 1.3590e-01 1.1233e+01    319.629          1      24082    110.774    11.2704    11.2693    103.324   1003.375     1.5458     1.4737     1.6764     4.5763     0.0586     0.2076     1.5458          5  0.000e+00
      33.53     0.0782          5   3.981947      1.358     3.3587   28.76098  -89.09924    123.229    105.209  266.58824  266.63745 1.3628e-01 1.1232e+01    319.686          1      24083    110.757    11.2702    11.2698    103.305   1003.417     1.5458     1.4737     1.6764     4.5775     0.0598     0.2063     1.5458          5  0.000e+00
      33.53     0.0793          5   3.981913     -1.358     3.3587   28.76098  -89.09924    123.228    105.209  266.58851  266.63770 1.3628e-01 1.1233e+01    319.629          1      24084    110.787    11.2703    11.2696    103.336   1003.458     1.5458     1.4737     1.6764     4.5763     0.0598     0.2063     1.5458          5  0.000e+00
      33.55     0.0793          5   3.981927      1.358     3.3587   28.76098  -89.09924    123.228    105.209  266.58797  266.63716 1.3628e-01 1.1233e+01    319.686          1      24085    110.788    11.2704    11.2696    103.335   1003.500     1.5458     1.4737     1.6777     4.5763     0.0598     0.2063     1.5458          5  0.000e+00
      33.55     0.0793          5   3.981940     -1.358     3.3893   28.76098  -89.09924    123.372    105.208  266.58701  266.63619 1.3628e-01 1.1233e+01    319.629          1      24086    110.790    11.2705    11.2696    103.339   1003.542     1.5470     1.4737     1.6777     4.5763     0.0598     0.2076     1.5470          5  0.000e+00
      33.53     0.0804          5   3.981961      0.000     3.3587   28.76098  -89.09924    123.227    105.208  266.58794  266.63715 1.3628e-01 1.1232e+01    319.629          1      24087    110.744    11.2702    11.2698    103.293   1003.583     1.5458     1.4737     1.6764     4.5751     0.0598     0.2063     1.5458          5  0.000e+00
      33.53     0.0793          5   3.981947      1.358     3.3893   28.76098  -89.09924    123.228    105.209  266.58792  266.63711 1.3628e-01 1.1233e+01    319.686          1      24088    110.765    11.2703    11.2697    103.313   1003.625     1.5458     1.4737     1.6764     4.5763     0.0598     0.2076     1.5458          5  0.000e+00
      33.53     0.0793          5   3.981961     -1.358     3.3893   28.76098  -89.09924    123.083    105.208  266.58794  266.63715 1.3590e-01 1.1232e+01    319.629          1      24089    110.744    11.2702    11.2698    103.293   1003.667     1.5446     1.4737     1.6764     4.5763     0.0586     0.2076     1.5446          5  0.000e+00
      33.53     0.0793          5   3.981981      1.358     3.3893   28.76098  -89.09924    123.228    105.209  266.58695  266.63614 1.3590e-01 1.1233e+01    319.686          1      24090    110.748    11.2704    11.2698    103.296   1003.708     1.5458     1.4737     1.6764     4.5763     0.0586     0.2076     1.5458          5  0.000e+00
      33.53     0.0793          5   3.981927     -1.358     3.3893   28.76100  -89.09922    123.228    105.209  266.58825  266.63745 1.3590e-01 1.1233e+01    319.629          1      24091    110.777    11.2703    11.2696    103.326   1003.750     1.5458     1.4737     1.6764     4.5763     0.0586     0.2076     1.5458          5  0.000e+00
      33.53     0.0793          5   3.981954      0.000     3.3893   28.76100  -89.09922    123.228    105.208  266.58807  266.63728 1.3590e-01 1.1232e+01    319.629          1      24092    110.749    11.2702    11.2696    103.298   1003.792     1.5458     1.4737     1.6764     4.5763     0.0586     0.2076     1.5458          5  0.000e+00
      33.53     0.0793          5   3.981947      1.358     3.3587   28.76100  -89.09922    123.229    105.209  266.58890  266.63812 1.3590e-01 1.1232e+01    319.686          1      24093    110.742    11.2700    11.2695    103.290   1003.833     1.5458     1.4737     1.6764     4.5763     0.0586     0.2063     1.5458          5  0.000e+00
      33.53     0.0793          5   3.981913      0.000     3.3587   28.76100  -89.09922    123.229    105.209  266.58954  266.63875 1.3590e-01 1.1232e+01    319.686          1      24094    110.767    11.2700    11.2695    103.315   1003.875     1.5458     1.4737     1.6764     4.5763     0.0586     0.2063     1.5458          5  0.000e+00
