tests/data/CTD/pe1234test.ros
* Sea-Bird SBE 9 Data File:
* FileName = D:\CTD DATA\2013\PE13-01 DiMarco\pe1234test.hex
* Software Version Seasave V 7.21g
* Temperature SN = 4515
* Conductivity SN = 3079
* Number of Bytes Per Scan = 40
* Number of Voltage Words = 5
* Number of Scans Averaged by the Deck Unit = 1
* NMEA Latitude = 28 45.46 N
* NMEA Longitude = 089 06.26 W
* NMEA UTC (Time) = Jul 05 2012  16:08:04
* NMEA baud rate = 4800
# nquan = 31
# nvalues = 588                                   
# units = specified
# name 0 = altM: Altimeter [m]
# name 1 = bat: Beam Attenuation, Chelsea/Seatech [1/m]
# name 2 = bpos: Bottle Position in Carousel
# name 3 = c0S/m: Conductivity [S/m]
# name 4 = dz/dtM: Descent Rate [m/s]
# name 5 = wetCDOM: Fluorescence, WET Labs CDOM [mg/m^3]
# name 6 = latitude: Latitude [deg]
# name 7 = longitude: Longitude [deg]
# name 8 = sbeox0Mm/Kg: Oxygen, SBE 43 [umol/kg]
# name 9 = sbeox1Mm/Kg: Oxygen, SBE 43, 2 [umol/kg]
# name 10 = oxsolMm/Kg: Oxygen Saturation, Garcia & Gordon [umol/kg]
# name 11 = oxsatMm/Kg: Oxygen Saturation, Weiss [umol/kg]
# name 12 = par: PAR/Irradiance, Biospherical/Licor
# name 13 = pla: Plume Anomaly
# name 14 = prDM: Pressure, Digiquartz [db]
# name 15 = pumps: Pump Status
# name 16 = scan: Scan Count
# name 17 = sva: Specific Volume Anomaly [10^-8 * m^3/kg]
# name 18 = t090C: Temperature [ITS-90, deg C]
# name 19 = t190C: Temperature, 2 [ITS-90, deg C]
# name 20 = tsa: Thermosteric Anomaly [10^-8 * m^3/kg]
# name 21 = timeS: Time, Elapsed [seconds]
# name 22 = v0: Voltage 0
# name 23 = v1: Voltage 1
# name 24 = v2: Voltage 2
# name 25 = v3: Voltage 3
# name 26 = v4: Voltage 4
# name 27 = v5: Voltage 5
# name 28 = sbeox0V: Oxygen raw, SBE 43 [V]
# name 29 = nbf: Bottles Fired
# name 30 = flag:  0.000e+00
# interval = seconds: 0.0416667
# start_time = Jul 05 2012 16:08:04 [NMEA time, header]
# bad_flag = -9.990e-29
*END*
[from data line 328]
      33.80     0.0836          7   3.982884     -1.188     3.4198   28.76104  -89.09918    123.203    105.185  266.53953  266.58811 1.3474e-01 1.1241e+01    319.531          1      24430    110.790    11.2784    11.2790    103.337   1017.875     1.5458     1.4737     1.6899     4.5714     0.0549     0.2088     1.5458          7  0.000e+00
      33.80     0.0836          7   3.982911      1.188     3.4198   28.76104  -89.09918    123.203    105.186  266.53824  266.58680 1.3436e-01 1.1241e+01    319.580          1      24431    110.792    11.2786    11.2790    103.338   1017.917     1.5458     1.4737     1.6899     4.5714     0.0537     0.2088     1.5458          7  0.000e+00
      33.80     0.0836          7   3.982863      0.000     3.4198   28.76104  -89.09918    123.203    105.053  266.53864  266.58719 1.3474e-01 1.1241e+01    319.580          1      24432    110.839    11.2787    11.2786    103.384   1017.958     1.5458     1.4725     1.6899     4.5714     0.0549     0.2088     1.5458          7  0.000e+00
      33.80     0.0836          7   3.982822 -1.341e-07     3.4198   28.76104  -89.09918    123.205    105.054  266.54203  266.59063 1.3474e-01 1.1240e+01    319.580          1      24433    110.807    11.2780    11.2785    103.353   1018.000     1.5458     1.4725     1.6899     4.5714     0.0549     0.2088     1.5458          7  0.000e+00
      33.80     0.0836          7   3.982863      1.188     3.3893   28.76104  -89.09918    123.205    105.188  266.54048  266.58907 1.3436e-01 1.1241e+01    319.630          1      24434    110.799    11.2783    11.2783    103.344   1018.042     1.5458     1.4737     1.6899     4.5714     0.0537     0.2076     1.5458          7  0.000e+00
      33.82     0.0836          7   3.982809     -1.188     3.3893   28.76104  -89.09918    123.205    105.188  266.54294  266.59156 1.3474e-01 1.1240e+01    319.580          1      24435    110.801    11.2779    11.2783    103.347   1018.083     1.5458     1.4737     1.6911     4.5714     0.0549     0.2076     1.5458          7  0.000e+00
      33.82     0.0836          7   3.982829      1.188     3.4198   28.76104  -89.09918    123.350    105.189  266.54194  266.59055 1.3436e-01 1.1240e+01    319.630          1      24436    110.805    11.2780    11.2778    103.349   1018.125     1.5470     1.4737     1.6911     4.5714     0.0537     0.2088     1.5470          7  0.000e+00
      33.80     0.0836          7   3.982822      0.000     3.3893   28.76104  -89.09918    123.350    105.190  266.54207  266.59067 1.3436e-01 1.1240e+01    319.630          1      24437    110.810    11.2780    11.2776    103.354   1018.167     1.5470     1.4737     1.6899     4.5714     0.0537     0.2076     1.5470          7  0.000e+00
      33.80     0.0836          7   3.982836 -1.341e-07     3.3893   28.76104  -89.09918    123.206    105.190  266.54230  266.59092 1.3474e-01 1.1240e+01    319.630          1      24438    110.788    11.2779    11.2774    103.333   1018.208     1.5458     1.4737     1.6899     4.5714     0.0549     0.2076     1.5458          7  0.000e+00
      33.77     0.0836          7   3.982822      0.000     3.3893   28.76104  -89.09918    123.205    105.190  266.54141  266.59000 1.3474e-01 1.1240e+01    319.630          1      24439    110.825    11.2782    11.2774    103.370   1018.250     1.5458     1.4737     1.6886     4.5714     0.0549     0.2076     1.5458          7  0.000e+00
      33.75     0.0836          7   3.982761      1.358     3.3893   28.76104  -89.09918    123.208    105.191  266.54441  266.59303 1.3436e-01 1.1240e+01    319.686          1      24440    110.831    11.2777    11.2774    103.374   1018.292     1.5458     1.4737     1.6874     4.5714     0.0537     0.2076     1.5458          7  0.000e+00
      33.72     0.0836          7   3.982727      0.000     3.3893   28.76104  -89.09918    123.353    105.191  266.54685  266.59551 1.3436e-01 1.1240e+01    319.686          1      24441    110.813    11.2773    11.2773    103.357   1018.333     1.5470     1.4737     1.6862     4.5714     0.0537     0.2076     1.5470          7  0.000e+00
      33.72     0.0825          7   3.982632      0.000     3.3893   28.76104  -89.09918    123.211    105.191  266.55077  266.59947 1.3398e-01 1.1239e+01    319.686          1      24442    110.833    11.2767    11.2773    103.377   1018.375     1.5458     1.4737     1.6862     4.5726     0.0525     0.2076     1.5458          7  0.000e+00
      33.72     0.0825          7   3.982578      0.000     3.3893   28.76104  -89.09918    123.212    105.190  266.55359  266.60233 1.3474e-01 1.1238e+01    319.686          1      24443    110.830    11.2762    11.2778    103.375   1018.417     1.5458     1.4737     1.6862     4.5726     0.0549     0.2076     1.5458          7  0.000e+00
      33.70     0.0814          7   3.982619      0.000     3.3893   28.76104  -89.09918    123.357    105.190  266.55332  266.60207 1.3474e-01 1.1238e+01    319.686          1      24444    110.789    11.2761    11.2780    103.333   1018.458     1.5470     1.4737     1.6850     4.5739     0.0549     0.2076     1.5470          7  0.000e+00
      33.85     0.0836          8   3.982822     -3.735     3.3893   28.76106  -89.09916    123.203    105.188  266.54128  266.58987 1.3398e-01 1.1240e+01    319.474          1      24570    110.816    11.2782    11.2774    103.365   1023.708     1.5458     1.4737     1.6923     4.5714     0.0525     0.2076     1.5458          8  0.000e+00
      33.82     0.0836          8   3.982816      3.735     3.3893   28.76106  -89.09916    123.350    105.191  266.54154  266.59013 1.3398e-01 1.1240e+01    319.630          1      24571    110.830    11.2782    11.2771    103.375   1023.750     1.5470     1.4737     1.6911     4.5714     0.0525     0.2076     1.5470          8  0.000e+00
      33.85     0.0836          8   3.982816     -2.377     3.3893   28.76106  -89.09916    123.349    105.189  266.54195  266.59055 1.3398e-01 1.1240e+01    319.531          1      24572    110.813    11.2781    11.2774    103.360   1023.792     1.5470     1.4737     1.6923     4.5714     0.0525     0.2076     1.5470          8  0.000e+00
      33.85     0.0836          8   3.982843      1.188     3.4198   28.76106  -89.09916    123.205    105.189  266.54164  266.59025 1.3398e-01 1.1240e+01    319.580          1      24573    110.792    11.2780    11.2776    103.338   1023.833     1.5458     1.4737     1.6923     4.5714     0.0525     0.2088     1.5458          8  0.000e+00
      33.82     0.0836          8   3.982822      1.188     3.4198   28.76106  -89.09916    123.350    105.056  266.54207  266.59067 1.3398e-01 1.1240e+01    319.630          1      24574    110.810    11.2780    11.2776    103.354   1023.875     1.5470     1.4725     1.6911     4.5714     0.0525     0.2088     1.5470          8  0.000e+00
      33.82     0.0836          8   3.982816     -1.188     3.4198   28.76106  -89.09916    123.350    105.189  266.54265  266.59126 1.3398e-01 1.1240e+01    319.580          1      24575    110.800    11.2779    11.2778    103.346   1023.917     1.5470     1.4737     1.6911     4.5714     0.0525     0.2088     1.5470          8  0.000e+00
      33.85     0.0836          8   3.982816      1.188     3.3893   28.76106  -89.09916    123.350    105.190  266.54219  266.59080 1.3398e-01 1.1240e+01    319.630          1      24576    110.815    11.2780    11.2774    103.359   1023.958     1.5470     1.4737     1.6923     4.5714     0.0525     0.2076     1.5470          8  0.000e+00
      33.85     0.0836          8   3.982816     -1.188     3.3893   28.76106  -89.09916    123.350    105.056  266.54215  266.59076 1.3398e-01 1.1240e+01    319.580          1      24577    110.812    11.2780    11.2774    103.358   1024.000     1.5470     1.4725     1.6923     4.5714     0.0525     0.2076     1.5470          8  0.000e+00
      33.80     0.0836          8   3.982795      1.188     3.3893   28.76106  -89.09916    123.206    105.057  266.54323  266.59185 1.3398e-01 1.1240e+01    319.630          1      24578    110.814    11.2779    11.2773    103.359   1024.042     1.5458     1.4725     1.6899     4.5714     0.0525     0.2076     1.5458          8  0.000e+00
      33.77     0.0836          8   3.982782 -1.341e-07     3.3893   28.76106  -89.09916    123.351    105.058  266.54332  266.59194 1.3398e-01 1.1240e+01    319.630          1      24579    110.828    11.2779    11.2770    103.373   1024.083     1.5470     1.4725     1.6886     4.5714     0.0525     0.2076     1.5470          8  0.000e+00
      33.75     0.0836          8   3.982782 1.3411e-07     3.3893   28.76106  -89.09916    123.207    105.192  266.54398  266.59261 1.3398e-01 1.1240e+01    319.630          1      24580    110.813    11.2777    11.2768    103.357   1024.125     1.5458     1.4737     1.6874     4.5714     0.0525     0.2076     1.5458          8  0.000e+00
      33.77     0.0836          8   3.982782      1.358     3.4198   28.76106  -89.09916    123.352    105.192  266.54403  266.59265 1.3398e-01 1.1240e+01    319.686          1      24581    110.816    11.2777    11.2771    103.359   1024.167     1.5470     1.4737     1.6886     4.5714     0.0525     0.2088     1.5470          8  0.000e+00
      33.75     0.0846          8   3.982727     -1.358     3.3893   28.76106  -89.09916    123.208    105.191  266.54615  266.59480 1.3436e-01 1.1240e+01    319.630          1      24582    110.825    11.2774    11.2770    103.370   1024.208     1.5458     1.4737     1.6874     4.5702     0.0537     0.2076     1.5458          8  0.000e+00
      33.75     0.0814          8   3.982680 1.3411e-07     3.4198   28.76106  -89.09916    123.353    105.191  266.54852  266.59719 1.3398e-01 1.1239e+01    319.630          1      24583    110.825    11.2770    11.2770    103.371   1024.250     1.5470     1.4737     1.6874     4.5739     0.0525     0.2088     1.5470          8  0.000e+00
      33.75     0.0793          8   3.982653      1.358     3.3893   28.76106  -89.09916    123.355    105.191  266.54973  266.59842 1.3398e-01 1.1239e+01    319.686          1      24584    110.833    11.2769    11.2773    103.377   1024.292     1.5470     1.4737     1.6874     4.5763     0.0525     0.2076     1.5470          8  0.000e+00
      33.72     0.0793          8   3.982612      0.000     3.3893   28.76106  -89.09916    123.356    105.193  266.55213  266.60086 1.3398e-01 1.1239e+01    319.686          1      24585    110.824    11.2764    11.2766    103.369   1024.333     1.5470     1.4737     1.6862     4.5763     0.0525     0.2076     1.5470          8  0.000e+00
      33.75     0.0793          8   3.982605      0.000     3.3893   28.76106  -89.09916    123.356    105.196  266.55308  266.60182 1.3398e-01 1.1238e+01    319.686          1      24586    110.810    11.2762    11.2756    103.355   1024.375     1.5470     1.4737     1.6874     4.5763     0.0525     0.2076     1.5470          8  0.000e+00
      33.72     0.0804          8   3.982687      0.000     3.3893   28.76106  -89.09916    123.355    105.197  266.54975  266.59846 1.3398e-01 1.1239e+01    319.686          1      24587    110.793    11.2767    11.2748    103.337   1024.417     1.5470     1.4737     1.6862     4.5751     0.0525     0.2076     1.5470          8  0.000e+00
      33.70     0.0793          8   3.982734 -1.341e-07     3.3893   28.76106  -89.09916    123.354    105.198  266.54738  266.59606 1.3398e-01 1.1239e+01    319.686          1      24588    110.793    11.2771    11.2743    103.337   1024.458     1.5470     1.4737     1.6850     4.5763     0.0525     0.2076     1.5470          8  0.000e+00
      33.68     0.0804          8   3.982721      1.188     3.3893   28.76106  -89.09916    123.355    105.066  266.54784  266.59652 1.3398e-01 1.1239e+01    319.736          1      24589    110.802    11.2770    11.2740    103.344   1024.500     1.5470     1.4725     1.6838     4.5751     0.0525     0.2076     1.5470          8  0.000e+00
      33.68     0.0793          8   3.982666     -1.188     3.3893   28.76106  -89.09916    123.355    105.066  266.55062  266.59934 1.3398e-01 1.1239e+01    319.686          1      24590    110.796    11.2766    11.2736    103.340   1024.542     1.5470     1.4725     1.6838     4.5763     0.0525     0.2076     1.5470          8  0.000e+00
      33.70     0.0804          8   3.982565      0.000     3.3893   28.76106  -89.09916    123.213    105.198  266.55516  266.60393 1.3398e-01 1.1238e+01    319.686          1      24591    110.809    11.2759    11.2743    103.354   1024.583     1.5458     1.4737     1.6850     4.5751     0.0525     0.2076     1.5458          8  0.000e+00
      33.70     0.0793          8   3.982510      1.188     3.3893   28.76106  -89.09916    123.360    105.197  266.55851  266.60733 1.3360e-01 1.1238e+01    319.736          1      24592    110.798    11.2753    11.2751    103.342   1024.625     1.5470     1.4737     1.6850     4.5763     0.0513     0.2076     1.5470          8  0.000e+00
      33.72     0.0793          8   3.982470     -1.188     3.3893   28.76106  -89.09916    123.360    105.199  266.56006  266.60889 1.3398e-01 1.1237e+01    319.686          1      24593    110.806    11.2750    11.2743    103.351   1024.667     1.5470     1.4737     1.6862     4.5763     0.0525     0.2076     1.5470          8  0.000e+00
      33.72     0.0793          8   3.982436      1.188     3.3893   28.76106  -89.09916    123.362    105.200  266.56270  266.61158 1.3398e-01 1.1237e+01    319.736          1      24594    110.787    11.2745    11.2738    103.331   1024.708     1.5470     1.4737     1.6862     4.5763     0.0525     0.2076     1.5470          8  0.000e+00
      33.72     0.0804          8   3.982375 1.3411e-07     3.3587   28.76106  -89.09916    123.218    105.200  266.56483  266.61372 1.3398e-01 1.1237e+01    319.736          1      24595    110.809    11.2743    11.2736    103.353   1024.750     1.5458     1.4737     1.6862     4.5751     0.0525     0.2063     1.5458          8  0.000e+00
      33.70     0.0804          8   3.982341      0.000     3.3587   28.76106  -89.09916    123.364    105.200  266.56760  266.61654 1.3398e-01 1.1236e+01    319.736          1      24596    110.784    11.2737    11.2740    103.328   1024.792     1.5470     1.4737     1.6850     4.5751     0.0525     0.2063     1.5470          8  0.000e+00
      33.70     0.0804          8   3.982354     -1.188     3.3587   28.76106  -89.09916    123.218    105.200  266.56600  266.61490 1.3398e-01 1.1236e+01    319.686          1      24597    110.802    11.2740    11.2738    103.347   1024.833     1.5458     1.4737     1.6850     4.5751     0.0525     0.2063     1.5458          8  0.000e+00
      33.68     0.0793          8   3.982334      1.188     3.3587   28.76106  -89.09916    123.364    105.201  266.56839  266.61734 1.3436e-01 1.1236e+01    319.736          1      24598    110.773    11.2735    11.2735    103.318   1024.875     1.5470     1.4737     1.6838     4.5763     0.0537     0.2063     1.5470          8  0.000e+00
      33.68     0.0804          8   3.982300      1.188     3.3893   28.76106  -89.09916    123.221    105.203  266.56874  266.61768 1.3398e-01 1.1236e+01    319.785          1      24599    110.808    11.2736    11.2730    103.352   1024.917     1.5458     1.4737     1.6838     4.5751     0.0525     0.2076     1.5458          8  0.000e+00
      33.68     0.0804          8   3.982341     -1.188     3.3587   28.76106  -89.09916    123.364    105.202  266.56826  266.61721 1.3398e-01 1.1236e+01    319.736          1      24600    110.768    11.2735    11.2730    103.313   1024.958     1.5470     1.4737     1.6838     4.5751     0.0525     0.2063     1.5470          8  0.000e+00
