tests/data/CTD/pe1234test.ros
* Sea-Bird SBE 9 Data File:
* FileName = D:\CTD DATA\2013\PE13-01 DiMarco\pe1234test.hex
* Software Version Seasave V 7.21g
* Temperature SN = 4515
* Conductivity SN = 3079
* Number of Bytes Per Scan = 40
* Number of Voltage Words = 5
* Number of Scans Averaged by the Deck Unit = 1
* NMEA Latitude = 28 45.46 N
* NMEA Longitude = 089 06.26 W
* NMEA UTC (Time) = Jul 05 2012  16:08:04
* NMEA baud rate = 4800
# nquan = 31
# nvalues = 588                                   
# units = specified
# name 0 = altM: Altimeter [m]
# name 1 = bat: Beam Attenuation, Chelsea/Seatech [1/m]
# name 2 = bpos: Bottle Position in Carousel
# name 3 = c0S/m: Conductivity [S/m]
# name 4 = dz/dtM: Descent Rate [m/s]
# name 5 = wetCDOM: Fluorescence, WET Labs CDOM [mg/m^3]
# name 6 = latitude: Latitude [deg]
# name 7 = longitude: Longitude [deg]
# name 8 = sbeox0Mm/Kg: Oxygen, SBE 43 [umol/kg]
# name 9 = sbeox1Mm/Kg: Oxygen, SBE 43, 2 [umol/kg]
# name 10 = oxsolMm/Kg: Oxygen Saturation, Garcia & Gordon [umol/kg]
# name 11 = oxsatMm/Kg: Oxygen Saturation, Weiss [umol/kg]
# name 12 = par: PAR/Irradiance, Biospherical/Licor
# name 13 = pla: Plume Anomaly
# name 14 = prDM: Pressure, Digiquartz [db]
# name 15 = pumps: Pump Status
# name 16 = scan: Scan Count
# name 17 = sva: Specific Volume Anomaly [10^-8 * m^3/kg]
# name 18 = t090C: Temperature [ITS-90, deg C]
# name 19 = t190C: Temperature, 2 [ITS-90, deg C]
# name 20 = tsa: Thermosteric Anomaly [10^-8 * m^3/kg]
# name 21 = timeS: Time, Elapsed [seconds]
# name 22 = v0: Voltage 0
# name 23 = v1: Voltage 1
# name 24 = v2: Voltage 2
# name 25 = v3: Voltage 3
# name 26 = v4: Voltage 4
# name 27 = v5: Voltage 5
# name 28 = sbeox0V: Oxygen raw, SBE 43 [V]
# name 29 = nbf: Bottles Fired
# name 30 = flag:  0.000e+00
# interval = seconds: 0.0416667
# start_time = Jul 05 2012 16:08:04 [NMEA time, header]
# bad_flag = -9.990e-29
*END*
[from data line 94]
      33.16     0.0793          2   3.980916      0.000     3.4503   28.76082  -89.09944    123.262    105.239  266.64345  266.69337 1.3902e-01 1.1223e+01    320.149          1      22922    110.708    11.2608    11.2597    103.250    955.042     1.5458     1.4737     1.6581     4.5763     0.0684     0.2100     1.5458          2  0.000e+00
      33.16     0.0793          2   3.980922      0.000     3.4503   28.76082  -89.09944    123.407    105.238  266.64382  266.69375 1.3942e-01 1.1223e+01    320.149          1      22923    110.691    11.2607    11.2598    103.233    955.083     1.5470     1.4737     1.6581     4.5763     0.0696     0.2100     1.5470          2  0.000e+00
      33.14     0.0793          2   3.980895     -1.358     3.3893   28.76082  -89.09944    123.262    105.235  266.64444  266.69438 1.3942e-01 1.1223e+01    320.093          1      22924    110.704    11.2607    11.2607    103.247    955.125     1.5458     1.4737     1.6569     4.5763     0.0696     0.2076     1.5458          2  0.000e+00
      33.14     0.0804          2   3.980861      1.358     3.3587   28.76082  -89.09944    123.263    105.234  266.64628  266.69624 1.3902e-01 1.1223e+01    320.149          1      22925    110.705    11.2603    11.2617    103.247    955.167     1.5458     1.4737     1.6569     4.5751     0.0684     0.2063     1.5458          2  0.000e+00
      33.02     0.0804          3   3.981404      1.188     3.4198   28.76082  -89.09942    123.249    105.227  266.61732  266.66690 1.3863e-01 1.1228e+01    320.093          1      23080    110.743    11.2653    11.2642    103.284    961.625     1.5458     1.4737     1.6508     4.5751     0.0672     0.2088     1.5458          3  0.000e+00
      32.99     0.0814          3   3.981438      1.358     3.4503   28.76082  -89.09942    123.104    105.227  266.61591  266.66547 1.3902e-01 1.1228e+01    320.149          1      23081    110.740    11.2655    11.2645    103.280    961.667     1.5446     1.4737     1.6496     4.5739     0.0684     0.2100     1.5446          3  0.000e+00
      32.99     0.0814          3   3.981391 1.3411e-07     3.4198   28.76082  -89.09942    122.960    105.227  266.61615  266.66569 1.3902e-01 1.1228e+01    320.149          1      23082    110.790    11.2657    11.2648    103.330    961.708     1.5433     1.4737     1.6496     4.5739     0.0684     0.2088     1.5433          3  0.000e+00
      32.99     0.0814          3   3.981431     -1.358     3.4198   28.76084  -89.09940    123.103    105.226  266.61533  266.66488 1.3902e-01 1.1228e+01    320.093          1      23083    110.758    11.2657    11.2650    103.298    961.750     1.5446     1.4737     1.6496     4.5739     0.0684     0.2088     1.5446          3  0.000e+00
      33.02     0.0804          3   3.981418      0.000     3.4198   28.76084  -89.09940    123.248    105.225  266.61641  266.66597 1.3902e-01 1.1228e+01    320.093          1      23084    110.748    11.2655    11.2650    103.289    961.792     1.5458     1.4737     1.6508     4.5751     0.0684     0.2088     1.5458          3  0.000e+00
      33.02     0.0804          3   3.981411      1.358     3.3893   28.76084  -89.09940    123.249    105.226  266.61707  266.66665 1.3902e-01 1.1228e+01    320.149          1      23085    110.745    11.2653    11.2650    103.284    961.833     1.5458     1.4737     1.6508     4.5751     0.0684     0.2076     1.5458          3  0.000e+00
      33.04     0.0814          3   3.981411     -2.546     3.3587   28.76084  -89.09940    123.103    105.225  266.61699  266.66656 1.3902e-01 1.1228e+01    320.043          1      23086    110.739    11.2653    11.2650    103.281    961.875     1.5446     1.4737     1.6520     4.5739     0.0684     0.2063     1.5446          3  0.000e+00
      33.04     0.0814          3   3.981391 1.3411e-07     3.3282   28.76084  -89.09940    123.103    105.224  266.61737  266.66694 1.3902e-01 1.1228e+01    320.043          1      23087    110.754    11.2653    11.2652    103.296    961.917     1.5446     1.4737     1.6520     4.5739     0.0684     0.2051     1.5446          3  0.000e+00
      33.06     0.0814          3   3.981377      1.188     3.3282   28.76084  -89.09940    123.104    105.225  266.61783  266.66741 1.3863e-01 1.1228e+01    320.093          1      23088    110.763    11.2653    11.2650    103.304    961.958     1.5446     1.4737     1.6532     4.5739     0.0672     0.2051     1.5446          3  0.000e+00
      33.04     0.0814          3   3.981377      0.000     3.3282   28.76084  -89.09940    123.105    105.226  266.61947  266.66909 1.3863e-01 1.1227e+01    320.093          1      23089    110.724    11.2649    11.2646    103.265    962.000     1.5446     1.4737     1.6520     4.5739     0.0672     0.2051     1.5446          3  0.000e+00
      33.11     0.0814          3   3.981377     -1.188     3.3282   28.76084  -89.09940    123.104    105.225  266.61877  266.66837 1.3902e-01 1.1227e+01    320.043          1      23090    110.737    11.2650    11.2648    103.279    962.042     1.5446     1.4737     1.6557     4.5739     0.0684     0.2051     1.5446          3  0.000e+00
      33.16     0.0804          3   3.981377      1.188     3.3587   28.76084  -89.09940    123.249    105.225  266.61881  266.66841 1.3902e-01 1.1227e+01    320.093          1      23091    110.740    11.2650    11.2653    103.281    962.083     1.5458     1.4737     1.6581     4.5751     0.0684     0.2063     1.5458          3  0.000e+00
      33.16     0.0804          3   3.981397     -1.188     3.3282   28.76084  -89.09940    123.248    105.090  266.61806  266.66766 1.3902e-01 1.1227e+01    320.043          1      23092    110.730    11.2651    11.2657    103.272    962.125     1.5458     1.4725     1.6581     4.5751     0.0684     0.2051     1.5458          3  0.000e+00
      33.16     0.0804          3   3.981384 1.3411e-07     3.3282   28.76084  -89.09940    123.248    105.089  266.61799  266.66757 1.3863e-01 1.1227e+01    320.043          1      23093    110.747    11.2652    11.2657    103.289    962.167     1.5458     1.4725     1.6581     4.5751     0.0672     0.2051     1.5458          3  0.000e+00
      33.14     0.0804          3   3.981357 -1.341e-07     3.3282   28.76084  -89.09940    123.104    105.223  266.61850  266.66808 1.3902e-01 1.1227e+01    320.043          1      23094    110.767    11.2652    11.2657    103.309    962.208     1.5446     1.4737     1.6569     4.5751     0.0684     0.2051     1.5446          3  0.000e+00
      33.19     0.0804          3   3.981343      0.000     3.3282   28.76084  -89.09940    123.250    105.089  266.62072  266.67035 1.3863e-01 1.1227e+01    320.043          1      23095    110.731    11.2647    11.2657    103.273    962.250     1.5458     1.4725     1.6593     4.5751     0.0672     0.2051     1.5458          3  0.000e+00
      33.16     0.0804          3   3.981289      0.000     3.3282   28.76084  -89.09940    123.250    105.090  266.62256  266.67220 1.3863e-01 1.1227e+01    320.043          1      23096    110.751    11.2645    11.2657    103.294    962.292     1.5458     1.4725     1.6581     4.5751     0.0672     0.2051     1.5458          3  0.000e+00
      33.19     0.0804          3   3.981214      1.188     3.3282   28.76084  -89.09940    123.253    105.091  266.62565  266.67532 1.3902e-01 1.1226e+01    320.093          1      23097    110.770    11.2640    11.2653    103.312    962.333     1.5458     1.4725     1.6593     4.5751     0.0684     0.2051     1.5458          3  0.000e+00
      33.16     0.0814          3   3.981255     -2.377     3.3282   28.76084  -89.09940    123.251    105.224  266.62611  266.67582 1.3863e-01 1.1226e+01    319.994          1      23098    110.704    11.2637    11.2652    103.248    962.375     1.5458     1.4737     1.6581     4.5739     0.0672     0.2051     1.5458          3  0.000e+00
      33.19     0.0804          3   3.981350      1.188     3.3282   28.76084  -89.09940    123.105    105.226  266.62060  266.67022 1.3863e-01 1.1227e+01    320.043          1      23099    110.726    11.2647    11.2648    103.268    962.417     1.5446     1.4737     1.6593     4.5751     0.0672     0.2051     1.5446          3  0.000e+00
      33.21     0.0804          3   3.981458     -1.188     3.3587   28.76084  -89.09940    123.246    105.226  266.61491  266.66446 1.3863e-01 1.1228e+01    319.994          1      23100    110.728    11.2656    11.2643    103.271    962.458     1.5458     1.4737     1.6606     4.5751     0.0672     0.2063     1.5458          3  0.000e+00
      33.21     0.0804          3   3.981533      1.188     3.3282   28.76084  -89.09940    123.245    105.226  266.61141  266.66092 1.3902e-01 1.1228e+01    320.043          1      23101    110.727    11.2662    11.2646    103.268    962.500     1.5458     1.4737     1.6606     4.5751     0.0684     0.2051     1.5458          3  0.000e+00
      33.21     0.0814          3   3.981560     -1.188     3.3282   28.76084  -89.09940    123.099    105.223  266.60971  266.65920 1.3902e-01 1.1229e+01    319.994          1      23102    110.731    11.2665    11.2653    103.273    962.542     1.5446     1.4737     1.6606     4.5739     0.0684     0.2051     1.5446          3  0.000e+00
      33.19     0.0814          3   3.981553      0.000     3.3282   28.76084  -89.09940    123.099    105.223  266.60935  266.65882 1.3863e-01 1.1229e+01    319.994          1      23103    110.747    11.2666    11.2655    103.290    962.583     1.5446     1.4737     1.6593     4.5739     0.0672     0.2051     1.5446          3  0.000e+00
      33.21     0.0804          3   3.981526      0.000     3.3282   28.76084  -89.09940    123.244    105.089  266.60969  266.65916 1.3863e-01 1.1229e+01    319.994          1      23104    110.771    11.2667    11.2657    103.314    962.625     1.5458     1.4725     1.6606     4.5751     0.0672     0.2051     1.5458          3  0.000e+00
      33.21     0.0814          3   3.981520      1.188     3.3282   28.76084  -89.09940    123.100    105.089  266.61101  266.66050 1.3863e-01 1.1229e+01    320.043          1      23105    110.752    11.2664    11.2658    103.293    962.667     1.5446     1.4725     1.6606     4.5739     0.0672     0.2051     1.5446          3  0.000e+00
      33.19     0.0814          3   3.981520     -1.188     3.3282   28.76084  -89.09940    123.099    105.088  266.60916  266.65862 1.3863e-01 1.1229e+01    319.994          1      23106    110.791    11.2669    11.2660    103.334    962.708     1.5446     1.4725     1.6593     4.5739     0.0672     0.2051     1.5446          3  0.000e+00
      33.19     0.0804          3   3.981520 1.3411e-07     3.3282   28.76084  -89.09940    123.244    105.089  266.61130  266.66080 1.3863e-01 1.1229e+01    319.994          1      23107    110.741    11.2663    11.2658    103.284    962.750     1.5458     1.4725     1.6593     4.5751     0.0672     0.2051     1.5458          3  0.000e+00
      33.21     0.0804          3   3.981465 1.3411e-07     3.3282   28.76084  -89.09940    123.246    105.088  266.61396  266.66349 1.3863e-01 1.1228e+01    319.994          1      23108    110.743    11.2659    11.2660    103.286    962.792     1.5458     1.4725     1.6606     4.5751     0.0672     0.2051     1.5458          3  0.000e+00
      33.21     0.0814          3   3.981458      0.000     3.3282   28.76084  -89.09940    123.101    105.088  266.61408  266.66362 1.3863e-01 1.1228e+01    319.994          1      23109    110.748    11.2659    11.2663    103.291    962.833     1.5446     1.4725     1.6606     4.5739     0.0672     0.2051     1.5446          3  0.000e+00
      33.21     0.0804          3   3.981479      0.000     3.3282   28.76084  -89.09940    123.245    105.088  266.61370  266.66324 1.3863e-01 1.1228e+01    319.994          1      23110    110.733    11.2659    11.2658    103.276    962.875     1.5458     1.4725     1.6606     4.5751     0.0672     0.2051     1.5458          3  0.000e+00
      33.19     0.0804          3   3.981506      0.000     3.3282   28.76084  -89.09940    123.244    105.223  266.61155  266.66105 1.3863e-01 1.1229e+01    319.994          1      23111    110.751    11.2663    11.2655    103.294    962.917     1.5458     1.4737     1.6593     4.5751     0.0672     0.2051     1.5458          3  0.000e+00
      33.19     0.0814          3   3.981540      0.000     3.3587   28.76084  -89.09940    123.100    105.223  266.61124  266.66076 1.3902e-01 1.1228e+01    319.994          1      23112    110.719    11.2662    11.2657    103.261    962.958     1.5446     1.4737     1.6593     4.5739     0.0684     0.2063     1.5446          3  0.000e+00
      33.19     0.0804          3   3.981499      0.000     3.3893   28.76084  -89.09940    123.244    105.223  266.61086  266.66034 1.3902e-01 1.1229e+01    319.994          1      23113    110.775    11.2665    11.2653    103.318    963.000     1.5458     1.4737     1.6593     4.5751     0.0684     0.2076     1.5458          3  0.000e+00
      33.24     0.0814          3   3.981533     -1.358     3.3893   28.76084  -89.09940    123.098    105.222  266.61017  266.65966 1.3902e-01 1.1229e+01    319.937          1      23114    110.747    11.2665    11.2655    103.291    963.042     1.5446     1.4737     1.6618     4.5739     0.0684     0.2076     1.5446          3  0.000e+00
      33.28     0.0814          3   3.981472      1.358     3.3893   28.76084  -89.09940    123.245    105.089  266.61219  266.66169 1.3902e-01 1.1229e+01    319.994          1      23115    110.776    11.2663    11.2653    103.319    963.083     1.5458     1.4725     1.6642     4.5739     0.0684     0.2076     1.5458          3  0.000e+00
      33.28     0.0804          3   3.981513     -1.358     3.3893   28.76084  -89.09940    123.244    105.088  266.61171  266.66122 1.3863e-01 1.1228e+01    319.937          1      23116    110.736    11.2662    11.2655    103.280    963.125     1.5458     1.4725     1.6642     4.5751     0.0672     0.2076     1.5458          3  0.000e+00
      33.26     0.0804          3   3.981520      1.358     3.3893   28.76084  -89.09940    123.244    105.089  266.61097  266.66046 1.3863e-01 1.1229e+01    319.994          1      23117    110.749    11.2664    11.2657    103.292    963.167     1.5458     1.4725     1.6630     4.5751     0.0672     0.2076     1.5458          3  0.000e+00
      33.26     0.0814          3   3.981492 -1.341e-07     3.3893   28.76084  -89.09940    123.100    105.088  266.61148  266.66097 1.3863e-01 1.1229e+01    319.994          1      23118    110.769    11.2664    11.2661    103.312    963.208     1.5446     1.4725     1.6630     4.5739     0.0672     0.2076     1.5446          3  0.000e+00
      33.26     0.0814          3   3.981533     -1.358     3.3893   28.76084  -89.09940    123.243    105.221  266.61099  266.66050 1.3863e-01 1.1229e+01    319.937          1      23119    110.728    11.2663    11.2660    103.272    963.250     1.5458     1.4737     1.6630     4.5739     0.0672     0.2076     1.5458          3  0.000e+00
      33.26     0.0804          3   3.981553      1.358     3.3893   28.76084  -89.09940    123.244    105.221  266.61033  266.65983 1.3863e-01 1.1229e+01    319.994          1      23120    110.724    11.2664    11.2663    103.267    963.292     1.5458     1.4737     1.6630     4.5751     0.0672     0.2076     1.5458          3  0.000e+00
      33.26     0.0804          3   3.981553      0.000     3.3893   28.76084  -89.09940    123.244    105.222  266.61033  266.65983 1.3863e-01 1.1229e+01    319.994          1      23121    110.724    11.2664    11.2661    103.267    963.333     1.5458     1.4737     1.6630     4.5751     0.0672     0.2076     1.5458          3  0.000e+00
