tests/data/CTD/pe1234test.ros
* Sea-Bird SBE 9 Data File:
* FileName = D:\CTD DATA\2013\PE13-01 DiMarco\pe1234test.hex
* Software Version Seasave V 7.21g
* Temperature SN = 4515
* Conductivity SN = 3079
* Number of Bytes Per Scan = 40
* Number of Voltage Words = 5
* Number of Scans Averaged by the Deck Unit = 1
* NMEA Latitude = 28 45.46 N
* NMEA Longitude = 089 06.26 W
* NMEA UTC (Time) = Jul 05 2012  16:08:04
* NMEA baud rate = 4800
# nquan = 31
# nvalues = 588                                   
# units = specified
# name 0 = altM: Altimeter [m]
# name 1 = bat: Beam Attenuation, Chelsea/Seatech [1/m]
# name 2 = bpos: Bottle Position in Carousel
# name 3 = c0S/m: Conductivity [S/m]
# name 4 = dz/dtM: Descent Rate [m/s]
# name 5 = wetCDOM: Fluorescence, WET Labs CDOM [mg/m^3]
# name 6 = latitude: Latitude [deg]
# name 7 = longitude: Longitude [deg]
# name 8 = sbeox0Mm/Kg: Oxygen, SBE 43 [umol/kg]
# name 9 = sbeox1Mm/Kg: Oxygen, SBE 43, 2 [umol/kg]
# name 10 = oxsolMm/Kg: Oxygen Saturation, Garcia & Gordon [umol/kg]
# name 11 = oxsatMm/Kg: Oxygen Saturation, Weiss [umol/kg]
# name 12 = par: PAR/Irradiance, Biospherical/Licor
# name 13 = pla: Plume Anomaly
# name 14 = prDM: Pressure, Digiquartz [db]
# name 15 = pumps: Pump Status
# name 16 = scan: Scan Count
# name 17 = sva: Specific Volume Anomaly [10^-8 * m^3/kg]
# name 18 = t090C: Temperature [ITS-90, deg C]
# name 19 = t190C: Temperature, 2 [ITS-90, deg C]
# name 20 = tsa: Thermosteric Anomaly [10^-8 * m^3/kg]
# name 21 = timeS: Time, Elapsed [seconds]
# name 22 = v0: Voltage 0
# name 23 = v1: Voltage 1
# name 24 = v2: Voltage 2
# name 25 = v3: Voltage 3
# name 26 = v4: Voltage 4
# name 27 = v5: Voltage 5
# name 28 = sbeox0V: Oxygen raw, SBE 43 [V]
# name 29 = nbf: Bottles Fired
# name 30 = flag:  0.000e+00
# interval = seconds: 0.0416667
# start_time = Jul 05 2012 16:08:04 [NMEA time, header]
# bad_flag = -9.990e-29
*END*
[from data line 281]
      33.50     0.0782          6   3.982225      1.867     3.4503   28.76102  -89.09920    123.370    105.338  266.57338  266.62239 1.3513e-01 1.1235e+01    319.941          1      24264    110.799    11.2728    11.2730    103.339   1010.958     1.5470     1.4750     1.6752     4.5775     0.0562     0.2100     1.5470          6  0.000e+00
      33.48     0.0772          6   3.982307     -2.377     3.4503   28.76102  -89.09920    123.367    105.339  266.56964  266.61860 1.3513e-01 1.1236e+01    319.842          1      24265    110.784    11.2734    11.2725    103.326   1011.000     1.5470     1.4750     1.6740     4.5788     0.0562     0.2100     1.5470          6  0.000e+00
      33.48     0.0782          6   3.982327      1.188     3.4503   28.76102  -89.09920    123.367    105.339  266.56799  266.61692 1.3513e-01 1.1236e+01    319.891          1      24266    110.802    11.2737    11.2725    103.343   1011.042     1.5470     1.4750     1.6740     4.5775     0.0562     0.2100     1.5470          6  0.000e+00
      33.46     0.0782          6   3.982300     -1.188     3.4503   28.76102  -89.09920    123.366    105.339  266.56878  266.61772 1.3513e-01 1.1236e+01    319.842          1      24267    110.812    11.2736    11.2725    103.354   1011.083     1.5470     1.4750     1.6728     4.5775     0.0562     0.2100     1.5470          6  0.000e+00
      33.48     0.0782          6   3.982259      0.000     3.4503   28.76102  -89.09920    123.222    105.338  266.57053  266.61949 1.3513e-01 1.1236e+01    319.842          1      24268    110.818    11.2734    11.2726    103.361   1011.125     1.5458     1.4750     1.6740     4.5775     0.0562     0.2100     1.5458          6  0.000e+00
      33.46     0.0782          6   3.982225      1.188     3.4503   28.76102  -89.09920    123.369    105.339  266.57236  266.62134 1.3513e-01 1.1235e+01    319.891          1      24269    110.819    11.2731    11.2725    103.360   1011.167     1.5470     1.4750     1.6728     4.5775     0.0562     0.2100     1.5470          6  0.000e+00
      33.48     0.0782          6   3.982225     -1.188     3.4503   28.76102  -89.09920    123.368    105.338  266.57232  266.62130 1.3513e-01 1.1235e+01    319.842          1      24270    110.816    11.2731    11.2725    103.359   1011.208     1.5470     1.4750     1.6740     4.5775     0.0562     0.2100     1.5470          6  0.000e+00
      33.50     0.0782          6   3.982218      0.000     3.4503   28.76102  -89.09920    123.368    105.339  266.57228  266.62126 1.3513e-01 1.1235e+01    319.842          1      24271    110.825    11.2731    11.2723    103.368   1011.250     1.5470     1.4750     1.6752     4.5775     0.0562     0.2100     1.5470          6  0.000e+00
      33.53     0.0782          6   3.982219      1.188     3.3282   28.76102  -89.09920    123.369    105.339  266.57249  266.62147 1.3513e-01 1.1235e+01    319.891          1      24272    110.824    11.2731    11.2726    103.365   1011.292     1.5470     1.4750     1.6764     4.5775     0.0562     0.2051     1.5470          6  0.000e+00
      33.53     0.0782          6   3.982239     -1.188     3.2977   28.76102  -89.09920    123.368    105.338  266.57157  266.62054 1.3513e-01 1.1235e+01    319.842          1      24273    110.818    11.2732    11.2728    103.360   1011.333     1.5470     1.4750     1.6764     4.5775     0.0562     0.2039     1.5470          6  0.000e+00
      33.55     0.0772          6   3.982280      0.000     3.2672   28.76102  -89.09920    123.367    105.337  266.56982  266.61878 1.3513e-01 1.1236e+01    319.842          1      24274    110.811    11.2734    11.2731    103.353   1011.375     1.5470     1.4750     1.6777     4.5788     0.0562     0.2027     1.5470          6  0.000e+00
      33.53     0.0782          6   3.982314      0.000     3.2672   28.76102  -89.09920    123.222    105.336  266.56886  266.61781 1.3513e-01 1.1236e+01    319.842          1      24275    110.794    11.2735    11.2733    103.336   1011.417     1.5458     1.4750     1.6764     4.5775     0.0562     0.2027     1.5458          6  0.000e+00
      33.50     0.0782          6   3.982280 -1.341e-07     3.2672   28.76102  -89.09920    123.222    105.336  266.56884  266.61777 1.3513e-01 1.1236e+01    319.842          1      24276    110.834    11.2737    11.2737    103.376   1011.458     1.5458     1.4750     1.6752     4.5775     0.0562     0.2027     1.5458          6  0.000e+00
      33.75     0.0814          7   3.982721     -2.546     3.2977   28.76104  -89.09918    123.205    105.320  266.54615  266.59479 1.3474e-01 1.1240e+01    319.474          1      24396    110.822    11.2774    11.2785    103.370   1016.458     1.5458     1.4750     1.6874     4.5739     0.0549     0.2039     1.5458          7  0.000e+00
      33.75     0.0814          7   3.982680      2.546     3.2977   28.76104  -89.09918    123.207    105.321  266.54716  266.59581 1.3474e-01 1.1240e+01    319.580          1      24397    110.853    11.2774    11.2785    103.400   1016.500     1.5458     1.4750     1.6874     4.5739     0.0549     0.2039     1.5458          7  0.000e+00
      33.72     0.0814          7   3.982727     -1.188     3.3282   28.76104  -89.09918    123.206    105.321  266.54623  266.59488 1.3474e-01 1.1240e+01    319.531          1      24398    110.816    11.2774    11.2783    103.363   1016.542     1.5458     1.4750     1.6862     4.5739     0.0549     0.2051     1.5458          7  0.000e+00
      33.72     0.0825          7   3.982748      1.188     3.2977   28.76104  -89.09918    123.061    105.322  266.54441  266.59303 1.3474e-01 1.1240e+01    319.580          1      24399    110.838    11.2778    11.2781    103.384   1016.583     1.5446     1.4750     1.6862     4.5726     0.0549     0.2039     1.5446          7  0.000e+00
      33.72     0.0814          7   3.982856     -0.849     3.3282   28.76104  -89.09918    123.203    105.319  266.53939  266.58796 1.3436e-01 1.1241e+01    319.545          1      24400    110.826    11.2786    11.2788    103.373   1016.625     1.5458     1.4750     1.6862     4.5739     0.0537     0.2051     1.5458          7  0.000e+00
      33.72     0.0804          7   3.982917     -1.698     3.3282   28.76104  -89.09918    123.200    105.317  266.53507  266.58357 1.3474e-01 1.1242e+01    319.474          1      24401    110.850    11.2794    11.2796    103.398   1016.667     1.5458     1.4750     1.6862     4.5751     0.0549     0.2051     1.5458          7  0.000e+00
      33.72     0.0804          7   3.982972      1.358     3.2977   28.76104  -89.09918    123.200    105.318  266.53262  266.58109 1.3474e-01 1.1242e+01    319.531          1      24402    110.849    11.2798    11.2795    103.395   1016.708     1.5458     1.4750     1.6862     4.5751     0.0549     0.2039     1.5458          7  0.000e+00
      33.70     0.0793          7   3.982992     -1.358     3.2977   28.76104  -89.09918    123.198    105.319  266.53121  266.57966 1.3474e-01 1.1242e+01    319.474          1      24403    110.854    11.2800    11.2786    103.401   1016.750     1.5458     1.4750     1.6850     4.5763     0.0549     0.2039     1.5458          7  0.000e+00
      33.70     0.0793          7   3.982992      1.358     3.2977   28.76104  -89.09918    123.199    105.321  266.53126  266.57970 1.3474e-01 1.1242e+01    319.531          1      24404    110.857    11.2800    11.2781    103.403   1016.792     1.5458     1.4750     1.6850     4.5763     0.0549     0.2039     1.5458          7  0.000e+00
      33.72     0.0804          7   3.982911      0.000     3.2977   28.76104  -89.09918    123.200    105.321  266.53443  266.58290 1.3474e-01 1.1242e+01    319.531          1      24405    110.878    11.2796    11.2783    103.424   1016.833     1.5458     1.4750     1.6862     4.5751     0.0549     0.2039     1.5458          7  0.000e+00
      33.70     0.0793          7   3.982863 1.3411e-07     3.3282   28.76104  -89.09918    123.202    105.321  266.53679  266.58530 1.3513e-01 1.1241e+01    319.531          1      24406    110.878    11.2792    11.2785    103.425   1016.875     1.5458     1.4750     1.6850     4.5763     0.0562     0.2051     1.5458          7  0.000e+00
      33.70     0.0793          7   3.982904     -1.358     3.3893   28.76104  -89.09918    123.201    105.320  266.53779  266.58634 1.3474e-01 1.1241e+01    319.474          1      24407    110.803    11.2787    11.2783    103.351   1016.917     1.5458     1.4750     1.6850     4.5763     0.0549     0.2076     1.5458          7  0.000e+00
      33.72     0.0804          7   3.982890      1.358     3.4503   28.76104  -89.09918    123.201    105.321  266.53546  266.58395 1.3474e-01 1.1242e+01    319.531          1      24408    110.877    11.2794    11.2781    103.424   1016.958     1.5458     1.4750     1.6862     4.5751     0.0549     0.2100     1.5458          7  0.000e+00
      33.72     0.0793          7   3.982856     -1.358     3.4198   28.76104  -89.09918    123.201    105.187  266.53819  266.58672 1.3436e-01 1.1241e+01    319.474          1      24409    110.849    11.2789    11.2780    103.397   1017.000     1.5458     1.4737     1.6862     4.5763     0.0537     0.2088     1.5458          7  0.000e+00
      33.72     0.0793          7   3.982850      1.358     3.4198   28.76104  -89.09918    123.348    105.187  266.54148  266.59008 1.3513e-01 1.1240e+01    319.531          1      24410    110.784    11.2780    11.2783    103.331   1017.042     1.5470     1.4737     1.6862     4.5763     0.0562     0.2088     1.5470          7  0.000e+00
      33.72     0.0793          7   3.982727     -2.546     3.4503   28.76104  -89.09918    123.204    105.185  266.54549  266.59412 1.3474e-01 1.1240e+01    319.424          1      24411    110.825    11.2776    11.2786    103.375   1017.083     1.5458     1.4737     1.6862     4.5763     0.0549     0.2100     1.5458          7  0.000e+00
      33.75     0.0793          7   3.982755      2.546     3.4198   28.76104  -89.09918    123.350    105.186  266.54490  266.59354 1.3474e-01 1.1240e+01    319.531          1      24412    110.815    11.2776    11.2788    103.363   1017.125     1.5470     1.4737     1.6874     4.5763     0.0549     0.2088     1.5470          7  0.000e+00
      33.75     0.0793          7   3.982755     -1.358     3.4198   28.76104  -89.09918    123.205    105.187  266.54567  266.59433 1.3474e-01 1.1240e+01    319.474          1      24413    110.793    11.2774    11.2781    103.342   1017.167     1.5458     1.4737     1.6874     4.5763     0.0549     0.2088     1.5458          7  0.000e+00
      33.75     0.0804          7   3.982721      0.000     3.4503   28.76104  -89.09918    123.206    105.189  266.54697  266.59563 1.3474e-01 1.1239e+01    319.474          1      24414    110.802    11.2772    11.2773    103.351   1017.208     1.5458     1.4737     1.6874     4.5751     0.0549     0.2100     1.5458          7  0.000e+00
      33.72     0.0804          7   3.982714      0.000     3.4503   28.76104  -89.09918    123.206    105.188  266.54824  266.59694 1.3474e-01 1.1239e+01    319.474          1      24415    110.780    11.2769    11.2774    103.329   1017.250     1.5458     1.4737     1.6862     4.5751     0.0549     0.2100     1.5458          7  0.000e+00
      33.72     0.0804          7   3.982734      1.358     3.4503   28.76104  -89.09918    123.206    105.055  266.54545  266.59408 1.3436e-01 1.1240e+01    319.531          1      24416    110.826    11.2776    11.2774    103.374   1017.292     1.5458     1.4725     1.6862     4.5751     0.0537     0.2100     1.5458          7  0.000e+00
      33.75     0.0804          7   3.982856     -1.358     3.4198   28.76104  -89.09918    123.202    105.054  266.54065  266.58924 1.3474e-01 1.1240e+01    319.474          1      24417    110.792    11.2782    11.2774    103.340   1017.333     1.5458     1.4725     1.6874     4.5751     0.0549     0.2088     1.5458          7  0.000e+00
      33.72     0.0804          7   3.982938      0.000     3.4198   28.76104  -89.09918    123.056    105.188  266.53584  266.58436 1.3436e-01 1.1241e+01    319.474          1      24418    110.809    11.2791    11.2776    103.357   1017.375     1.5446     1.4737     1.6862     4.5751     0.0537     0.2088     1.5446          7  0.000e+00
      33.75     0.0793          7   3.982958      1.358     3.4198   28.76104  -89.09918    123.346    105.187  266.53566  266.58420 1.3474e-01 1.1241e+01    319.531          1      24419    110.793    11.2790    11.2780    103.340   1017.417     1.5470     1.4737     1.6874     4.5763     0.0549     0.2088     1.5470          7  0.000e+00
      33.75     0.0793          7   3.982979     -1.358     3.4198   28.76104  -89.09918    123.344    105.185  266.53458  266.58310 1.3436e-01 1.1241e+01    319.474          1      24420    110.791    11.2792    11.2788    103.338   1017.458     1.5470     1.4737     1.6874     4.5763     0.0537     0.2088     1.5470          7  0.000e+00
      33.75     0.0804          7   3.982965      0.000     3.4198   28.76104  -89.09918    123.344    105.185  266.53467  266.58319 1.3474e-01 1.1242e+01    319.474          1      24421    110.804    11.2793    11.2788    103.352   1017.500     1.5470     1.4737     1.6874     4.5751     0.0549     0.2088     1.5470          7  0.000e+00
      33.72     0.0825          7   3.982897      1.358     3.4198   28.76104  -89.09918    123.201    105.185  266.53616  266.58467 1.3474e-01 1.1241e+01    319.531          1      24422    110.853    11.2792    11.2790    103.400   1017.542     1.5458     1.4737     1.6862     4.5726     0.0549     0.2088     1.5458          7  0.000e+00
      33.75     0.0836          7   3.982836      0.000     3.4198   28.76104  -89.09918    123.204    105.183  266.54107  266.58967 1.3474e-01 1.1240e+01    319.531          1      24423    110.810    11.2782    11.2798    103.357   1017.583     1.5458     1.4737     1.6874     4.5714     0.0549     0.2088     1.5458          7  0.000e+00
      33.75     0.0836          7   3.982816     -1.358     3.4503   28.76104  -89.09918    123.203    105.184  266.54272  266.59134 1.3474e-01 1.1240e+01    319.474          1      24424    110.791    11.2779    11.2795    103.339   1017.625     1.5458     1.4737     1.6874     4.5714     0.0549     0.2100     1.5458          7  0.000e+00
      33.80     0.0836          7   3.982788      1.358     3.4198   28.76104  -89.09918    123.205    105.186  266.54311  266.59173 1.3474e-01 1.1240e+01    319.531          1      24425    110.817    11.2779    11.2788    103.365   1017.667     1.5458     1.4737     1.6899     4.5714     0.0549     0.2088     1.5458          7  0.000e+00
      33.80     0.0836          7   3.982802 -1.341e-07     3.4503   28.76104  -89.09918    123.205    105.186  266.54352  266.59215 1.3436e-01 1.1240e+01    319.531          1      24426    110.792    11.2777    11.2786    103.339   1017.708     1.5458     1.4737     1.6899     4.5714     0.0537     0.2100     1.5458          7  0.000e+00
      33.80     0.0836          7   3.982788 -1.341e-07     3.4503   28.76104  -89.09918    123.205    105.053  266.54328  266.59190 1.3436e-01 1.1240e+01    319.531          1      24427    110.814    11.2779    11.2786    103.361   1017.750     1.5458     1.4725     1.6899     4.5714     0.0537     0.2100     1.5458          7  0.000e+00
      33.80     0.0836          7   3.982829      1.188     3.4198   28.76104  -89.09918    123.204    105.053  266.54108  266.58967 1.3436e-01 1.1241e+01    319.580          1      24428    110.821    11.2783    11.2788    103.367   1017.792     1.5458     1.4725     1.6899     4.5714     0.0537     0.2088     1.5458          7  0.000e+00
