tests/data/CTD_with_sigma_e00.cnv
* Sea-Bird SBE 9 Data File:
* FileName = C:\CTD_data\km1312\km1312_s18_c03_ctd22.hex
* Software Version Seasave V 7.21k
* Temperature SN = 1489
* Conductivity SN = 1176
* Number of Bytes Per Scan = 41
* Number of Voltage Words = 4
* Number of Scans Averaged by the Deck Unit = 1
* NMEA Latitude = 39 16.23 N
* NMEA Longitude = 150 06.34 W
* NMEA UTC (Time) = Jul 12 2013  12:59:28
* NMEA baud rate = 4800
** Ship: KM
** Station: 18
** Operator: EZ
# nquan = 22
# nvalues = 199                         
# units = specified
# name 0 = scan: Scan Count
# name 1 = prDM: Pressure, Digiquartz [db]
# name 2 = t068C: Temperature [ITS-68, deg C]
# name 3 = c0S/m: Conductivity [S/m]
# name 4 = sbeox0Mm/Kg: Oxygen, SBE 43 [umol/Kg]
# name 5 = flECO-AFL: Fluorescence, WET Labs ECO-AFL/FL [mg/m^3]
# name 6 = CStarAt0: Beam Attenuation, WET Labs C-Star [1/m]
# name 7 = nbf: Bottles Fired
# name 8 = sal00: Salinity, Practical [PSU]
# name 9 = sigma-�00: Density [sigma-theta, Kg/m^3]
# name 10 = potemp090C: Potential Temperature [ITS-90, deg C]
# name 11 = scan: Scan Count
# name 12 = t168C: Temperature, 2 [ITS-68, deg C]
# name 13 = c1S/m: Conductivity, 2 [S/m]
# name 14 = sbeox1Mm/Kg: Oxygen, SBE 43, 2 [umol/Kg]
# name 15 = flSP: Fluorescence, Seapoint
# name 16 = sal11: Salinity, Practical, 2 [PSU]
# name 17 = sigma-�11: Density, 2 [sigma-theta, Kg/m^3]
# name 18 = potemp168C: Potential Temperature, 2 [ITS-68, deg C]
# name 19 = par: PAR/Irradiance, Biospherical/Licor
# name 20 = nbin: number of scans per bin
# name 21 = flag: flag
# span 0 =       6256,      20605       
# span 1 =      2.000,    200.000       
# span 2 =    10.3270,    19.7368       
# span 3 =   3.734259,   4.576859       
# span 4 =    204.743,    256.494       
# span 5 =     0.0076,     3.7912       
# span 6 =     0.0071,     0.3414       
# span 7 =          0,          0       
# span 8 =    33.3463,    34.0235       
# span 9 =    23.6538,    26.1375       
# span 10 =    10.3013,    19.7307      
# span 11 =       6256,      20605      
# span 12 =    10.3273,    19.7342      
# span 13 =   3.734444,   4.576675      
# span 14 =    211.306,    265.643      
# span 15 = 5.6247e-02, 2.5557e+00      
# span 16 =    33.3434,    34.0251      
# span 17 =    23.6553,    26.1388      
# span 18 =    10.3040,    19.7334      
# span 19 = 9.5982e-02, 2.5042e+00      
# span 20 =          2,         49      
# span 21 = 0.0000e+00, 0.0000e+00      
# interval = decibars: 1                
# start_time = Jul 12 2013 12:59:29 [NMEA time, first data scan]
# bad_flag = -9.990e-29
*END*
[from data line 66]
      11575     68.000    11.6621   3.812268    235.650     1.4747     0.1525          0    33.4507    25.4510    11.6508      11575    11.6617   3.812310    244.209 1.6640e+00    33.4513    25.4516    11.6532 9.5994e-02          7 0.0000e+00
      11710     69.000    11.6255   3.808498    236.793     1.6015     0.1520          0    33.4464    25.4545    11.6141      11710    11.6246   3.808515    245.203 1.5889e+00    33.4474    25.4554    11.6159 9.5994e-02         29 0.0000e+00
      11773     70.000    11.5772   3.803732    236.925     1.4734     0.1458          0    33.4429    25.4607    11.5657      11773    11.5770   3.803834    245.167 1.3622e+00    33.4441    25.4616    11.5682 9.5994e-02         47 0.0000e+00
      11829     71.000    11.5475   3.800915    237.212     1.3775     0.1440          0    33.4416    25.4651    11.5359      11829    11.5481   3.801078    245.507 1.4340e+00    33.4427    25.4659    11.5392 9.5994e-02         20 0.0000e+00
      11945     72.000    11.5224   3.798393    236.810     1.3673     0.1313          0    33.4391    25.4678    11.5107      11945    11.5226   3.798535    245.202 1.3902e+00    33.4404    25.4688    11.5137 9.5993e-02         14 0.0000e+00
      12016     73.000    11.4790   3.794015    237.016     1.2060     0.1244          0    33.4349    25.4725    11.4673      12016    11.4793   3.794145    245.155 1.2052e+00    33.4360    25.4733    11.4703 9.5994e-02         49 0.0000e+00
      12074     74.000    11.4336   3.789431    236.826     1.0799     0.1026          0    33.4306    25.4775    11.4218      12074    11.4332   3.789540    245.023 1.1384e+00    33.4318    25.4785    11.4241 9.5994e-02         15 0.0000e+00
      12187     75.000    11.4175   3.788144    236.990     1.0039     0.1034          0    33.4320    25.4816    11.4055      12187    11.4176   3.788297    245.058 1.1183e+00    33.4334    25.4826    11.4084 9.5994e-02         26 0.0000e+00
      12257     76.000    11.4029   3.787346    236.781     0.8714     0.0927          0    33.4371    25.4881    11.3909      12257    11.4029   3.787458    244.872 9.8900e-01    33.4383    25.4890    11.3935 9.5994e-02         44 0.0000e+00
      12347     77.000    11.3781   3.785221    236.676     0.8640     0.0758          0    33.4380    25.4934    11.3659      12347    11.3782   3.785350    244.704 1.0120e+00    33.4393    25.4944    11.3687 9.5994e-02          7 0.0000e+00
      12430     78.000    11.3764   3.785233    236.888     0.6720     0.0705          0    33.4393    25.4948    11.3640      12430    11.3761   3.785361    244.704 6.9878e-01    33.4408    25.4960    11.3665 9.5994e-02         40 0.0000e+00
      12480     79.000    11.3582   3.783868    236.381     0.5972     0.0635          0    33.4419    25.5001    11.3457      12480    11.3581   3.783971    244.776 6.5038e-01    33.4430    25.5010    11.3484 9.5994e-02         33 0.0000e+00
      12603     80.000    11.3264   3.780874    236.468     0.7437     0.0614          0    33.4412    25.5054    11.3138      12603    11.3234   3.780764    244.752 7.0059e-01    33.4425    25.5069    11.3136 9.5994e-02          6 0.0000e+00
      12686     81.000    11.3134   3.779882    236.156     0.6240     0.0588          0    33.4424    25.5086    11.3008      12686    11.3123   3.779910    244.447 5.9257e-01    33.4436    25.5098    11.3024 9.5994e-02         35 0.0000e+00
      12744     82.000    11.3198   3.780916    236.434     0.5330     0.0551          0    33.4463    25.5105    11.3071      12744    11.3205   3.781120    244.584 6.2966e-01    33.4477    25.5114    11.3104 9.5990e-02         43 0.0000e+00
      12820     83.000    11.2908   3.778578    236.380     0.5136     0.0524          0    33.4492    25.5181    11.2779      12820    11.2910   3.778709    244.375 6.5584e-01    33.4502    25.5188    11.2808 9.5994e-02         18 0.0000e+00
      12914     84.000    11.2609   3.775919    235.955     0.4363     0.0481          0    33.4496    25.5238    11.2479      12914    11.2612   3.776067    244.456 5.5968e-01    33.4508    25.5247    11.2510 9.5994e-02         22 0.0000e+00
      13003     85.000    11.2368   3.773782    236.450     0.4150     0.0442          0    33.4499    25.5284    11.2238      13003    11.2370   3.773923    244.503 5.5815e-01    33.4511    25.5293    11.2266 9.5994e-02         14 0.0000e+00
      13085     86.000    11.2317   3.773841    236.525     0.3854     0.0428          0    33.4548    25.5331    11.2185      13085    11.2317   3.773973    244.585 4.6121e-01    33.4560    25.5341    11.2212 9.5994e-02         39 0.0000e+00
      13150     87.000    11.2236   3.773257    236.321     0.3428     0.0393          0    33.4561    25.5356    11.2102      13150    11.2236   3.773395    244.347 3.7836e-01    33.4573    25.5366    11.2130 9.5989e-02          9 0.0000e+00
      13239     88.000    11.2088   3.771839    236.323     0.3331     0.0379          0    33.4550    25.5375    11.1953      13239    11.2087   3.771966    244.123 3.3612e-01    33.4562    25.5385    11.1980 -9.990e-29         28 0.0000e+00
      13300     89.000    11.1690   3.768214    236.074     0.3091     0.0371          0    33.4547    25.5444    11.1555      13300    11.1688   3.768266    244.613 3.6054e-01    33.4555    25.5451    11.1580 9.5994e-02         18 0.0000e+00
      13438     90.000    11.1651   3.767966    236.938     0.3776     0.0352          0    33.4554    25.5458    11.1514      13438    11.1587   3.767575    244.665 3.0783e-01    33.4574    25.5484    11.1478 9.5994e-02         27 0.0000e+00
      13485     91.000    11.1591   3.768218    236.477     0.2944     0.0334          0    33.4629    25.5526    11.1454      13485    11.1591   3.768330    244.709 2.6990e-01    33.4641    25.5536    11.1480 9.5994e-02         38 0.0000e+00
      13527     92.000    11.1401   3.766807    236.468     0.2552     0.0319          0    33.4658    25.5586    11.1263      13527    11.1400   3.766995    244.954 3.2074e-01    33.4673    25.5597    11.1289 9.5994e-02         23 0.0000e+00
      13673     93.000    11.1321   3.765963    236.869     0.3172     0.0301          0    33.4642    25.5585    11.1182      13673    11.1238   3.765424    244.256 2.8568e-01    33.4664    25.5617    11.1125 9.5986e-02         32 0.0000e+00
      13731     94.000    11.0952   3.763143    236.336     0.2525     0.0311          0    33.4698    25.5694    11.0812      13731    11.0946   3.763170    243.938 2.5272e-01    33.4705    25.5702    11.0832 -9.990e-29         41 0.0000e+00
      13782     95.000    11.0854   3.762341    235.710     0.2194     0.0280          0    33.4699    25.5714    11.0712      13782    11.0857   3.762475    244.544 2.9516e-01    33.4710    25.5722    11.0742 -9.990e-29         11 0.0000e+00
      13910     96.000    11.0726   3.761055    236.658     0.2416     0.0282          0    33.4686    25.5727    11.0583      13910    11.0688   3.760784    244.455 2.4162e-01    33.4693    25.5739    11.0572 9.5986e-02         22 0.0000e+00
      13973     97.000    11.0104   3.755106    236.382     0.2303     0.0275          0    33.4658    25.5816    10.9960      13973    11.0102   3.755153    244.031 2.2208e-01    33.4665    25.5822    10.9985 9.5992e-02         38 0.0000e+00
      14063     98.000    10.9984   3.754123    236.998     0.2324     0.0249          0    33.4657    25.5835    10.9840      14063    10.9846   3.753053    245.310 2.4818e-01    33.4681    25.5879    10.9728 9.5990e-02          7 0.0000e+00
      14148     99.000    10.9666   3.751522    237.298     0.1940     0.0254          0    33.4691    25.5920    10.9521      14148    10.9649   3.751462    245.199 2.1893e-01    33.4701    25.5931    10.9530 9.5994e-02         28 0.0000e+00
      14213    100.000    10.9287   3.747861    236.854     0.1812     0.0227          0    33.4666    25.5968    10.9141      14213    10.9294   3.747987    244.941 2.2195e-01    33.4674    25.5974    10.9174 9.5994e-02          2 0.0000e+00
      14315    101.000    10.9065   3.745631    237.477     0.1848     0.0225          0    33.4645    25.5991    10.8918      14315    10.9068   3.745753    245.438 2.0009e-01    33.4655    25.5999    10.8947 9.5994e-02         12 0.0000e+00
      14384    102.000    10.8923   3.744237    237.813     0.1645     0.0226          0    33.4632    25.6006    10.8775      14384    10.8919   3.744306    245.697 1.9066e-01    33.4642    25.6015    10.8797 9.5994e-02         35 0.0000e+00
      14493    103.000    10.8878   3.743727    238.055     0.1789     0.0216          0    33.4619    25.6005    10.8728      14493    10.8918   3.744223    245.609 1.8793e-01    33.4630    25.6006    10.8795 9.5994e-02         13 0.0000e+00
      14579    104.000    10.8513   3.740352    237.696     0.1669     0.0209          0    33.4611    25.6063    10.8363      14579    10.8533   3.740626    245.402 1.7271e-01    33.4620    25.6066    10.8409 9.5994e-02         42 0.0000e+00
      14616    105.000    10.8443   3.739694    237.600     0.1466     0.0197          0    33.4605    25.6071    10.8291      14616    10.8446   3.739829    245.725 1.6348e-01    33.4615    25.6078    10.8321 9.5994e-02         38 0.0000e+00
      14705    106.000    10.8490   3.740148    238.023     0.1499 -9.990e-29          0    33.4602    25.6060    10.8338      14705    10.8468   3.740037    246.198 1.8959e-01    33.4613    25.6072    10.8342 9.5994e-02         21 0.0000e+00
      14826    107.000    10.8308   3.738394    238.321     0.1498     0.0206          0    33.4590    25.6083    10.8154      14826    10.8320   3.738588    246.192 1.6895e-01    33.4598    25.6088    10.8192 9.5989e-02         36 0.0000e+00
      14876    108.000    10.8084   3.736295    238.080     0.1325     0.0197          0    33.4580    25.6115    10.7930      14876    10.8075   3.736312    246.285 1.6204e-01    33.4590    25.6125    10.7947 9.5994e-02         30 0.0000e+00
      14973    109.000    10.8008   3.735549    238.510     0.1505     0.0187          0    33.4573    25.6122    10.7852      14973    10.7917   3.734846    246.517 1.8061e-01    33.4587    25.6150    10.7787 9.5994e-02         12 0.0000e+00
      15052    110.000    10.7790   3.734259    238.502     0.1369     0.0176          0    33.4637    25.6212    10.7633      15052    10.7791   3.734444    246.267 1.5499e-01    33.4654    25.6225    10.7660 9.5994e-02         33 0.0000e+00
      15106    111.000    10.8237   3.740536    237.565     0.1042     0.0165          0    33.4852    25.6301    10.8078      15106    10.8234   3.740675    246.086 1.5709e-01    33.4867    25.6313    10.8101 9.5994e-02         11 0.0000e+00
      15223    112.000    10.8500   3.744595    235.431     0.0951     0.0162          0    33.5011    25.6378    10.8340      15223    10.8501   3.744746    244.535 1.4109e-01    33.5025    25.6389    10.8367 9.5994e-02         29 0.0000e+00
      15283    113.000    10.8625   3.747103    234.827     0.0855     0.0159          0    33.5142    25.6458    10.8464      15283    10.8625   3.747216    243.536 1.3134e-01    33.5153    25.6467    10.8489 9.5994e-02         43 0.0000e+00
      15403    114.000    10.8592   3.747039    233.908     0.0858     0.0151          0    33.5170    25.6486    10.8430      15403    10.8583   3.747592    242.405 1.2179e-01    33.5228    25.6532    10.8447 9.5994e-02         23 0.0000e+00
      15466    115.000    10.8229   3.744759    234.672     0.0698     0.0136          0    33.5262    25.6623    10.8065      15466    10.8224   3.744785    242.620 1.0019e-01    33.5269    25.6628    10.8087 9.5994e-02         43 0.0000e+00
      15511    116.000    10.7676   3.739430    233.536     0.0512     0.0137          0    33.5232    25.6697    10.7512      15511    10.7674   3.739501    241.362 9.3077e-02    33.5241    25.6703    10.7536 9.5994e-02         35 0.0000e+00
      15626    117.000    10.7692   3.739894    233.820     0.0683     0.0136          0    33.5259    25.6716    10.7527      15626    10.7731   3.740274    241.723 1.0586e-01    33.5259    25.6708    10.7592 9.5989e-02         11 0.0000e+00
      15712    118.000    10.7818   3.742185    233.606     0.0540     0.0118          0    33.5368    25.6777    10.7652      15712    10.7824   3.742374    242.026 9.7817e-02    33.5382    25.6787    10.7683 9.5984e-02         26 0.0000e+00
      15797    119.000    10.7980   3.744388    232.603     0.0495     0.0123          0    33.5437    25.6803    10.7812      15797    10.8000   3.744811    240.614 1.0224e-01    33.5461    25.6818    10.7859 9.5987e-02          4 0.0000e+00
      15878    120.000    10.8146   3.747027    231.859     0.0509     0.0128          0    33.5542    25.6856    10.7977      15878    10.8137   3.747055    240.015 8.5157e-02    33.5553    25.6867    10.7993 9.5990e-02         36 0.0000e+00
      15925    121.000    10.8409   3.750528    231.397     0.0479     0.0128          0    33.5646    25.6891    10.8238      15925    10.8405   3.750654    239.463 8.3053e-02    33.5662    25.6904    10.8260 9.5991e-02         44 0.0000e+00
      16049    122.000    10.8411   3.750666    230.825     0.0493     0.0120          0    33.5654    25.6897    10.8239      16049    10.8478   3.751901    238.801 8.9095e-02    33.5715    25.6933    10.8332 9.5994e-02         31 0.0000e+00
      16129    123.000    10.8593   3.754327    231.229     0.0445     0.0133          0    33.5846    25.7014    10.8420      16129    10.8632   3.755219    238.776 8.2518e-02    33.5900    25.7050    10.8484 9.5989e-02         37 0.0000e+00
      16168    124.000    10.8704   3.756610    230.909     0.0375     0.0123          0    33.5968    25.7090    10.8529      16168    10.8704   3.756710    238.506 8.3997e-02    33.5978    25.7098    10.8555 9.5990e-02         42 0.0000e+00
      16293    125.000    10.8653   3.755886    228.918     0.0482     0.0121          0    33.5937    25.7076    10.8477      16293    10.8662   3.756248    236.473 8.6713e-02    33.5966    25.7096    10.8512 9.5994e-02         31 0.0000e+00
      16343    126.000    10.8915   3.760918    228.911     0.0375     0.0128          0    33.6196    25.7231    10.8737      16343    10.8919   3.761148    236.876 7.8558e-02    33.6214    25.7245    10.8767 9.5994e-02         35 0.0000e+00
      16430    127.000    10.9041   3.762540    228.220     0.0324     0.0115          0    33.6238    25.7241    10.8862      16430    10.9081   3.763394    235.855 8.0577e-02    33.6288    25.7273    10.8928 9.5994e-02         37 0.0000e+00
      16557    128.000    10.8953   3.762264    229.020     0.0383     0.0113          0    33.6285    25.7287    10.8773      16557    10.8921   3.761908    235.840 7.8634e-02    33.6280    25.7292    10.8767 9.5994e-02         34 0.0000e+00
      16584    129.000    10.8874   3.762860    229.398     0.0379     0.0113          0    33.6414    25.7409    10.8693      16584    10.8862   3.762789    236.309 7.4322e-02    33.6418    25.7414    10.8707 9.5994e-02         30 0.0000e+00
      16629    130.000    10.7720   3.750275    228.275     0.0365     0.0113          0    33.6213    25.7456    10.7539      16629    10.7729   3.750396    235.519 7.4407e-02    33.6219    25.7459    10.7574 9.5994e-02         27 0.0000e+00
      16784    131.000    10.8453   3.756784    227.979     0.0436     0.0113          0    33.6207    25.7325    10.8270      16784    10.8294   3.756071    234.697 7.9124e-02    33.6257    25.7388    10.8138 9.5994e-02         41 0.0000e+00
      16838    132.000    10.6884   3.743879    227.798     0.0273     0.0110          0    33.6327    25.7694    10.6701      16838    10.6872   3.743882    234.833 7.7370e-02    33.6346    25.7710    10.6715 9.5994e-02         39 0.0000e+00
