tests/data/CTD_with_sigma_e00.cnv
* Sea-Bird SBE 9 Data File:
* FileName = C:\CTD_data\km1312\km1312_s18_c03_ctd22.hex
* Software Version Seasave V 7.21k
* Temperature SN = 1489
* Conductivity SN = 1176
* Number of Bytes Per Scan = 41
* Number of Voltage Words = 4
* Number of Scans Averaged by the Deck Unit = 1
* NMEA Latitude = 39 16.23 N
* NMEA Longitude = 150 06.34 W
* NMEA UTC (Time) = Jul 12 2013  12:59:28
* NMEA baud rate = 4800
** Ship: KM
** Station: 18
** Operator: EZ
# nquan = 22
# nvalues = 199                         
# units = specified
# name 0 = scan: Scan Count
# name 1 = prDM: Pressure, Digiquartz [db]
# name 2 = t068C: Temperature [ITS-68, deg C]
# name 3 = c0S/m: Conductivity [S/m]
# name 4 = sbeox0Mm/Kg: Oxygen, SBE 43 [umol/Kg]
# name 5 = flECO-AFL: Fluorescence, WET Labs ECO-AFL/FL [mg/m^3]
# name 6 = CStarAt0: Beam Attenuation, WET Labs C-Star [1/m]
# name 7 = nbf: Bottles Fired
# name 8 = sal00: Salinity, Practical [PSU]
# name 9 = sigma-�00: Density [sigma-theta, Kg/m^3]
# name 10 = potemp090C: Potential Temperature [ITS-90, deg C]
# name 11 = scan: Scan Count
# name 12 = t168C: Temperature, 2 [ITS-68, deg C]
# name 13 = c1S/m: Conductivity, 2 [S/m]
# name 14 = sbeox1Mm/Kg: Oxygen, SBE 43, 2 [umol/Kg]
# name 15 = flSP: Fluorescence, Seapoint
# name 16 = sal11: Salinity, Practical, 2 [PSU]
# name 17 = sigma-�11: Density, 2 [sigma-theta, Kg/m^3]
# name 18 = potemp168C: Potential Temperature, 2 [ITS-68, deg C]
# name 19 = par: PAR/Irradiance, Biospherical/Licor
# name 20 = nbin: number of scans per bin
# name 21 = flag: flag
# span 0 =       6256,      20605       
# span 1 =      2.000,    200.000       
# span 2 =    10.3270,    19.7368       
# span 3 =   3.734259,   4.576859       
# span 4 =    204.743,    256.494       
# span 5 =     0.0076,     3.7912       
# span 6 =     0.0071,     0.3414       
# span 7 =          0,          0       
# span 8 =    33.3463,    34.0235       
# span 9 =    23.6538,    26.1375       
# span 10 =    10.3013,    19.7307      
# span 11 =       6256,      20605      
# span 12 =    10.3273,    19.7342      
# span 13 =   3.734444,   4.576675      
# span 14 =    211.306,    265.643      
# span 15 = 5.6247e-02, 2.5557e+00      
# span 16 =    33.3434,    34.0251      
# span 17 =    23.6553,    26.1388      
# span 18 =    10.3040,    19.7334      
# span 19 = 9.5982e-02, 2.5042e+00      
# span 20 =          2,         49      
# span 21 = 0.0000e+00, 0.0000e+00      
# interval = decibars: 1                
# start_time = Jul 12 2013 12:59:29 [NMEA time, first data scan]
# bad_flag = -9.990e-29
*END*
[from data line 132]
      16994    134.000    10.7735   3.756129    224.606     0.0220     0.0113          0    33.6765    25.7886    10.7549      16994    10.7729   3.756169    232.611 7.3618e-02    33.6776    25.7894    10.7569 9.5994e-02         26 0.0000e+00
      17087    135.000    10.7411   3.753232    224.180     0.0188     0.0111          0    33.6770    25.7945    10.7224      17087    10.7406   3.753289    231.759 7.2907e-02    33.6781    25.7955    10.7245 9.5994e-02         14 0.0000e+00
      17182    136.000    10.7306   3.752498    224.377 -9.990e-29     0.0105          0    33.6790    25.7979    10.7118      17182    10.7298   3.752607    231.643 6.7190e-02    33.6808    25.7995    10.7136 9.5994e-02         41 0.0000e+00
      17221    137.000    10.7199   3.752129    223.930     0.0236     0.0099          0    33.6846    25.8041    10.7010      17221    10.7200   3.752220    231.556 6.9620e-02    33.6858    25.8052    10.7036 9.5994e-02         35 0.0000e+00
      17347    138.000    10.7360   3.753746    223.142     0.0294     0.0110          0    33.6859    25.8024    10.7169      17347    10.7362   3.754076    230.721 6.7126e-02    33.6889    25.8047    10.7198 9.5994e-02         23 0.0000e+00
      17416    139.000    10.8295   3.768408    223.255     0.0233     0.0112          0    33.7392    25.8274    10.8102      17416    10.8194   3.766485    230.636 6.5361e-02    33.7366    25.8270    10.8028 9.5994e-02         38 0.0000e+00
      17457    140.000    10.8166   3.767639    223.191     0.0223     0.0112          0    33.7499    25.8383    10.7972      17457    10.8175   3.767925    230.387 6.6465e-02    33.7514    25.8394    10.8007 9.5994e-02         33 0.0000e+00
      17591    141.000    10.8090   3.766542    220.903     0.0225     0.0107          0    33.7448    25.8354    10.7895      17591    10.8115   3.767260    228.179 6.6663e-02    33.7497    25.8389    10.7946 9.5994e-02         21 0.0000e+00
      17653    142.000    10.7728   3.764956    221.266     0.0230     0.0109          0    33.7621    25.8554    10.7533      17653    10.7718   3.764948    228.414 6.6448e-02    33.7630    25.8563    10.7548 9.5988e-02         39 0.0000e+00
      17701    143.000    10.7443   3.762872    220.120     0.0177     0.0102          0    33.7670    25.8642    10.7247      17701    10.7451   3.763017    227.216 6.3324e-02    33.7676    25.8646    10.7280 9.5996e-02         16 0.0000e+00
      17814    144.000    10.7399   3.762854    219.441     0.0215     0.0107          0    33.7705    25.8678    10.7201      17814    10.7408   3.763001    226.632 7.7069e-02    33.7710    25.8680    10.7236 9.5989e-02          5 0.0000e+00
      17907    145.000    10.7178   3.761214    218.779     0.0200     0.0109          0    33.7739    25.8743    10.6980      17907    10.7197   3.761413    226.220 6.7135e-02    33.7742    25.8743    10.7024 9.5991e-02         10 0.0000e+00
      17980    146.000    10.6979   3.759415    218.920     0.0190     0.0100          0    33.7741    25.8780    10.6779      17980    10.6974   3.759484    226.084 6.4363e-02    33.7750    25.8788    10.6800 9.5994e-02         17 0.0000e+00
      18049    147.000    10.6770   3.757567    218.793     0.0149     0.0103          0    33.7744    25.8819    10.6569      18049    10.6779   3.757738    226.039 6.3763e-02    33.7749    25.8820    10.6605 9.5994e-02         18 0.0000e+00
      18145    148.000    10.6760   3.758615    218.184     0.0215     0.0103          0    33.7852    25.8906    10.6558      18145    10.6756   3.758592    225.814 6.5256e-02    33.7851    25.8905    10.6580 9.5994e-02         21 0.0000e+00
      18217    149.000    10.6706   3.759221    217.721     0.0219     0.0102          0    33.7958    25.8997    10.6504      18217    10.6707   3.759340    225.241 6.2310e-02    33.7970    25.9006    10.6530 9.5994e-02         40 0.0000e+00
      18250    150.000    10.6651   3.759133    217.425     0.0204     0.0110          0    33.7997    25.9037    10.6447      18250    10.6649   3.759215    224.792 6.2302e-02    33.8007    25.9046    10.6471 9.5994e-02         29 0.0000e+00
      18280    151.000    10.6558   3.758796    216.926     0.0225     0.0113          0    33.8044    25.9091    10.6353      18280    10.6556   3.758878    224.818 6.1396e-02    33.8054    25.9099    10.6376 9.5988e-02         30 0.0000e+00
      18319    152.000    10.6805   3.762443    216.698     0.0204     0.0114          0    33.8177    25.9152    10.6599      18319    10.6802   3.762525    224.306 6.1950e-02    33.8188    25.9161    10.6621 9.5993e-02         33 0.0000e+00
      18383    153.000    10.6814   3.763632    216.623     0.0222     0.0107          0    33.8289    25.9238    10.6606      18383    10.6812   3.763705    223.950 6.3252e-02    33.8297    25.9244    10.6630 9.5994e-02         42 0.0000e+00
      18430    154.000    10.6440   3.761037    216.662     0.0258     0.0107          0    33.8362    25.9360    10.6232      18430    10.6437   3.761076    223.831 6.1459e-02    33.8370    25.9368    10.6254 9.5994e-02         33 0.0000e+00
      18460    155.000    10.6722   3.765685    216.064     0.0256     0.0093          0    33.8565    25.9469    10.6512      18460    10.6728   3.765901    223.435 6.0179e-02    33.8582    25.9481    10.6543 9.5994e-02         28 0.0000e+00
      18487    156.000    10.6869   3.768189    215.659     0.0197     0.0088          0    33.8678    25.9531    10.6657      18487    10.6868   3.768278    223.329 5.8413e-02    33.8689    25.9540    10.6682 9.5994e-02         29 0.0000e+00
      18520    157.000    10.6672   3.766790    215.182     0.0113     0.0085          0    33.8714    25.9594    10.6460      18520    10.6673   3.766884    222.446 6.0104e-02    33.8722    25.9601    10.6486 9.5994e-02         35 0.0000e+00
      18572    158.000    10.6562   3.766003    213.528     0.0200     0.0086          0    33.8733    25.9628    10.6349      18572    10.6574   3.766254    220.923 6.0438e-02    33.8746    25.9637    10.6386 9.5994e-02         23 0.0000e+00
      18623    159.000    10.6737   3.768502    213.182     0.0180     0.0080          0    33.8816    25.9663    10.6522      18623    10.6738   3.768632    220.706 5.9819e-02    33.8828    25.9673    10.6549 9.5988e-02         36 0.0000e+00
      18653    160.000    10.6792   3.769350    213.627     0.0186     0.0081          0    33.8845    25.9676    10.6576      18653    10.6791   3.769452    220.835 6.0180e-02    33.8856    25.9685    10.6600 9.5992e-02         24 0.0000e+00
      18676    161.000    10.6758   3.769305    213.436     0.0223     0.0075          0    33.8870    25.9701    10.6541      18676    10.6756   3.769387    220.558 5.7685e-02    33.8880    25.9710    10.6564 9.5994e-02         22 0.0000e+00
      18697    162.000    10.6637   3.768403    213.364     0.0252     0.0081          0    33.8887    25.9736    10.6418      18697    10.6636   3.768492    220.413 5.8385e-02    33.8896    25.9744    10.6443 9.5994e-02         22 0.0000e+00
      18721    163.000    10.6621   3.768397    213.413     0.0233     0.0086          0    33.8897    25.9747    10.6401      18721    10.6621   3.768511    220.304 5.9978e-02    33.8908    25.9755    10.6427 9.5994e-02         26 0.0000e+00
      18752    164.000    10.6547   3.768136    213.318     0.0181     0.0102          0    33.8934    25.9789    10.6326      18752    10.6554   3.768291    220.410 5.8600e-02    33.8943    25.9795    10.6359 9.5994e-02         34 0.0000e+00
      18816    165.000    10.6431   3.767283    212.988     0.0158     0.0091          0    33.8951    25.9823    10.6209      18816    10.6439   3.767440    220.273 6.2071e-02    33.8958    25.9827    10.6243 9.5994e-02         25 0.0000e+00
      18861    166.000    10.6347   3.766654    212.913     0.0117     0.0102          0    33.8962    25.9846    10.6124      18861    10.6345   3.766742    220.228 5.8833e-02    33.8973    25.9855    10.6148 9.5994e-02         31 0.0000e+00
      18887    167.000    10.6276   3.766726    212.858     0.0207     0.0107          0    33.9028    25.9911    10.6053      18887    10.6277   3.766855    220.344 5.8255e-02    33.9043    25.9923    10.6079 9.5994e-02         23 0.0000e+00
      18908    168.000    10.6504   3.770946    212.668     0.0211     0.0089          0    33.9237    26.0034    10.6279      18908    10.6506   3.771129    220.093 6.0371e-02    33.9254    26.0047    10.6306 9.5994e-02         20 0.0000e+00
      18929    169.000    10.6580   3.772577    212.806     0.0176     0.0082          0    33.9322    26.0085    10.6353      18929    10.6580   3.772729    219.918 5.8952e-02    33.9335    26.0095    10.6379 9.5994e-02         21 0.0000e+00
      18951    170.000    10.6606   3.773980    212.420     0.0186     0.0080          0    33.9437    26.0176    10.6378      18951    10.6597   3.774074    219.253 5.9314e-02    33.9452    26.0189    10.6395 9.5994e-02         25 0.0000e+00
      18982    171.000    10.6833   3.777434    210.455     0.0207     0.0081          0    33.9569    26.0236    10.6604      18982    10.6833   3.777550    217.381 6.1242e-02    33.9581    26.0245    10.6629 9.5994e-02         34 0.0000e+00
      19041    172.000    10.6859   3.777863    207.793     0.0215     0.0074          0    33.9585    26.0244    10.6628      19041    10.6856   3.777948    215.235 6.1005e-02    33.9595    26.0251    10.6651 9.5994e-02         28 0.0000e+00
      19088    173.000    10.6901   3.778496    206.939     0.0210     0.0076          0    33.9604    26.0251    10.6669      19088    10.6901   3.778611    214.524 5.8754e-02    33.9616    26.0260    10.6694 9.5994e-02         31 0.0000e+00
      19113    174.000    10.6958   3.779360    207.351     0.0180     0.0083          0    33.9633    26.0264    10.6725      19113    10.6957   3.779467    214.782 5.6876e-02    33.9645    26.0274    10.6749 9.5994e-02         23 0.0000e+00
      19135    175.000    10.6975   3.779873    207.809     0.0178     0.0071          0    33.9662    26.0283    10.6740      19135    10.6973   3.779975    214.890 5.7561e-02    33.9673    26.0292    10.6764 9.5994e-02         21 0.0000e+00
      19156    176.000    10.6880   3.779712    207.765     0.0171     0.0071          0    33.9735    26.0358    10.6644      19156    10.6878   3.779818    214.805 5.6835e-02    33.9747    26.0368    10.6668 9.5994e-02         22 0.0000e+00
      19181    177.000    10.6678   3.778216    207.393     0.0168     0.0078          0    33.9766    26.0418    10.6441      19181    10.6685   3.778371    214.422 5.7002e-02    33.9774    26.0423    10.6473 9.5994e-02         29 0.0000e+00
      19219    178.000    10.6547   3.777299    207.048     0.0134     0.0072          0    33.9790    26.0459    10.6310      19219    10.6549   3.777399    213.808 5.8000e-02    33.9799    26.0466    10.6336 9.5994e-02         37 0.0000e+00
      19271    179.000    10.6393   3.776071    206.155     0.0211     0.0071          0    33.9807    26.0499    10.6154      19271    10.6392   3.776151    213.635 5.8047e-02    33.9816    26.0507    10.6178 9.5990e-02         32 0.0000e+00
      19309    180.000    10.6311   3.775548    206.067     0.0114     0.0072          0    33.9826    26.0529    10.6071      19309    10.6312   3.775645    213.812 5.7132e-02    33.9835    26.0536    10.6098 9.5994e-02         31 0.0000e+00
      19337    181.000    10.6272   3.775231    206.722     0.0163     0.0076          0    33.9826    26.0536    10.6031      19337    10.6273   3.775335    213.445 5.7699e-02    33.9836    26.0544    10.6057 9.5994e-02         26 0.0000e+00
      19363    182.000    10.6262   3.775169    206.400     0.0090     0.0075          0    33.9825    26.0537    10.6020      19363    10.6263   3.775280    213.081 5.8042e-02    33.9834    26.0544    10.6046 9.5994e-02         25 0.0000e+00
      19388    183.000    10.6241   3.775000    206.384     0.0076     0.0073          0    33.9823    26.0539    10.5998      19388    10.6245   3.775132    213.103 5.7134e-02    33.9833    26.0547    10.6027 9.5994e-02         26 0.0000e+00
      19417    184.000    10.6119   3.774222    206.545     0.0121     0.0076          0    33.9853    26.0585    10.5875      19417    10.6128   3.774368    213.116 5.7435e-02    33.9860    26.0589    10.5909 9.5994e-02         31 0.0000e+00
      19452    185.000    10.5621   3.770561    206.546     0.0153     0.0071          0    33.9946    26.0744    10.5376      19452    10.5627   3.770669    213.158 5.7230e-02    33.9951    26.0747    10.5407 9.5994e-02         40 0.0000e+00
      19497    186.000    10.5134   3.765828    205.798     0.0172     0.0071          0    33.9919    26.0808    10.4888      19497    10.5135   3.765913    212.594 5.6826e-02    33.9926    26.0813    10.4915 9.5994e-02         43 0.0000e+00
      19533    187.000    10.5051   3.765004    205.768     0.0180     0.0079          0    33.9909    26.0815    10.4805      19533    10.5050   3.765084    212.849 5.9212e-02    33.9918    26.0822    10.4829 9.5994e-02         26 0.0000e+00
      19560    188.000    10.4868   3.763191    206.084     0.0182     0.0071          0    33.9893    26.0835    10.4620      19560    10.4866   3.763246    213.221 5.7688e-02    33.9900    26.0841    10.4644 9.5994e-02         24 0.0000e+00
      19583    189.000    10.4715   3.761790    206.183     0.0123     0.0077          0    33.9890    26.0859    10.4467      19583    10.4716   3.761886    213.168 5.6247e-02    33.9899    26.0866    10.4493 9.5994e-02         19 0.0000e+00
      19607    190.000    10.4606   3.761264    206.637     0.0175     0.0073          0    33.9949    26.0925    10.4357      19607    10.4608   3.761351    213.287 5.7496e-02    33.9958    26.0931    10.4384 9.5994e-02         25 0.0000e+00
      19635    191.000    10.4087   3.757486    207.045     0.0198     0.0077          0    34.0033    26.1080    10.3837      19635    10.4094   3.757610    213.664 5.7675e-02    34.0039    26.1083    10.3870 9.5994e-02         32 0.0000e+00
      19711    192.000    10.4288   3.758939    206.152     0.0196     0.0075          0    33.9982    26.1004    10.4037      19711    10.4185   3.758227    213.296 5.8402e-02    34.0010    26.1044    10.3959 9.5994e-02         25 0.0000e+00
      19780    193.000    10.4009   3.756718    206.434     0.0178     0.0076          0    34.0018    26.1082    10.3758      19780    10.3953   3.756380    212.770 5.7791e-02    34.0037    26.1107    10.3726 9.5994e-02         35 0.0000e+00
      19809    194.000    10.3850   3.755938    206.042     0.0132     0.0085          0    34.0094    26.1168    10.3597      19809    10.3846   3.756021    212.646 5.7185e-02    34.0106    26.1179    10.3619 9.5994e-02         29 0.0000e+00
      19842    195.000    10.3724   3.755034    205.696     0.0092     0.0073          0    34.0108    26.1201    10.3470      19842    10.3727   3.755147    212.776 5.8268e-02    34.0116    26.1207    10.3498 9.5994e-02         40 0.0000e+00
      19944    196.000    10.3643   3.754076    205.702     0.0185     0.0072          0    34.0082    26.1196    10.3388      19944    10.3678   3.754600    212.361 5.8187e-02    34.0097    26.1200    10.3448 9.5994e-02         12 0.0000e+00
      20049    197.000    10.3449   3.752541    205.427     0.0204     0.0075          0    34.0101    26.1243    10.3194      20049    10.3444   3.752650    212.216 5.7157e-02    34.0119    26.1259    10.3213 9.5994e-02         23 0.0000e+00
      20129    198.000    10.3291   3.751870    205.289     0.0211     0.0075          0    34.0177    26.1331    10.3035      20129    10.3294   3.751981    212.168 5.8455e-02    34.0184    26.1335    10.3063 9.5994e-02          8 0.0000e+00
