tests/data/CTD_with_sigma_e00.cnv
* Sea-Bird SBE 9 Data File:
* FileName = C:\CTD_data\km1312\km1312_s18_c03_ctd22.hex
* Software Version Seasave V 7.21k
* Temperature SN = 1489
* Conductivity SN = 1176
* Number of Bytes Per Scan = 41
* Number of Voltage Words = 4
* Number of Scans Averaged by the Deck Unit = 1
* NMEA Latitude = 39 16.23 N
* NMEA Longitude = 150 06.34 W
* NMEA UTC (Time) = Jul 12 2013  12:59:28
* NMEA baud rate = 4800
** Ship: KM
** Station: 18
** Operator: EZ
# nquan = 22
# nvalues = 199                         
# units = specified
# name 0 = scan: Scan Count
# name 1 = prDM: Pressure, Digiquartz [db]
# name 2 = t068C: Temperature [ITS-68, deg C]
# name 3 = c0S/m: Conductivity [S/m]
# name 4 = sbeox0Mm/Kg: Oxygen, SBE 43 [umol/Kg]
# name 5 = flECO-AFL: Fluorescence, WET Labs ECO-AFL/FL [mg/m^3]
# name 6 = CStarAt0: Beam Attenuation, WET Labs C-Star [1/m]
# name 7 = nbf: Bottles Fired
# name 8 = sal00: Salinity, Practical [PSU]
# name 9 = sigma-�00: Density [sigma-theta, Kg/m^3]
# name 10 = potemp090C: Potential Temperature [ITS-90, deg C]
# name 11 = scan: Scan Count
# name 12 = t168C: Temperature, 2 [ITS-68, deg C]
# name 13 = c1S/m: Conductivity, 2 [S/m]
# name 14 = sbeox1Mm/Kg: Oxygen, SBE 43, 2 [umol/Kg]
# name 15 = flSP: Fluorescence, Seapoint
# name 16 = sal11: Salinity, Practical, 2 [PSU]
# name 17 = sigma-�11: Density, 2 [sigma-theta, Kg/m^3]
# name 18 = potemp168C: Potential Temperature, 2 [ITS-68, deg C]
# name 19 = par: PAR/Irradiance, Biospherical/Licor
# name 20 = nbin: number of scans per bin
# name 21 = flag: flag
# span 0 =       6256,      20605       
# span 1 =      2.000,    200.000       
# span 2 =    10.3270,    19.7368       
# span 3 =   3.734259,   4.576859       
# span 4 =    204.743,    256.494       
# span 5 =     0.0076,     3.7912       
# span 6 =     0.0071,     0.3414       
# span 7 =          0,          0       
# span 8 =    33.3463,    34.0235       
# span 9 =    23.6538,    26.1375       
# span 10 =    10.3013,    19.7307      
# span 11 =       6256,      20605      
# span 12 =    10.3273,    19.7342      
# span 13 =   3.734444,   4.576675      
# span 14 =    211.306,    265.643      
# span 15 = 5.6247e-02, 2.5557e+00      
# span 16 =    33.3434,    34.0251      
# span 17 =    23.6553,    26.1388      
# span 18 =    10.3040,    19.7334      
# span 19 = 9.5982e-02, 2.5042e+00      
# span 20 =          2,         49      
# span 21 = 0.0000e+00, 0.0000e+00      
# interval = decibars: 1                
# start_time = Jul 12 2013 12:59:29 [NMEA time, first data scan]
# bad_flag = -9.990e-29
*END*
       6256      2.000    19.7225   4.575058    214.015     0.0988     0.2238          0    33.4538    23.6564    19.7174       6256    19.7238   4.575426    221.661 1.1076e-01    33.4556    23.6572    19.7235 2.5042e+00         13 0.0000e+00
       6322      3.000    19.7342   4.576388    213.840     0.0948     0.2076          0    33.4550    23.6542    19.7290       6322    19.7331   4.576477    221.840 1.1374e-01    33.4566    23.6557    19.7326 1.9808e+00         42 0.0000e+00
       6403      4.000    19.7351   4.576534    214.138     0.0931     0.0886          0    33.4552    23.6542    19.7297       6403    19.7341   4.576634    221.783 1.1597e-01    33.4568    23.6557    19.7334 1.9420e+00         29 0.0000e+00
       6529      5.000    19.7352   4.576578    214.276     0.0980     0.0778          0    33.4551    23.6541    19.7296       6529    19.7342   4.576675    221.432 1.1629e-01    33.4566    23.6556    19.7333 1.5998e+00         40 0.0000e+00
       6587      6.000    19.7344   4.576528    214.292     0.0937     0.0770          0    33.4550    23.6542    19.7286       6587    19.7340   4.576672    221.991 1.1295e-01    33.4566    23.6556    19.7329 1.2818e+00         36 0.0000e+00
       6645      7.000    19.7313   4.576199    213.004     0.0927     0.0773          0    33.4544    23.6547    19.7253       6645    19.7273   4.575956    221.860 1.1547e-01    33.4557    23.6575    19.7261 1.2019e+00         33 0.0000e+00
       6702      8.000    19.7368   4.576859    214.780     0.0985     0.0763          0    33.4552    23.6538    19.7307       6702    19.7325   4.576446    221.521 1.2121e-01    33.4558    23.6553    19.7310 1.0085e+00         14 0.0000e+00
       6824      9.000    19.7064   4.573212    214.025     0.1006     0.0777          0    33.4497    23.6577    19.7001       6824    19.7191   4.574917    222.147 1.2411e-01    33.4525    23.6566    19.7175 8.6708e-01         15 0.0000e+00
       6905     10.000    19.6641   4.568364    214.458     0.0967     0.0777          0    33.4433    23.6646    19.6575       6905    19.6224   4.564006    222.233 1.2206e-01    33.4406    23.6714    19.6206 7.2119e-01         24 0.0000e+00
       6971     11.000    19.6091   4.562101    215.020     0.0962     0.0796          0    33.4353    23.6714    19.6025       6971    19.5656   4.557360    223.382 1.1512e-01    33.4307    23.6795    19.5637 6.6126e-01         34 0.0000e+00
       7033     12.000    19.5265   4.552849    215.283     0.1041     0.0821          0    33.4248    23.6852    19.5197       7033    19.4955   4.549535    223.808 1.2616e-01    33.4224    23.6912    19.4934 5.7159e-01         23 0.0000e+00
       7147     13.000    19.2887   4.526881    216.489     0.1187     0.0885          0    33.4013    23.7276    19.2818       7147    19.2506   4.522774    225.013 1.2618e-01    33.3975    23.7337    19.2483 4.9683e-01         17 0.0000e+00
       7220     14.000    18.8083   4.476063    216.738     0.1197     0.0935          0    33.3652    23.8223    18.8013       7220    18.7839   4.473228    224.858 1.1848e-01    33.3615    23.8254    18.7814 4.4017e-01         39 0.0000e+00
       7275     15.000    18.6787   4.462602    219.750     0.1403     0.1056          0    33.3572    23.8485    18.6716       7275    18.6813   4.462964    228.153 1.6551e-01    33.3580    23.8485    18.6787 3.8724e-01         17 0.0000e+00
       7368     16.000    18.5882   4.453523    220.243     0.1487     0.1001          0    33.3540    23.8686    18.5810       7368    18.5949   4.453996    228.494 1.7141e-01    33.3528    23.8662    18.5922 3.5353e-01         10 0.0000e+00
       7451     17.000    18.5051   4.445729    221.174     0.1563     0.1029          0    33.3544    23.8879    18.4977       7451    18.5500   4.449927    228.980 1.6469e-01    33.3538    23.8772    18.5470 3.1195e-01         12 0.0000e+00
       7532     18.000    18.5078   4.445816    221.002     0.1604     0.1036          0    33.3537    23.8895    18.5003       7532    18.5131   4.446420    229.439 1.6948e-01    33.3562    23.8928    18.5100 2.6094e-01         14 0.0000e+00
       7621     19.000    18.5072   4.445641    221.396     0.1624     0.1042          0    33.3525    23.8874    18.4995       7621    18.5134   4.446288    229.466 1.6021e-01    33.3533    23.8864    18.5101 2.3146e-01         34 0.0000e+00
       7670     20.000    18.4829   4.443411    221.434     0.1516     0.1051          0    33.3528    23.8945    18.4750       7670    18.4743   4.442695    229.629 1.6722e-01    33.3539    23.8972    18.4708 2.1713e-01         30 0.0000e+00
       7784     21.000    18.4487   4.440205    221.720     0.1612     0.1047          0    33.3531    23.9031    18.4407       7784    18.4488   4.440329    229.834 1.6773e-01    33.3539    23.9036    18.4452 1.8693e-01          7 0.0000e+00
       7860     22.000    18.3752   4.433360    221.529     0.1581     0.1051          0    33.3550    23.9227    18.3670       7860    18.3999   4.435941    229.419 1.6017e-01    33.3560    23.9171    18.3961 1.6478e-01         39 0.0000e+00
       7911     23.000    18.1916   4.416044    221.442     0.1523     0.1072          0    33.3581    23.9700    18.1833       7911    18.2422   4.420546    229.670 1.7280e-01    33.3555    23.9555    18.2383 1.5281e-01         26 0.0000e+00
       8033     24.000    18.0632   4.403110    222.637     0.1672     0.1106          0    33.3528    23.9975    18.0548       8033    18.0706   4.403728    230.971 1.6818e-01    33.3521    23.9950    18.0665 1.3101e-01         25 0.0000e+00
       8091     25.000    17.8682   4.384354    222.380     0.1579     0.1105          0    33.3523    24.0446    17.8597       8091    17.8695   4.384515    230.472 1.6213e-01    33.3526    24.0445    17.8653 1.2284e-01         35 0.0000e+00
       8132     26.000    17.7630   4.373923    223.822     0.1583     0.1092          0    33.3493    24.0679    17.7544       8132    17.7690   4.374470    231.475 1.8528e-01    33.3490    24.0662    17.7647 1.1651e-01         25 0.0000e+00
       8274     27.000    17.6870   4.366529    224.160     0.1800     0.1079          0    33.3470    24.0829    17.6783       8274    17.6780   4.365502    231.997 1.6956e-01    33.3471    24.0856    17.6735 1.0187e-01         30 0.0000e+00
       8334     28.000    17.5497   4.353299    223.429     0.1639     0.1070          0    33.3473    24.1177    17.5409       8334    17.5491   4.353313    231.032 1.6830e-01    33.3479    24.1183    17.5445 9.7425e-02         35 0.0000e+00
       8380     29.000    17.4759   4.346148    225.475     0.1580     0.1043          0    33.3463    24.1346    17.4669       8380    17.4752   4.346162    233.616 1.9075e-01    33.3470    24.1353    17.4704 9.6352e-02         23 0.0000e+00
       8505     30.000    17.4405   4.343532    225.499     0.1779     0.1026          0    33.3525    24.1479    17.4314       8505    17.4352   4.343274    233.218 1.8031e-01    33.3546    24.1509    17.4302 9.6069e-02         18 0.0000e+00
       8570     31.000    17.4159   4.342064    225.166     0.1711     0.1030          0    33.3598    24.1594    17.4066       8570    17.4165   4.342200    233.605 1.7603e-01    33.3605    24.1598    17.4113 9.5994e-02         29 0.0000e+00
       8651     32.000    17.3619   4.336314    225.164     0.1857     0.1034          0    33.3545    24.1682    17.3525       8651    17.3627   4.336522    233.573 1.7287e-01    33.3557    24.1689    17.3574 9.5994e-02          3 0.0000e+00
       8740     33.000    17.3210   4.332579    225.732     0.1784     0.1022          0    33.3557    24.1789    17.3114       8740    17.3214   4.332699    233.889 1.2702e-01    33.3565    24.1794    17.3159 9.5994e-02         30 0.0000e+00
       8807     34.000    17.2314   4.324757    226.545     0.1762     0.1039          0    33.3619    24.2051    17.2216       8807    17.2340   4.324966    234.250 1.2290e-01    33.3617    24.2043    17.2284 9.5993e-02         24 0.0000e+00
       8932     35.000    17.0220   4.304691    227.372     0.1991     0.1125          0    33.3614    24.2541    17.0122       8932    16.9916   4.301591    235.840 1.1709e-01    33.3597    24.2598    16.9859 9.5994e-02         33 0.0000e+00
       8967     36.000    16.6466   4.269994    226.769     0.1987     0.1177          0    33.3709    24.3489    16.6368       8967    16.6459   4.269884    235.314 1.3096e-01    33.3705    24.3488    16.6401 9.5994e-02         29 0.0000e+00
       9025     37.000    16.6622   4.270573    230.409     0.2371     0.1259          0    33.3624    24.3386    16.6523       9025    16.6344   4.267948    239.927 1.5111e-01    33.3632    24.3458    16.6285 9.5994e-02         32 0.0000e+00
       9183     38.000    16.6696   4.270731    228.681     0.2327     0.1207          0    33.3571    24.3329    16.6595       9183    16.7258   4.276031    239.214 1.3120e-01    33.3569    24.3198    16.7197 9.5994e-02         37 0.0000e+00
       9214     39.000    16.1075   4.217868    229.995     0.2486     0.1352          0    33.3628    24.4664    16.0976       9214    16.1422   4.220365    241.354 1.4709e-01    33.3563    24.4531    16.1361 9.5994e-02         33 0.0000e+00
       9255     40.000    15.9364   4.201052    237.329     0.2986     0.1462          0    33.3573    24.5010    15.9263       9255    15.9327   4.200624    244.278 2.1021e-01    33.3563    24.5023    15.9264 9.5982e-02         13 0.0000e+00
       9412     41.000    15.9070   4.197731    238.705     0.3162     0.1516          0    33.3505    24.5014    15.8968       9412    15.7850   4.185105    248.469 2.3548e-01    33.3434    24.5231    15.7787 9.5994e-02         30 0.0000e+00
       9457     42.000    15.2747   4.138062    240.516     0.3123     0.1518          0    33.3541    24.6457    15.2647       9457    15.2855   4.138867    248.291 2.8350e-01    33.3517    24.6415    15.2792 9.5990e-02         32 0.0000e+00
       9552     43.000    15.1219   4.123519    249.080     0.3579     0.1474          0    33.3522    24.6773    15.1119       9552    15.2028   4.130941    257.132 2.2316e-01    33.3556    24.6620    15.1963 9.5991e-02          4 0.0000e+00
       9633     44.000    14.9417   4.106031    250.477     0.3596     0.1479          0    33.3473    24.7128    14.9316       9633    14.9433   4.106204    256.399 1.5575e-01    33.3478    24.7128    14.9368 9.5988e-02         37 0.0000e+00
       9689     45.000    14.6974   4.083234    252.344     0.3548     0.1503          0    33.3489    24.7667    14.6873       9689    14.6980   4.083260    263.200 1.6677e-01    33.3486    24.7662    14.6914 9.5988e-02         16 0.0000e+00
       9811     46.000    14.5652   4.071297    254.433     0.3897     0.1537          0    33.3530    24.7979    14.5550       9811    14.5650   4.071305    262.071 1.5806e-01    33.3530    24.7979    14.5583 9.5982e-02         21 0.0000e+00
       9872     47.000    14.3478   4.052904    255.128     0.4120     0.1591          0    33.3712    24.8580    14.3375       9872    14.3461   4.052792    264.279 1.6738e-01    33.3716    24.8586    14.3393 9.5988e-02         43 0.0000e+00
       9917     48.000    14.2194   4.041653    255.007     0.4667     0.1674          0    33.3780    24.8902    14.2092       9917    14.2209   4.041784    265.643 3.7549e-01    33.3781    24.8899    14.2140 9.5983e-02         20 0.0000e+00
      10061     49.000    14.0218   4.022801    256.494     0.5284     0.1649          0    33.3749    24.9289    14.0115      10061    14.0232   4.022915    265.362 3.7848e-01    33.3729    24.9265    14.0162 9.5987e-02         23 0.0000e+00
      10126     50.000    13.8512   4.008016    253.604     0.5244     0.1642          0    33.3852    24.9723    13.8408      10126    13.8517   4.008130    262.946 4.5164e-01    33.3860    24.9728    13.8447 9.5991e-02         41 0.0000e+00
      10195     51.000    13.6654   3.991433    254.546     0.6164     0.1703          0    33.3924    25.0159    13.6551      10195    13.6662   3.991436    264.557 6.4061e-01    33.3917    25.0152    13.6591 9.5994e-02         22 0.0000e+00
      10300     52.000    13.3535   3.963672    254.701     0.6708     0.1727          0    33.4047    25.0886    13.3432      10300    13.3493   3.963344    265.188 5.5065e-01    33.4053    25.0898    13.3422 9.5986e-02         11 0.0000e+00
      10367     53.000    13.1166   3.943221    254.357     0.6740     0.1737          0    33.4197    25.1477    13.1063      10367    13.1157   3.943228    263.516 5.3691e-01    33.4206    25.1486    13.1085 9.5992e-02         43 0.0000e+00
      10453     54.000    13.0830   3.940012    255.733     0.7809     0.1797          0    33.4198    25.1550    13.0726      10453    13.0735   3.939508    264.874 6.7524e-01    33.4209    25.1566    13.0662 9.5989e-02         12 0.0000e+00
      10557     55.000    12.8957   3.924997    256.331     0.7976     0.1834          0    33.4405    25.2072    12.8852      10557    12.8727   3.923166    264.947 6.4872e-01    33.4441    25.2148    12.8654 9.5987e-02         32 0.0000e+00
      10612     56.000    12.7162   3.910008    254.900     0.8311     0.1895          0    33.4570    25.2555    12.7057      10612    12.7160   3.910040    264.957 7.0979e-01    33.4575    25.2559    12.7085 9.5994e-02         33 0.0000e+00
      10674     57.000    12.6886   3.907417    254.249     0.9271     0.1943          0    33.4562    25.2603    12.6780      10674    12.6894   3.907570    263.409 9.5183e-01    33.4572    25.2610    12.6818 9.5987e-02         11 0.0000e+00
      10801     58.000    12.6427   3.903468    253.788     1.0121     0.1935          0    33.4590    25.2713    12.6320      10801    12.6302   3.902553    263.179 7.9656e-01    33.4614    25.2757    12.6225 9.5993e-02         20 0.0000e+00
      10865     59.000    12.5036   3.891487    253.171     0.9433     0.1938          0    33.4675    25.3049    12.4929      10865    12.5020   3.891331    261.954 7.9222e-01    33.4675    25.3053    12.4942 9.5994e-02         46 0.0000e+00
      10926     60.000    12.2686   3.870295    250.193     1.0821     0.2000          0    33.4727    25.3530    12.2579      10926    12.2570   3.869325    260.157 9.6432e-01    33.4736    25.3569    12.2492 9.5994e-02         10 0.0000e+00
      11043     61.000    12.1137   3.854815    250.283     1.5446     0.2187          0    33.4615    25.3747    12.1030      11043    12.1051   3.854108    259.033 9.0201e-01    33.4624    25.3771    12.0973 9.5994e-02         25 0.0000e+00
      11113     62.000    11.9811   3.842602    250.294     2.2510     0.2983          0    33.4619    25.4002    11.9703      11113    11.9791   3.842477    259.080 1.6112e+00    33.4624    25.4009    11.9712 9.5994e-02         12 0.0000e+00
      11186     63.000    11.8340   3.828943    244.658     3.7912     0.3414          0    33.4607    25.4268    11.8232      11186    11.8344   3.829071    253.534 2.5557e+00    33.4615    25.4274    11.8264 9.5994e-02         13 0.0000e+00
      11278     64.000    11.8012   3.825466    239.930     2.9681     0.2996          0    33.4559    25.4292    11.7903      11278    11.8025   3.825672    248.875 2.3756e+00    33.4568    25.4297    11.7944 9.5994e-02         11 0.0000e+00
      11372     65.000    11.7624   3.821860    239.330     3.0716     0.2501          0    33.4552    25.4359    11.7514      11372    11.7629   3.822020    247.768 2.3272e+00    33.4563    25.4367    11.7547 9.5994e-02          5 0.0000e+00
      11455     66.000    11.7226   3.818288    238.273     2.3869     0.2166          0    33.4558    25.4437    11.7115      11455    11.7226   3.818396    247.165 1.9497e+00    33.4568    25.4446    11.7143 9.5992e-02         29 0.0000e+00
