tests/data/issue3prlabworks2.cnv
* Sea-Bird SBE19plus  Data File:
* FileName = myfile.hex
* Software version 2.2.6
* Temperature SN = 7321
* Conductivity SN = 7321
* System UpLoad Time = Jul 21 2014 10:14:59
* <ApplicationData>
* <Seaterm232>
# nquan = 8
# nvalues = 1413                                  
# units = specified
# name 0 = scan: Scan Count
# name 1 = tv290C: Temperature [ITS-90, deg C]
# name 2 = c0mS/cm: Conductivity [mS/cm]
# name 3 = prdM: Pressure, Strain Gauge [db]
# name 4 = sbeox0ML/L: Oxygen, SBE 43 [ml/l]
# name 5 = turbWETntu0: Turbidity, WET Labs ECO [NTU]
# name 6 = flECO-AFL: Fluorescence, WET Labs ECO-AFL/FL [mg/m^3]
# name 7 = flag:  0.000e+00
# span 0 =          1,       1413                 
# span 1 =    14.9758,    21.6216                 
# span 2 =   0.002534,  39.163043                 
# span 3 =      0.110,     14.975                 
# span 4 =     3.4808,     6.0796                 
# span 5 =    -7.2572,   616.8829                 
# span 6 =    -0.5996,     2.1137                 
# span 7 = 0.0000e+00, 0.0000e+00                 
# interval = seconds: 0.25
# start_time = Jul 21 2014 10:02:46 [Instrument's time stamp, header]
# bad_flag = -9.990e-29
*END*
[from data line 899]
        900    15.2821  39.163043     14.599     5.3766    -5.4051     1.7579  0.000e+00
        901    15.2880  39.144317     14.562     5.3763    -5.7475     1.8387  0.000e+00
        902    15.2859  39.135301     14.520     5.3721    -5.8409     1.8226  0.000e+00
        903    15.2800  39.125847     14.489     5.3692    -5.8253     1.8468  0.000e+00
        904    15.2772  39.131858     14.455     5.3645    -5.7475     1.8387  0.000e+00
        905    15.2759  39.139684     14.414     5.3642    -5.7475     1.8428  0.000e+00
        906    15.2754  39.141312     14.383     5.3648    -5.5607     1.7700  0.000e+00
        907    15.2779  39.142690     14.349     5.3591    -5.4829     1.7781  0.000e+00
        908    15.2806  39.140623     14.307     5.3561    -5.5296     1.7498  0.000e+00
        909    15.2786  39.126285     14.272     5.3571    -5.5452     1.7579  0.000e+00
        910    15.2685  39.121590     14.239     5.3606    -5.7631     1.8468  0.000e+00
        911    15.2580  39.117960     14.204     5.3654    -5.8097     1.8185  0.000e+00
        912    15.2464  39.115207     14.168     5.3707    -5.7631     1.8064  0.000e+00
        913    15.2352  39.120279     14.126     5.3746    -5.7164     1.8307  0.000e+00
        914    15.2306  39.113581     14.091     5.3812    -5.6385     1.9156  0.000e+00
        915    15.2243  39.106696     14.053     5.3855    -5.3895     1.9196  0.000e+00
        916    15.2134  39.104820     14.015     5.3856    -5.5607     1.8954  0.000e+00
        917    15.2072  39.104570     13.978     5.3732    -5.4362     1.8994  0.000e+00
        918    15.2040  39.106198     13.943     5.3661    -5.4829     1.9196  0.000e+00
        919    15.2011  39.107325     13.907     5.3555    -5.4985     1.8913  0.000e+00
        920    15.1985  39.111269     13.869     5.3518    -5.4985     1.8994  0.000e+00
        921    15.1994  39.113835     13.828     5.3444    -5.3739     1.9075  0.000e+00
        922    15.2020  39.105509     13.788     5.3406    -5.5918     1.8913  0.000e+00
        923    15.1985  39.106448     13.743     5.3423    -5.5452     1.8913  0.000e+00
        924    15.1940  39.099063     13.706     5.3480    -5.4518     1.9075  0.000e+00
        925    15.1879  39.090051     13.666     5.3523    -5.4362     1.9237  0.000e+00
        926    15.1783  39.084732     13.629     5.3532    -5.5140     1.8994  0.000e+00
        927    15.1705  39.087049     13.589     5.3569    -5.4518     1.8590  0.000e+00
        928    15.1679  39.096937     13.547     5.3531    -5.5140     1.8307  0.000e+00
        929    15.1697  39.100692     13.504     5.3558    -5.5918     1.8428  0.000e+00
        930    15.1711  39.084733     13.469     5.3581    -5.4673     1.8226  0.000e+00
        931    15.1670  39.080102     13.425     5.3530    -5.5452     1.8549  0.000e+00
        932    15.1634  39.081729     13.387     5.3538    -5.4518     1.8428  0.000e+00
        933    15.1618  39.081980     13.350     5.3536    -5.4985     1.8307  0.000e+00
        934    15.1607  39.078288     13.307     5.3536    -5.4362     1.8307  0.000e+00
        935    15.1594  39.079414     13.268     5.3573    -5.5140     1.7174  0.000e+00
        936    15.1594  39.082918     13.228     5.3558    -5.4673     1.6932  0.000e+00
        937    15.1615  39.083857     13.193     5.3545    -5.5452     1.6972  0.000e+00
        938    15.1631  39.082667     13.151     5.3559    -5.4985     1.7053  0.000e+00
        939    15.1656  39.084732     13.106     5.3598    -5.4051     1.6932  0.000e+00
        940    15.1688  39.082416     13.066     5.3603    -5.4829     1.6851  0.000e+00
        941    15.1687  39.077097     13.024     5.3646    -5.5452     1.6972  0.000e+00
        942    15.1691  39.076220     12.984     5.3692    -5.4362     1.7053  0.000e+00
        943    15.1714  39.076658     12.942     5.3686    -5.6074     1.7093  0.000e+00
        944    15.1738  39.078034     12.898     5.3704    -5.7164     1.6649  0.000e+00
        945    15.1745  39.075281     12.859     5.3694    -5.7786     1.6366  0.000e+00
        946    15.1786  39.077533     12.819     5.3699    -5.7164     1.6366  0.000e+00
        947    15.1831  39.077595     12.785     5.3682    -5.7475     1.6285  0.000e+00
        948    15.1892  39.072963     12.752     5.3671    -5.4829     1.5395  0.000e+00
        949    15.1984  39.073400     12.721     5.3589    -5.5296     1.5638  0.000e+00
        950    15.2054  39.071334     12.681     5.3518    -5.5296     1.5719  0.000e+00
        951    15.2099  39.068830     12.642     5.3551    -5.4518     1.5719  0.000e+00
        952    15.2127  39.072021     12.613     5.3521    -5.5763     1.5152  0.000e+00
        953    15.2149  39.072709     12.580     5.3581    -5.5918     1.5031  0.000e+00
        954    15.2200  39.072958     12.544     5.3602    -5.4829     1.5072  0.000e+00
        955    15.2249  39.070330     12.513     5.3575    -5.4829     1.5152  0.000e+00
        956    15.2293  39.066700     12.480     5.3569    -5.4829     1.4910  0.000e+00
        957    15.2348  39.063008     12.447     5.3641    -5.4518     1.5719  0.000e+00
        958    15.2410  39.062131     12.412     5.3717    -5.4518     1.5961  0.000e+00
        959    15.2462  39.061442     12.381     5.3704    -5.5452     1.5516  0.000e+00
        960    15.2500  39.063256     12.350     5.3766    -5.4985     1.5355  0.000e+00
        961    15.2512  39.064382     12.316     5.3852    -5.3895     1.5274  0.000e+00
        962    15.2509  39.063693     12.283     5.3958    -5.5918     1.5072  0.000e+00
        963    15.2512  39.060878     12.252     5.4002    -5.5452     1.5031  0.000e+00
        964    15.2547  39.059125     12.223     5.4021    -5.4518     1.4829  0.000e+00
        965    15.2603  39.057748     12.190     5.4056    -5.8097     1.5355  0.000e+00
        966    15.2670  39.062565     12.162     5.4029    -5.7786     1.5193  0.000e+00
        967    15.2715  39.060937     12.126     5.4020    -5.7475     1.4950  0.000e+00
        968    15.2744  39.057746     12.095     5.4025    -5.7475     1.5112  0.000e+00
        969    15.2777  39.058871     12.067     5.3999    -5.4206     1.4950  0.000e+00
        970    15.2816  39.057494     12.033     5.3963    -5.5763     1.4950  0.000e+00
        971    15.2873  39.056555     12.000     5.3903    -5.5918     1.5152  0.000e+00
        972    15.2927  39.056742     11.967     5.3851    -5.4829     1.4991  0.000e+00
        973    15.2982  39.058430     11.936     5.3816    -5.5296     1.4950  0.000e+00
        974    15.3034  39.059994     11.901     5.3784    -5.5452     1.4384  0.000e+00
        975    15.3086  39.060243     11.872     5.3783    -5.4051     1.4627  0.000e+00
        976    15.3146  39.060242     11.836     5.3856    -5.4829     1.4303  0.000e+00
        977    15.3212  39.060930     11.806     5.3924    -5.5140     1.4465  0.000e+00
        978    15.3271  39.060678     11.775     5.3995    -5.4829     1.5638  0.000e+00
        979    15.3292  39.059990     11.743     5.4050    -5.6230     1.5638  0.000e+00
        980    15.3282  39.060365     11.710     5.4171    -5.5140     1.5759  0.000e+00
        981    15.3304  39.060240     11.681     5.4263    -5.3895     1.5638  0.000e+00
        982    15.3334  39.060239     11.640     5.4302    -5.8097     1.4425  0.000e+00
        983    15.3353  39.062804     11.615     5.4338    -5.7475     1.4384  0.000e+00
        984    15.3376  39.062303     11.584     5.4278    -5.6541     1.4344  0.000e+00
        985    15.3399  39.063929     11.553     5.4309    -5.7475     1.4627  0.000e+00
        986    15.3410  39.061865     11.522     5.4239    -5.7786     1.4991  0.000e+00
        987    15.3429  39.060926     11.489     5.4196    -5.8409     1.5072  0.000e+00
        988    15.3446  39.060612     11.456     5.4120    -5.7164     1.4910  0.000e+00
        989    15.3483  39.061863     11.425     5.4134    -5.7164     1.4991  0.000e+00
        990    15.3525  39.062801     11.392     5.4111    -5.8564     1.4991  0.000e+00
        991    15.3596  39.064614     11.359     5.4161    -5.5763     1.5072  0.000e+00
        992    15.3721  39.070181     11.330     5.4152    -5.4829     1.5233  0.000e+00
        993    15.3846  39.072495     11.297     5.4107    -5.4829     1.4991  0.000e+00
        994    15.4026  39.075246     11.268     5.4166    -5.5607     1.5072  0.000e+00
        995    15.4179  39.073179     11.233     5.4177    -5.6385     1.5678  0.000e+00
        996    15.4173  39.073867     11.204     5.4180    -5.7786     1.5638  0.000e+00
        997    15.4099  39.070051     11.173     5.4143    -5.6697     1.5880  0.000e+00
        998    15.4089  39.069237     11.139     5.4144    -5.5918     1.5880  0.000e+00
        999    15.4120  39.069487     11.108     5.4151    -5.7786     1.6568  0.000e+00
       1000    15.4147  39.072490     11.077     5.4137    -5.8253     1.6002  0.000e+00
       1001    15.4201  39.071989     11.049     5.4152    -5.7631     1.6366  0.000e+00
       1002    15.4294  39.074303     11.018     5.4135    -5.7319     1.6366  0.000e+00
       1003    15.4312  39.076367     10.984     5.4150    -5.7942     1.6083  0.000e+00
       1004    15.4325  39.074052     10.953     5.4135    -5.7631     1.6204  0.000e+00
       1005    15.4423  39.074739     10.916     5.4208    -5.7008     1.6244  0.000e+00
       1006    15.4520  39.078993     10.881     5.4184    -5.7475     1.6204  0.000e+00
       1007    15.4595  39.081682     10.850     5.4192    -5.7475     1.6285  0.000e+00
       1008    15.4693  39.083058     10.819     5.4275    -5.7786     1.5759  0.000e+00
       1009    15.4841  39.082618     10.785     5.4282    -5.7786     1.5961  0.000e+00
       1010    15.4957  39.084932     10.750     5.4264    -5.8253     1.5961  0.000e+00
       1011    15.5098  39.086744     10.713     5.4285    -5.7319     1.5678  0.000e+00
       1012    15.5248  39.088119     10.681     5.4278    -5.5140     1.5759  0.000e+00
       1013    15.5389  39.089995     10.644     5.4195    -5.4985     1.5880  0.000e+00
       1014    15.5533  39.089868     10.611     5.4184    -5.4829     1.5880  0.000e+00
       1015    15.5634  39.092057     10.575     5.4158    -5.4829     1.5638  0.000e+00
       1016    15.5706  39.094371     10.540     5.4099    -5.8097     1.6123  0.000e+00
       1017    15.5820  39.095496     10.509     5.4134    -5.8097     1.6244  0.000e+00
       1018    15.5932  39.095996     10.471     5.4091    -5.7164     1.6406  0.000e+00
       1019    15.5981  39.096433     10.436     5.4055    -5.6852     1.6446  0.000e+00
       1020    15.6065  39.102002     10.401     5.4073    -5.7164     1.7013  0.000e+00
       1021    15.6291  39.104315     10.368     5.4073    -5.6385     1.6891  0.000e+00
       1022    15.6631  39.109131     10.330     5.4088    -5.6852     1.6972  0.000e+00
       1023    15.6851  39.111882     10.297     5.4088    -5.7319     1.7053  0.000e+00
       1024    15.7030  39.112568     10.261     5.4110    -5.6074     1.6891  0.000e+00
       1025    15.7279  39.114005     10.231     5.4156    -5.4206     1.6810  0.000e+00
       1026    15.7471  39.120888     10.200     5.4236    -5.4985     1.6891  0.000e+00
       1027    15.7532  39.123892     10.166     5.4285    -5.5763     1.7013  0.000e+00
       1028    15.7561  39.123454     10.137     5.4300    -5.5607     1.6932  0.000e+00
       1029    15.7560  39.123704     10.100     5.4287    -5.7475     1.7619  0.000e+00
       1030    15.7641  39.121825     10.066     5.4271    -5.8097     1.7579  0.000e+00
       1031    15.7784  39.123701     10.035     5.4283    -5.8253     1.7255  0.000e+00
       1032    15.7904  39.124576     10.000     5.4286    -5.7164     1.7579  0.000e+00
       1033    15.7994  39.129771      9.969     5.4251    -5.7786     1.6851  0.000e+00
       1034    15.8012  39.130585      9.934     5.4252    -5.7786     1.6810  0.000e+00
       1035    15.8080  39.133401      9.901     5.4252    -5.7786     1.7174  0.000e+00
       1036    15.8109  39.131522      9.867     5.4295    -5.6697     1.6891  0.000e+00
       1037    15.8153  39.129017      9.830     5.4353    -5.5763     1.6649  0.000e+00
       1038    15.8278  39.130142      9.796     5.4322    -5.4985     1.6810  0.000e+00
       1039    15.8461  39.131768      9.766     5.4269    -5.5452     1.6972  0.000e+00
       1040    15.8563  39.132017      9.728     5.4260    -5.5296     1.6810  0.000e+00
       1041    15.8572  39.134521      9.692     5.4226    -5.5452     1.7053  0.000e+00
       1042    15.8569  39.134270      9.659     5.4170    -5.4518     1.7498  0.000e+00
       1043    15.8651  39.131640      9.624     5.4107    -5.5452     1.7579  0.000e+00
       1044    15.8733  39.134769      9.589     5.4079    -5.4985     1.7700  0.000e+00
       1045    15.8753  39.136835      9.555     5.4098    -5.5140     1.7700  0.000e+00
       1046    15.8781  39.136396      9.522     5.4145    -5.4518     1.7093  0.000e+00
       1047    15.8855  39.132889      9.483     5.4116    -5.4829     1.6972  0.000e+00
       1048    15.8972  39.135893      9.449     5.4164    -5.3739     1.7093  0.000e+00
       1049    15.8998  39.131071      9.410     5.4213    -5.5452     1.6891  0.000e+00
       1050    15.8996  39.132010      9.374     5.4249    -5.5140     1.7013  0.000e+00
       1051    15.9011  39.131759      9.336     5.4231    -5.4518     1.7013  0.000e+00
       1052    15.9071  39.133574      9.297     5.4229    -5.4518     1.6972  0.000e+00
       1053    15.9111  39.133386      9.270     5.4172    -5.4362     1.7013  0.000e+00
       1054    15.9129  39.134262      9.231     5.4164    -5.5296     1.6446  0.000e+00
       1055    15.9133  39.138457      9.189     5.4162    -5.4051     1.6204  0.000e+00
       1056    15.9103  39.139396      9.153     5.4234    -5.4829     1.6325  0.000e+00
       1057    15.9142  39.135013      9.116     5.4204    -5.4985     1.6487  0.000e+00
       1058    15.9250  39.132882      9.082     5.4225    -5.7786     1.5961  0.000e+00
       1059    15.9347  39.133382      9.042     5.4189    -5.6852     1.6244  0.000e+00
       1060    15.9380  39.137514      9.011     5.4220    -5.6852     1.6527  0.000e+00
       1061    15.9379  39.138453      8.972     5.4209    -5.7786     1.6325  0.000e+00
       1062    15.9393  39.141896      8.936     5.4227    -5.7475     1.6123  0.000e+00
       1063    15.9385  39.141333      8.896     5.4247    -5.5140     1.6406  0.000e+00
       1064    15.9418  39.137262      8.857     5.4225    -5.5140     1.6244  0.000e+00
       1065    15.9470  39.136385      8.814     5.4217    -5.5452     1.6083  0.000e+00
       1066    15.9498  39.139139      8.773     5.4182    -5.4518     1.6285  0.000e+00
       1067    15.9511  39.137761      8.739     5.4167    -5.6385     1.5152  0.000e+00
       1068    15.9569  39.136571      8.702     5.4157    -5.5140     1.4910  0.000e+00
       1069    15.9629  39.136132      8.664     5.4161    -5.5763     1.5152  0.000e+00
       1070    15.9659  39.137509      8.626     5.4169    -5.4829     1.4910  0.000e+00
       1071    15.9679  39.135880      8.584     5.4190    -5.6074     1.5274  0.000e+00
       1072    15.9752  39.131997      8.549     5.4189    -5.5763     1.4991  0.000e+00
       1073    15.9835  39.131182      8.507     5.4235    -5.5452     1.4991  0.000e+00
       1074    15.9882  39.130806      8.469     5.4250    -5.5452     1.4991  0.000e+00
       1075    15.9940  39.123855      8.425     5.4247    -5.5918     1.4789  0.000e+00
       1076    16.0014  39.124355      8.385     5.4277    -5.5140     1.4222  0.000e+00
       1077    16.0080  39.121349      8.346     5.4270    -5.5140     1.4627  0.000e+00
       1078    16.0145  39.118781      8.312     5.4291    -5.5296     1.4546  0.000e+00
