tests/data/issue3prlabworks2.cnv
* Sea-Bird SBE19plus  Data File:
* FileName = myfile.hex
* Software version 2.2.6
* Temperature SN = 7321
* Conductivity SN = 7321
* System UpLoad Time = Jul 21 2014 10:14:59
* <ApplicationData>
* <Seaterm232>
# nquan = 8
# nvalues = 1413                                  
# units = specified
# name 0 = scan: Scan Count
# name 1 = tv290C: Temperature [ITS-90, deg C]
# name 2 = c0mS/cm: Conductivity [mS/cm]
# name 3 = prdM: Pressure, Strain Gauge [db]
# name 4 = sbeox0ML/L: Oxygen, SBE 43 [ml/l]
# name 5 = turbWETntu0: Turbidity, WET Labs ECO [NTU]
# name 6 = flECO-AFL: Fluorescence, WET Labs ECO-AFL/FL [mg/m^3]
# name 7 = flag:  0.000e+00
# span 0 =          1,       1413                 
# span 1 =    14.9758,    21.6216                 
# span 2 =   0.002534,  39.163043                 
# span 3 =      0.110,     14.975                 
# span 4 =     3.4808,     6.0796                 
# span 5 =    -7.2572,   616.8829                 
# span 6 =    -0.5996,     2.1137                 
# span 7 = 0.0000e+00, 0.0000e+00                 
# interval = seconds: 0.25
# start_time = Jul 21 2014 10:02:46 [Instrument's time stamp, header]
# bad_flag = -9.990e-29
*END*
[from data line 1079]
       1080    16.0314  39.117840      8.228     5.4344    -5.5296     1.4465  0.000e+00
       1081    16.0395  39.101939      8.184     5.4319    -5.4985     1.4506  0.000e+00
       1082    16.0534  39.099684      8.144     5.4306    -5.4829     1.4506  0.000e+00
       1083    16.0630  39.104439      8.102     5.4306    -5.5296     1.4667  0.000e+00
       1084    16.0675  39.101935      8.063     5.4246    -5.5296     1.4020  0.000e+00
       1085    16.0701  39.100557      8.027     5.4253    -5.5452     1.3697  0.000e+00
       1086    16.0730  39.096614      7.983     5.4245    -5.4829     1.4101  0.000e+00
       1087    16.0786  39.092670      7.936     5.4275    -5.5140     1.3818  0.000e+00
       1088    16.0872  39.085534      7.894     5.4290    -5.5140     1.2928  0.000e+00
       1089    16.0999  39.081339      7.854     5.4320    -5.5296     1.3212  0.000e+00
       1090    16.1105  39.079961      7.815     5.4383    -5.5140     1.3171  0.000e+00
       1091    16.1192  39.079835      7.775     5.4481    -5.5296     1.3171  0.000e+00
       1092    16.1249  39.081836      7.733     5.4546    -5.4985     1.3090  0.000e+00
       1093    16.1250  39.080898      7.689     5.4604    -5.4829     1.3373  0.000e+00
       1094    16.1254  39.070948      7.647     5.4640    -5.5452     1.3212  0.000e+00
       1095    16.1369  39.064251      7.603     5.4565    -5.5452     1.2969  0.000e+00
       1096    16.1518  39.058306      7.562     5.4489    -5.4829     1.3009  0.000e+00
       1097    16.1688  39.058741      7.521     5.4431    -5.4829     1.3131  0.000e+00
       1098    16.1855  39.053234      7.481     5.4358    -5.5296     1.3171  0.000e+00
       1099    16.2044  39.058299      7.439     5.4304    -5.4829     1.3131  0.000e+00
       1100    16.2125  39.045035      7.397     5.4346    -5.4051     1.3090  0.000e+00
       1101    16.2332  39.044219      7.359     5.4348    -5.4673     1.3171  0.000e+00
       1102    16.2540  39.049033      7.313     5.4413    -5.5296     1.3131  0.000e+00
       1103    16.2708  39.032642      7.272     5.4435    -5.5452     1.3131  0.000e+00
       1104    16.2985  39.029886      7.231     5.4446    -5.4829     1.3252  0.000e+00
       1105    16.3167  39.022504      7.184     5.4434    -5.5607     1.2322  0.000e+00
       1106    16.3381  39.010994      7.144     5.4473    -5.4829     1.2807  0.000e+00
       1107    16.3744  39.013741      7.104     5.4451    -5.4518     1.2362  0.000e+00
       1108    16.3892  39.001045      7.062     5.4481    -5.4673     1.2524  0.000e+00
       1109    16.4139  39.003418      7.018     5.4461    -5.4518     1.3131  0.000e+00
       1110    16.4415  38.990472      6.976     5.4458    -5.5140     1.3090  0.000e+00
       1111    16.4741  38.978778      6.932     5.4470    -5.5452     1.3333  0.000e+00
       1112    16.5118  38.970709      6.887     5.4447    -5.6074     1.3090  0.000e+00
       1113    16.5430  38.962392      6.843     5.4511    -5.3739     1.3373  0.000e+00
       1114    16.5739  38.950889      6.803     5.4475    -5.5452     1.2524  0.000e+00
       1115    16.6006  38.949948      6.761     5.4471    -5.5140     1.2484  0.000e+00
       1116    16.6147  38.953883      6.715     5.4466    -5.4829     1.2403  0.000e+00
       1117    16.6286  38.966318      6.667     5.4427    -5.4829     1.2565  0.000e+00
       1118    16.6327  38.951630      6.625     5.4395    -5.4985     1.1958  0.000e+00
       1119    16.6544  38.932069      6.578     5.4331    -5.4518     1.1918  0.000e+00
       1120    16.6902  38.933876      6.534     5.4206    -5.6074     1.2120  0.000e+00
       1121    16.7017  38.937561      6.492     5.4246    -5.5140     1.1998  0.000e+00
       1122    16.6993  38.937311      6.452     5.4269    -5.4362     1.1837  0.000e+00
       1123    16.7060  38.928813      6.397     5.4377    -5.4518     1.1958  0.000e+00
       1124    16.7264  38.925624      6.353     5.4435    -5.5763     1.1877  0.000e+00
       1125    16.7514  38.906317      6.311     5.4467    -5.6074     1.1796  0.000e+00
       1126    16.7743  38.897382      6.269     5.4572    -5.5452     1.1998  0.000e+00
       1127    16.7940  38.893695      6.231     5.4658    -5.4206     1.1756  0.000e+00
       1128    16.8134  38.906122      6.191     5.4826    -5.4829     1.1756  0.000e+00
       1129    16.8100  38.917366      6.153     5.4668    -5.5452     1.1675  0.000e+00
       1130    16.7909  38.914557      6.109     5.4768    -5.4829     1.1998  0.000e+00
       1131    16.7902  38.907498      6.065     5.4716    -5.4518     1.1635  0.000e+00
       1132    16.8032  38.896191      6.027     5.4700    -5.5607     1.1877  0.000e+00
       1133    16.8147  38.890256      5.988     5.4692    -5.5452     1.1877  0.000e+00
       1134    16.8354  38.877389      5.950     5.4651    -5.5296     1.1756  0.000e+00
       1135    16.8647  38.874887      5.910     5.4570    -5.5452     1.2403  0.000e+00
       1136    16.8912  38.861335      5.873     5.4522    -5.4206     1.2201  0.000e+00
       1137    16.9221  38.853090      5.831     5.4587    -5.4518     1.2565  0.000e+00
       1138    16.9566  38.839352      5.791     5.4586    -5.5140     1.2686  0.000e+00
       1139    16.9928  38.800405      5.753     5.4605    -5.4362     1.1675  0.000e+00
       1140    17.0467  38.750870      5.711     5.4602    -5.4362     1.1998  0.000e+00
       1141    17.1267  38.767013      5.682     5.4530    -5.5918     1.1958  0.000e+00
       1142    17.1696  38.739817      5.651     5.4557    -5.4206     1.1675  0.000e+00
       1143    17.2068  38.702843      5.618     5.4616    -5.4673     1.3899  0.000e+00
       1144    17.2473  38.696418      5.576     5.4566    -5.5140     1.3818  0.000e+00
       1145    17.2816  38.582300      5.538     5.4530    -5.5140     1.3656  0.000e+00
       1146    17.3802  38.413675      5.503     5.4436    -5.4518     1.3616  0.000e+00
       1147    17.5187  38.362841      5.468     5.4306    -5.5140     1.3859  0.000e+00
       1148    17.6501  38.157413      5.428     5.4308    -5.4362     1.3778  0.000e+00
       1149    17.8484  38.067077      5.394     5.4312    -5.4362     1.3616  0.000e+00
       1150    18.0394  38.027810      5.352     5.4309    -5.5140     1.3818  0.000e+00
       1151    18.1902  37.953866      5.317     5.4472    -5.4051     1.3778  0.000e+00
       1152    18.3172  37.728295      5.279     5.4612    -5.5607     1.3737  0.000e+00
       1153    18.4845  37.707056      5.242     5.4655    -5.5607     1.3899  0.000e+00
       1154    18.6106  37.800584      5.209     5.4597    -5.4829     1.3697  0.000e+00
       1155    18.6332  37.763671      5.177     5.4686    -5.5140     1.3859  0.000e+00
       1156    18.6654  37.564984      5.142     5.4648    -5.6074     1.3859  0.000e+00
       1157    18.7846  37.593116      5.102     5.4380    -5.5140     1.3899  0.000e+00
       1158    18.8671  37.540515      5.067     5.4270    -5.4829     1.3859  0.000e+00
       1159    18.9363  37.397422      5.032     5.4229    -5.5452     1.3737  0.000e+00
       1160    19.0396  37.368155      4.996     5.4157    -5.5296     1.3212  0.000e+00
       1161    19.1198  37.398075      4.961     5.4140    -5.4985     1.3050  0.000e+00
       1162    19.1328  37.352782      4.917     5.4239    -5.5140     1.2928  0.000e+00
       1163    19.1588  37.297317      4.884     5.4328    -5.5140     1.3212  0.000e+00
       1164    19.2243  37.385339      4.846     5.4286    -5.4829     1.3090  0.000e+00
       1165    19.2064  37.227524      4.810     5.4431    -5.5918     1.3818  0.000e+00
       1166    19.2093  37.182929      4.773     5.4399    -5.4362     1.3818  0.000e+00
       1167    19.2271  37.180106      4.735     5.4343    -5.4051     1.3737  0.000e+00
       1168    19.2261  37.185747      4.698     5.4341    -5.6074     1.3859  0.000e+00
       1169    19.2022  37.066423      4.658     5.4359    -5.4829     1.2484  0.000e+00
       1170    19.2115  36.927617      4.629     5.4269    -5.4829     1.2524  0.000e+00
       1171    19.2530  36.893127      4.594     5.4231    -5.5140     1.2807  0.000e+00
       1172    19.2831  36.769659      4.561     5.4226    -5.5918     1.2565  0.000e+00
       1173    19.3150  36.374364      4.520     5.4294    -5.5140     1.3939  0.000e+00
       1174    19.3988  36.222277      4.483     5.4328    -5.4673     1.3818  0.000e+00
       1175    19.4838  36.194357      4.450     5.4312    -5.5763     1.3980  0.000e+00
       1176    19.5335  36.185677      4.414     5.4382    -5.4985     1.3535  0.000e+00
       1177    19.5621  35.947966      4.373     5.4601    -5.4829     1.3131  0.000e+00
       1178    19.6128  35.819555      4.333     5.4707    -5.5763     1.3131  0.000e+00
       1179    19.6581  35.751250      4.300     5.4823    -5.5452     1.3252  0.000e+00
       1180    19.6870  35.633191      4.264     5.4983    -5.4362     1.3212  0.000e+00
       1181    19.7133  35.505896      4.229     5.5180    -5.3584     1.3252  0.000e+00
       1182    19.7466  35.667010      4.195     5.5257    -5.5296     1.3656  0.000e+00
       1183    19.7459  35.597502      4.154     5.5402    -5.4518     1.3697  0.000e+00
       1184    19.7520  35.208286      4.116     5.5575    -5.6074     1.3859  0.000e+00
       1185    19.8062  35.057516      4.085     5.5615    -5.4829     1.3899  0.000e+00
       1186    19.8568  35.069011      4.047     5.5600    -5.4829     1.3212  0.000e+00
       1187    19.8905  34.959095      4.017     5.5692    -5.4518     1.3333  0.000e+00
       1188    19.9203  35.112384      3.975     5.5694    -5.4673     1.3252  0.000e+00
       1189    19.9240  34.869097      3.941     5.5849    -5.3584     1.3131  0.000e+00
       1190    19.9476  34.739557      3.904     5.5976    -5.4829     1.3171  0.000e+00
       1191    19.9808  34.681805      3.870     5.6064    -5.5607     1.3414  0.000e+00
       1192    20.0078  34.696712      3.837     5.6143    -5.5140     1.3131  0.000e+00
       1193    20.0212  34.479027      3.798     5.6261    -5.4673     1.3171  0.000e+00
       1194    20.0658  34.386787      3.765     5.6402    -5.4362     1.3090  0.000e+00
       1195    20.1256  34.366991      3.731     5.6382    -5.5140     1.3090  0.000e+00
       1196    20.1540  34.543891      3.692     5.6413    -5.4518     1.3171  0.000e+00
       1197    20.1527  34.310376      3.652     5.6537    -5.4362     1.3009  0.000e+00
       1198    20.1701  34.039296      3.612     5.6623    -5.5607     1.3009  0.000e+00
       1199    20.2357  33.838902      3.577     5.6629    -5.4829     1.1635  0.000e+00
       1200    20.3123  33.871973      3.541     5.6663    -5.4518     1.1958  0.000e+00
       1201    20.3538  33.939940      3.501     5.6710    -5.5452     1.1796  0.000e+00
       1202    20.3623  33.961879      3.461     5.6792    -5.5296     1.1675  0.000e+00
       1203    20.3633  33.890285      3.422     5.6941    -5.4985     1.1109  0.000e+00
       1204    20.3729  33.802218      3.380     5.7058    -5.4673     1.1068  0.000e+00
       1205    20.3927  33.985536      3.340     5.7142    -5.4829     1.1109  0.000e+00
       1206    20.3782  33.886205      3.302     5.7317    -5.4985     1.1190  0.000e+00
       1207    20.3797  33.720906      3.265     5.7473    -5.1560     1.1432  0.000e+00
       1208    20.4140  33.864340      3.229     5.7490    -5.2806     1.1271  0.000e+00
       1209    20.4120  33.718602      3.191     5.7622    -5.2806     1.1311  0.000e+00
       1210    20.4182  33.696606      3.152     5.7713    -5.2494     1.1271  0.000e+00
       1211    20.4292  33.781433      3.114     5.7659    -5.4362     1.0017  0.000e+00
       1212    20.4191  33.806935      3.081     5.7715    -5.5607     1.0179  0.000e+00
       1213    20.4097  33.639433      3.039     5.7670    -5.6074     0.9977  0.000e+00
       1214    20.4366  33.520020      3.003     5.7561    -5.5452     0.9815  0.000e+00
       1215    20.4889  33.547732      2.964     5.7385    -5.4362     0.9977  0.000e+00
       1216    20.5134  33.585289      2.930     5.7249    -5.6074     1.0624  0.000e+00
       1217    20.5046  33.540020      2.890     5.7279    -5.5452     1.0624  0.000e+00
       1218    20.5126  33.393542      2.848     5.7352    -5.5607     1.0745  0.000e+00
       1219    20.5441  33.423918      2.809     5.7348    -5.5452     1.0421  0.000e+00
       1220    20.5575  33.455484      2.769     5.7393    -5.5296     1.0017  0.000e+00
       1221    20.5554  33.369980      2.729     5.7599    -5.4673     0.9896  0.000e+00
       1222    20.5658  33.356119      2.691     5.7657    -5.5452     0.9977  0.000e+00
       1223    20.5844  33.330222      2.651     5.7801    -5.5607     0.9734  0.000e+00
       1224    20.5970  33.301048      2.614     5.7872    -5.5296     1.0745  0.000e+00
       1225    20.6027  33.205792      2.567     5.7971    -5.4673     1.0421  0.000e+00
       1226    20.6272  33.180879      2.530     5.8029    -5.4829     1.0502  0.000e+00
       1227    20.6515  33.175250      2.490     5.8073    -5.4518     1.0583  0.000e+00
       1228    20.6630  33.123052      2.446     5.8084    -5.4362     1.1271  0.000e+00
       1229    20.6733  33.085227      2.404     5.8084    -5.4829     1.1149  0.000e+00
       1230    20.6799  33.072173      2.373     5.8077    -5.5140     1.1190  0.000e+00
       1231    20.6806  33.051983      2.340     5.8014    -5.4985     1.0988  0.000e+00
       1232    20.6831  33.048179      2.304     5.7966    -5.5763     1.1554  0.000e+00
       1233    20.6868  33.054498      2.267     5.7790    -5.5452     1.1190  0.000e+00
       1234    20.6859  33.066378      2.234     5.7650    -5.5607     1.1271  0.000e+00
       1235    20.6776  33.023666      2.191     5.7631    -5.4206     1.1432  0.000e+00
       1236    20.6690  32.956600      2.148     5.7643    -5.4518     1.1109  0.000e+00
       1237    20.6691  32.931646      2.108     5.7694    -5.4829     1.1109  0.000e+00
       1238    20.6748  32.909503      2.064     5.7703    -5.5763     1.1190  0.000e+00
       1239    20.6794  32.912014      2.028     5.7759    -5.5296     1.0988  0.000e+00
       1240    20.6803  32.890402      1.984     5.7804    -5.6074     1.1230  0.000e+00
       1241    20.6795  32.889877      1.944     5.7860    -5.5140     1.2201  0.000e+00
       1242    20.6778  32.914526      1.908     5.7915    -5.4829     1.1877  0.000e+00
       1243    20.6729  32.913884      1.869     5.7967    -5.4829     1.1958  0.000e+00
       1244    20.6681  32.919668      1.833     5.7994    -5.4985     1.1715  0.000e+00
       1245    20.6633  32.896478      1.791     5.8060    -5.3739     1.1918  0.000e+00
       1246    20.6604  32.881936      1.756     5.8047    -5.5452     1.1796  0.000e+00
       1247    20.6587  32.848890      1.714     5.8067    -5.3739     1.1715  0.000e+00
       1248    20.6626  32.840426      1.679     5.8024    -5.4673     1.1877  0.000e+00
       1249    20.6651  32.882227      1.635     5.7938    -5.5607     1.2039  0.000e+00
       1250    20.6577  32.874636      1.593     5.7860    -5.4829     1.3333  0.000e+00
       1251    20.6512  32.833423      1.555     5.7740    -5.4829     1.3171  0.000e+00
       1252    20.6559  32.799112      1.511     5.7697    -5.4362     1.2969  0.000e+00
       1253    20.6628  32.793803      1.468     5.7561    -5.3895     1.3252  0.000e+00
       1254    20.6653  32.779978      1.420     5.7538    -5.4673     1.1796  0.000e+00
       1255    20.6683  32.775603      1.382     5.7521    -5.4673     1.1796  0.000e+00
       1256    20.6668  32.788260      1.340     5.7523    -5.4051     1.1796  0.000e+00
       1257    20.6641  32.786335      1.303     5.7542    -5.5763     1.1796  0.000e+00
       1258    20.6653  32.779977      1.267     5.7562    -5.3739     1.1230  0.000e+00
