tests/data/issue3prlabworks2.cnv
* Sea-Bird SBE19plus  Data File:
* FileName = myfile.hex
* Software version 2.2.6
* Temperature SN = 7321
* Conductivity SN = 7321
* System UpLoad Time = Jul 21 2014 10:14:59
* <ApplicationData>
* <Seaterm232>
# nquan = 8
# nvalues = 1413                                  
# units = specified
# name 0 = scan: Scan Count
# name 1 = tv290C: Temperature [ITS-90, deg C]
# name 2 = c0mS/cm: Conductivity [mS/cm]
# name 3 = prdM: Pressure, Strain Gauge [db]
# name 4 = sbeox0ML/L: Oxygen, SBE 43 [ml/l]
# name 5 = turbWETntu0: Turbidity, WET Labs ECO [NTU]
# name 6 = flECO-AFL: Fluorescence, WET Labs ECO-AFL/FL [mg/m^3]
# name 7 = flag:  0.000e+00
# span 0 =          1,       1413                 
# span 1 =    14.9758,    21.6216                 
# span 2 =   0.002534,  39.163043                 
# span 3 =      0.110,     14.975                 
# span 4 =     3.4808,     6.0796                 
# span 5 =    -7.2572,   616.8829                 
# span 6 =    -0.5996,     2.1137                 
# span 7 = 0.0000e+00, 0.0000e+00                 
# interval = seconds: 0.25
# start_time = Jul 21 2014 10:02:46 [Instrument's time stamp, header]
# bad_flag = -9.990e-29
*END*
[from data line 1259]
       1260    20.6709  32.776127      1.179     5.7519    -5.5763     1.1149  0.000e+00
       1261    20.6718  32.764522      1.132     5.7525    -5.5140     1.1311  0.000e+00
       1262    20.6734  32.764929      1.086     5.7483    -5.6230     1.1190  0.000e+00
       1263    20.6758  32.753150      1.041     5.7480    -5.4985     1.1068  0.000e+00
       1264    20.6782  32.747203      1.000     5.7480    -5.5296     1.1190  0.000e+00
       1265    20.6825  32.747610      0.968     5.7475    -5.4829     1.1271  0.000e+00
       1266    20.6867  32.747668      0.922     5.7479    -5.5140     1.1230  0.000e+00
       1267    20.6896  32.748600      0.871     5.7501    -5.5763     1.2484  0.000e+00
       1268    20.6936  32.749883      0.820     5.7519    -5.4518     1.2484  0.000e+00
       1269    20.6985  32.745101      0.778     5.7461    -5.4985     1.2767  0.000e+00
       1270    20.7003  32.743527      0.741     5.7370    -5.5607     1.2322  0.000e+00
       1271    20.7022  32.741428      0.701     5.7285    -5.5140     1.1432  0.000e+00
       1272    20.7069  32.738745      0.661     5.7106    -5.4985     1.1432  0.000e+00
       1273    20.7120  32.737054      0.617     5.7226    -5.5763     1.1190  0.000e+00
       1274    20.7105  32.733615      0.575     5.7136    -5.5918     1.1109  0.000e+00
       1275    20.7058  32.718169      0.526     5.7198    -5.5452     1.0543  0.000e+00
       1276    20.7077  32.716711      0.482     5.7340    -5.5452     1.0300  0.000e+00
       1277    20.7102  32.713331      0.438     5.7430    -5.4985     1.0624  0.000e+00
       1278    20.7110  32.704764      0.387     5.7471    -5.4985     1.0583  0.000e+00
       1279    20.7107  32.692469      0.351     5.7312    -5.5452     1.0098  0.000e+00
       1280    20.7096  32.695557      0.325     5.6943    -5.5452     0.9855  0.000e+00
       1281    20.6979  32.696899      0.289     5.6279    -5.5140     0.9855  0.000e+00
       1282    20.6805  32.695152      0.230     5.5503    -5.4673     0.9774  0.000e+00
       1283    20.6685  32.693289      0.159     5.4632    -5.4051     0.9977  0.000e+00
       1284    20.6551  32.694747      0.117     5.3926    38.5327     0.7834  0.000e+00
       1285    20.6425  32.692068      0.119     5.3468    38.6416     0.8036  0.000e+00
       1286    20.6331  32.686709      0.117     5.2943    38.4860     0.8157  0.000e+00
       1287    20.6261  10.345316      0.123     5.7263    38.4082     0.8076  0.000e+00
       1288    20.6189   4.744946      0.121     5.7146    20.8206     1.5152  0.000e+00
       1289    20.6140   5.580903      0.119     5.5396    20.8517     1.5031  0.000e+00
       1290    20.6118   6.025495      0.121     5.3695    20.8206     1.4869  0.000e+00
       1291    20.6097   5.449223      0.121     5.2236    20.7584     1.4910  0.000e+00
       1292    20.6066   4.856115      0.119     5.1033    12.8673     0.5246  0.000e+00
       1293    20.6019   4.169878      0.122     5.0183    12.7272     0.5124  0.000e+00
       1294    20.5936   3.648804      0.119     4.9742    12.7272     0.5043  0.000e+00
       1295    20.5840   3.271874      0.121     4.9720    12.8206     0.5205  0.000e+00
       1296    20.5747   2.966351      0.121     4.9929     1.7545     0.3102  0.000e+00
       1297    20.5679   2.725834      0.121     5.0353     1.6299     0.2941  0.000e+00
       1298    20.5627   2.511870      0.119     5.0707     1.5210     0.3102  0.000e+00
       1299    20.5571   2.409646      0.119     5.0999     1.7389     0.3305  0.000e+00
       1300    20.5516   2.272621      0.117     5.1272     1.5521     0.3062  0.000e+00
       1301    20.5458   2.145727      0.120     5.1532    27.2798    -0.0901  0.000e+00
       1302    20.5398   2.036016      0.119     5.1743    27.3109    -0.0941  0.000e+00
       1303    20.5334   1.912907      0.119     5.1894    27.2331    -0.0537  0.000e+00
       1304    20.5271   1.810571      0.117     5.2046    27.2019    -0.0860  0.000e+00
       1305    20.5205   1.680689      0.119     5.2103    38.1124     0.1161  0.000e+00
       1306    20.5139   1.571815      0.117     5.2239    38.1591     0.1202  0.000e+00
       1307    20.5070   1.476836      0.118     5.2384    37.9568     0.1121  0.000e+00
       1308    20.5003   1.374726      0.120     5.2390    37.8790     0.0959  0.000e+00
       1309    20.4936   1.243769      0.115     5.2485    27.9646     0.0595  0.000e+00
       1310    20.4865   1.158199      0.115     5.2460    27.8089     0.0515  0.000e+00
       1311    20.4794   1.108583      0.113     5.2579    27.9023     0.0515  0.000e+00
       1312    20.4725   1.092362      0.117     5.2586    27.9023     0.0434  0.000e+00
       1313    20.4653   1.064137      0.118     5.2594   585.5988     1.0017  0.000e+00
       1314    20.4582   1.054259      0.120     5.2627   585.8167     0.9734  0.000e+00
       1315    20.4509   1.022932      0.115     5.2674   585.6299     0.9977  0.000e+00
       1316    20.4439   0.969290      0.117     5.2661   585.6766     1.0138  0.000e+00
       1317    20.4363   0.907221      0.115     5.2697   585.7233     0.9896  0.000e+00
       1318    20.4291   0.865710      0.120     5.2726   118.9996     0.8561  0.000e+00
       1319    20.4218   0.862091      0.117     5.2653   118.9062     0.8602  0.000e+00
       1320    20.4146   0.876544      0.115     5.2710   118.9062     0.8602  0.000e+00
       1321    20.4069   0.875936      0.118     5.2691   118.8906     0.8764  0.000e+00
       1322    20.3996   0.858588      0.118     5.2704   137.8478     1.1837  0.000e+00
       1323    20.3922   0.842729      0.116     5.2665   137.8478     1.1998  0.000e+00
       1324    20.3847   0.827721      0.116     5.2683   137.8790     1.1958  0.000e+00
       1325    20.3769   0.818820      0.118     5.2650   137.8323     1.1918  0.000e+00
       1326    20.3696   0.810471      0.116     5.2718   255.7467     1.2524  0.000e+00
       1327    20.3621   0.792051      0.116     5.2717   255.5755     1.2605  0.000e+00
       1328    20.3547   0.767997      0.116     5.2696   255.5443     1.2726  0.000e+00
       1329    20.3470   0.747772      0.120     5.2699   255.6377     1.2241  0.000e+00
       1330    20.3397   0.727423      0.113     5.2693   339.3576     1.3818  0.000e+00
       1331    20.3320   0.708041      0.118     5.2763   339.4198     1.3859  0.000e+00
       1332    20.3248   0.688793      0.116     5.2762   339.4665     1.3697  0.000e+00
       1333    20.3175   0.670280      0.113     5.2804   339.2642     1.3859  0.000e+00
       1334    20.3103   0.653560      0.118     5.2764   339.3887     1.4020  0.000e+00
       1335    20.3028   0.637857      0.118     5.2804   506.4860     1.5880  0.000e+00
       1336    20.2956   0.627404      0.114     5.2807   506.5794     1.5516  0.000e+00
       1337    20.2884   0.617786      0.114     5.2778   506.5949     1.5961  0.000e+00
       1338    20.2811   0.609489      0.118     5.2822   506.4704     1.5921  0.000e+00
       1339    20.2738   0.604026      0.114     5.2759   339.4510     1.5031  0.000e+00
       1340    20.2669   0.595591      0.116     5.2781   339.6222     1.5031  0.000e+00
       1341    20.2597   0.589818      0.114     5.2795   339.7000     1.5072  0.000e+00
       1342    20.2526   0.583903      0.118     5.2838   339.4821     1.4869  0.000e+00
       1343    20.2456   0.583074      0.114     5.2810   570.8595     1.9398  0.000e+00
       1344    20.2385   0.576619      0.118     5.2821   570.8128     1.9681  0.000e+00
       1345    20.2315   0.565655      0.116     5.2872   570.9218     1.9762  0.000e+00
       1346    20.2245   0.562772      0.114     5.2862   570.8284     1.9600  0.000e+00
       1347    20.2174   0.566340      0.114     5.2838   490.9218     2.0692  0.000e+00
       1348    20.2107   0.566625      0.116     5.2851   490.8284     2.0733  0.000e+00
       1349    20.2037   0.566853      0.118     5.2847   490.7817     2.0692  0.000e+00
       1350    20.1970   0.565312      0.116     5.2903   490.7973     2.0773  0.000e+00
       1351    20.1901   0.561687      0.116     5.2885   490.6261     2.1056  0.000e+00
       1352    20.1835   0.557521      0.114     5.2864   542.9062     2.0854  0.000e+00
       1353    20.1768   0.552756      0.116     5.2835   542.9685     2.0652  0.000e+00
       1354    20.1703   0.549191      0.114     5.2834   542.8751     2.0854  0.000e+00
       1355    20.1636   0.542005      0.114     5.2875   542.8440     2.0894  0.000e+00
       1356    20.1569   0.536104      0.114     5.2848   616.5405     2.0854  0.000e+00
       1357    20.1505   0.529093      0.118     5.2839   616.8829     2.0692  0.000e+00
       1358    20.1439   0.524933      0.116     5.2839   616.7428     2.0894  0.000e+00
       1359    20.1376   0.518923      0.114     5.2908   616.8050     2.0692  0.000e+00
       1360    20.1313   0.513740      0.116     5.2902   569.9879     2.1137  0.000e+00
       1361    20.1250   0.507705      0.114     5.2897   569.9412     2.0814  0.000e+00
       1362    20.1187   0.502924      0.116     5.2921   569.8478     2.1097  0.000e+00
       1363    20.1125   0.499509      0.114     5.2934   569.8790     2.0733  0.000e+00
       1364    20.1062   0.495412      0.116     5.2923   538.6572     2.0733  0.000e+00
       1365    20.0999   0.486084      0.114     5.2931   479.3264     2.0490  0.000e+00
       1366    20.0941   0.492454      0.112     5.2943   479.4665     2.0207  0.000e+00
       1367    20.0879   0.492084      0.112     5.2922   479.4821     1.9924  0.000e+00
       1368    20.0821   0.491828      0.112     5.2929   479.3264     2.0288  0.000e+00
       1369    20.0762   0.491544      0.116     5.2893   465.3187     1.9722  0.000e+00
       1370    20.0702   0.487904      0.114     5.2904   465.3498     1.9439  0.000e+00
       1371    20.0646   0.487847      0.112     5.2899   465.2408     1.9439  0.000e+00
       1372    20.0589   0.486198      0.112     5.2864   465.2564     1.9762  0.000e+00
       1373    20.0530   0.486823      0.116     5.2860   482.0346     1.9034  0.000e+00
       1374    20.0476   0.484435      0.114     5.2839   482.1591     1.8792  0.000e+00
       1375    20.0420   0.473179      0.112     5.2848   482.0657     1.8913  0.000e+00
       1376    20.0363   0.481706      0.110     5.2765   482.1591     1.9237  0.000e+00
       1377    20.0310   0.488018      0.114     5.2806   474.7506     1.8145  0.000e+00
       1378    20.0257   0.485004      0.114     5.2775   474.9218     1.8387  0.000e+00
       1379    20.0202   0.484435      0.112     5.2748   474.5949     1.8185  0.000e+00
       1380    20.0147   0.486567      0.116     5.2754   474.8906     1.8428  0.000e+00
       1381    20.0095   0.770016      0.114     5.2720   474.8128     1.8226  0.000e+00
       1382    20.0043   1.518159      0.116     5.2585   490.4548     1.7134  0.000e+00
       1383    19.9992   1.804288      0.116     5.2533   490.2214     1.7215  0.000e+00
       1384    19.9940   1.696206      0.114     5.2561   490.3770     1.7093  0.000e+00
       1385    19.9890   1.478953      0.114     5.2553   490.4237     1.7093  0.000e+00
       1386    19.9836   1.365450      0.114     5.2656   460.7272     1.7296  0.000e+00
       1387    19.9786   1.305310      0.116     5.2604   460.7584     1.7053  0.000e+00
       1388    19.9736   1.173561      0.116     5.2660   460.6183     1.7013  0.000e+00
       1389    19.9687   1.164573      0.117     5.2626   460.6027     1.6810  0.000e+00
       1390    19.9642   1.313735      0.115     5.2658   268.8206     1.2726  0.000e+00
       1391    19.9597   1.388994      0.114     5.2675   268.9296     1.2484  0.000e+00
       1392    19.9555   1.407545      0.115     5.2699   268.7428     1.2484  0.000e+00
       1393    19.9514   1.355080      0.115     5.2710   268.8517     1.2443  0.000e+00
       1394    19.9475   1.250964      0.115     5.2730   212.3692     0.9087  0.000e+00
       1395    19.9435   1.168009      0.115     5.2745   212.3692     0.9249  0.000e+00
       1396    19.9396   1.101556      0.115     5.2759   212.5093     0.9047  0.000e+00
       1397    19.9358   1.039219      0.115     5.2778   212.5871     0.9370  0.000e+00
       1398    19.9321   1.053560      0.117     5.2776   212.5716     0.9249  0.000e+00
       1399    19.9282   1.048039      0.110     5.2709   167.5443     0.8885  0.000e+00
       1400    19.9250   1.024480      0.112     5.2734   167.6844     0.8480  0.000e+00
       1401    19.9212   1.015408      0.117     5.2756   167.5910     0.8764  0.000e+00
       1402    19.9179   1.003688      0.115     5.2765   167.6533     0.8561  0.000e+00
       1403    19.9145   0.998500      0.112     5.2771   113.9412     0.9289  0.000e+00
       1404    19.9108   1.014242      0.114     5.2792   114.0502     0.9532  0.000e+00
       1405    19.9077   1.102201      0.114     5.2752   114.0191     0.9208  0.000e+00
       1406    19.9042   1.185257      0.115     5.2715   114.0191     0.9006  0.000e+00
       1407    19.9006   1.171299      0.115     5.2747   124.1669     1.0058  0.000e+00
       1408    19.8975   1.196930      0.113     5.2699   123.9801     0.9815  0.000e+00
       1409    19.8941   1.178292      0.115     5.2714   124.1358     0.9815  0.000e+00
       1410    19.8906   1.163575      0.115     5.2734   124.0891     0.9815  0.000e+00
       1411    19.8872   1.136224      0.115     5.2753   108.7739     0.9411  0.000e+00
       1412    19.8841   1.093184      0.117     5.2785   108.8517     0.9168  0.000e+00
       1413    19.8807   1.041585      0.115     5.2868   108.7739     0.9208  0.000e+00
