tests/data/issue3prlabworks2.cnv
* Sea-Bird SBE19plus  Data File:
* FileName = myfile.hex
* Software version 2.2.6
* Temperature SN = 7321
* Conductivity SN = 7321
* System UpLoad Time = Jul 21 2014 10:14:59
* <ApplicationData>
* <Seaterm232>
# nquan = 8
# nvalues = 1413                                  
# units = specified
# name 0 = scan: Scan Count
# name 1 = tv290C: Temperature [ITS-90, deg C]
# name 2 = c0mS/cm: Conductivity [mS/cm]
# name 3 = prdM: Pressure, Strain Gauge [db]
# name 4 = sbeox0ML/L: Oxygen, SBE 43 [ml/l]
# name 5 = turbWETntu0: Turbidity, WET Labs ECO [NTU]
# name 6 = flECO-AFL: Fluorescence, WET Labs ECO-AFL/FL [mg/m^3]
# name 7 = flag:  0.000e+00
# span 0 =          1,       1413                 
# span 1 =    14.9758,    21.6216                 
# span 2 =   0.002534,  39.163043                 
# span 3 =      0.110,     14.975                 
# span 4 =     3.4808,     6.0796                 
# span 5 =    -7.2572,   616.8829                 
# span 6 =    -0.5996,     2.1137                 
# span 7 = 0.0000e+00, 0.0000e+00                 
# interval = seconds: 0.25
# start_time = Jul 21 2014 10:02:46 [Instrument's time stamp, header]
# bad_flag = -9.990e-29
*END*
[from data line 720]
        721    15.4899  39.067103     11.920     5.4054    -5.5140     1.6285  0.000e+00
        722    15.4704  39.064165     11.955     5.3943    -5.5763     1.6366  0.000e+00
        723    15.4530  39.058411     11.986     5.3927    -5.7475     1.5799  0.000e+00
        724    15.4369  39.056098     12.017     5.3956    -5.7475     1.5799  0.000e+00
        725    15.4240  39.058415     12.046     5.3963    -5.7786     1.5880  0.000e+00
        726    15.4145  39.064610     12.081     5.4055    -5.8409     1.5921  0.000e+00
        727    15.4086  39.068991     12.113     5.4112    -5.5763     1.5152  0.000e+00
        728    15.4050  39.073184     12.144     5.4098    -5.5452     1.4950  0.000e+00
        729    15.4030  39.074623     12.174     5.4207    -5.5452     1.5193  0.000e+00
        730    15.4013  39.075437     12.210     5.4240    -5.5763     1.5112  0.000e+00
        731    15.3995  39.075688     12.239     5.4263    -5.6852     1.3697  0.000e+00
        732    15.3984  39.074061     12.272     5.4265    -5.8409     1.3818  0.000e+00
        733    15.3959  39.072935     12.303     5.4295    -5.7164     1.3899  0.000e+00
        734    15.3927  39.073186     12.342     5.4278    -5.8097     1.3980  0.000e+00
        735    15.3903  39.071059     12.365     5.4360    -5.7942     1.3616  0.000e+00
        736    15.3875  39.070872     12.400     5.4383    -5.7164     1.3859  0.000e+00
        737    15.3846  39.069245     12.433     5.4350    -5.7008     1.3697  0.000e+00
        738    15.3818  39.068120     12.466     5.4317    -5.7008     1.3778  0.000e+00
        739    15.3794  39.064366     12.498     5.4307    -5.7008     1.4061  0.000e+00
        740    15.3752  39.062802     12.531     5.4265    -5.7475     1.3090  0.000e+00
        741    15.3709  39.062115     12.564     5.4185    -5.7319     1.3050  0.000e+00
        742    15.3677  39.060489     12.599     5.4133    -5.7164     1.3252  0.000e+00
        743    15.3647  39.059113     12.630     5.4089    -5.7786     1.3252  0.000e+00
        744    15.3617  39.057737     12.665     5.4125    -5.5296     1.3697  0.000e+00
        745    15.3590  39.056799     12.699     5.4118    -5.3895     1.3778  0.000e+00
        746    15.3567  39.054359     12.734     5.4113    -5.5918     1.3697  0.000e+00
        747    15.3541  39.050794     12.761     5.4157    -5.5607     1.3495  0.000e+00
        748    15.3504  39.046666     12.794     5.4124    -5.4829     1.3859  0.000e+00
        749    15.3462  39.045478     12.827     5.4232    -5.4829     1.3939  0.000e+00
        750    15.3422  39.048043     12.860     5.4218    -5.4829     1.3859  0.000e+00
        751    15.3385  39.048920     12.898     5.4292    -5.5296     1.4020  0.000e+00
        752    15.3357  39.048044     12.927     5.4297    -5.6230     1.3899  0.000e+00
        753    15.3329  39.047544     12.968     5.4285    -5.5452     1.4344  0.000e+00
        754    15.3298  39.044667     13.004     5.4298    -5.5140     1.4222  0.000e+00
        755    15.3257  39.041791     13.035     5.4256    -5.4829     1.4384  0.000e+00
        756    15.3211  39.037413     13.070     5.4221    -5.3895     1.4586  0.000e+00
        757    15.3160  39.032597     13.106     5.4182    -5.5296     1.3778  0.000e+00
        758    15.3092  39.031222     13.144     5.4117    -5.5140     1.3899  0.000e+00
        759    15.3034  39.031911     13.185     5.4070    -5.4673     1.3859  0.000e+00
        760    15.2993  39.032600     13.227     5.4074    -5.4051     1.3697  0.000e+00
        761    15.2965  39.035603     13.256     5.4006    -5.6852     1.3818  0.000e+00
        762    15.2953  39.036228     13.299     5.4029    -5.7631     1.3656  0.000e+00
        763    15.2950  39.037417     13.340     5.4056    -5.7475     1.3859  0.000e+00
        764    15.2945  39.038793     13.383     5.4095    -5.7475     1.3697  0.000e+00
        765    15.2936  39.042297     13.425     5.4119    -5.4829     1.3818  0.000e+00
        766    15.2912  39.046863     13.467     5.4122    -5.4985     1.3980  0.000e+00
        767    15.2880  39.050555     13.509     5.4072    -5.5452     1.3737  0.000e+00
        768    15.2845  39.058438     13.551     5.3989    -5.5140     1.3859  0.000e+00
        769    15.2806  39.064195     13.591     5.3947    -5.5140     1.3414  0.000e+00
        770    15.2745  39.065823     13.630     5.3891    -5.8097     1.4506  0.000e+00
        771    15.2668  39.065448     13.674     5.3903    -5.7475     1.4789  0.000e+00
        772    15.2549  39.063510     13.710     5.3905    -5.7475     1.4546  0.000e+00
        773    15.2382  39.067392     13.754     5.3906    -5.6697     1.4465  0.000e+00
        774    15.2197  39.067895     13.796     5.3947    -5.4829     1.5678  0.000e+00
        775    15.2043  39.066020     13.840     5.3898    -5.4206     1.5921  0.000e+00
        776    15.1920  39.062142     13.876     5.3832    -5.4829     1.5799  0.000e+00
        777    15.1779  39.056326     13.917     5.3719    -5.5763     1.5719  0.000e+00
        778    15.1618  39.054264     13.953     5.3618    -5.4829     1.8226  0.000e+00
        779    15.1486  39.053390     13.991     5.3503    -5.4206     1.8185  0.000e+00
        780    15.1392  39.053579     14.031     5.3449    -5.5452     1.8226  0.000e+00
        781    15.1332  39.052453     14.070     5.3400    -5.5452     1.8428  0.000e+00
        782    15.1280  39.051078     14.106     5.3447    -5.6852     1.5072  0.000e+00
        783    15.1230  39.050578     14.144     5.3500    -5.7164     1.5072  0.000e+00
        784    15.1178  39.049453     14.185     5.3566    -5.7475     1.5072  0.000e+00
        785    15.1108  39.048078     14.219     5.3662    -5.7008     1.5193  0.000e+00
        786    15.1018  39.046453     14.252     5.3744    -5.7631     1.5031  0.000e+00
        787    15.0937  39.045703     14.290     5.3806    -5.7164     1.5557  0.000e+00
        788    15.0872  39.044140     14.327     5.3805    -5.7164     1.5759  0.000e+00
        789    15.0795  39.042765     14.360     5.3768    -5.7164     1.5759  0.000e+00
        790    15.0719  39.040890     14.398     5.3687    -5.7164     1.5880  0.000e+00
        791    15.0654  39.039077     14.436     5.3628    -5.4518     1.6891  0.000e+00
        792    15.0576  39.037264     14.471     5.3512    -5.5140     1.7174  0.000e+00
        793    15.0493  39.035138     14.508     5.3431    -5.4829     1.6891  0.000e+00
        794    15.0436  39.035139     14.540     5.3348    -5.5763     1.7053  0.000e+00
        795    15.0398  39.033639     14.579     5.3324    -5.4206     1.8185  0.000e+00
        796    15.0376  39.035390     14.619     5.3283    -5.5140     1.8549  0.000e+00
        797    15.0337  39.034703     14.653     5.3255    -5.5763     1.8185  0.000e+00
        798    15.0278  39.034454     14.688     5.3249    -5.4518     1.8266  0.000e+00
        799    15.0225  39.034955     14.724     5.3267    -5.5140     1.7013  0.000e+00
        800    15.0164  39.035394     14.761     5.3323    -5.5452     1.6932  0.000e+00
        801    15.0097  39.033331     14.805     5.3378    -5.5763     1.6810  0.000e+00
        802    15.0003  39.032394     14.843     5.3447    -5.5452     1.7093  0.000e+00
        803    14.9910  39.031207     14.881     5.3489    -5.5452     1.6891  0.000e+00
        804    14.9840  39.030082     14.922     5.3485    -5.5452     1.7700  0.000e+00
        805    14.9793  39.030771     14.953     5.3538    -5.5607     1.7579  0.000e+00
        806    14.9772  39.030583     14.971     5.3466    -5.4051     1.7943  0.000e+00
        807    14.9758  39.031021     14.973     5.3420    -5.6385     1.7983  0.000e+00
        808    14.9760  39.034274     14.975     5.3360    -5.5140     1.8954  0.000e+00
        809    14.9783  39.035837     14.973     5.3352    -5.4673     1.8913  0.000e+00
        810    14.9817  39.036525     14.973     5.3315    -5.4829     1.8994  0.000e+00
        811    14.9850  39.037025     14.973     5.3356    -5.5763     1.9075  0.000e+00
        812    14.9878  39.040715     14.969     5.3378    -5.5140     1.8751  0.000e+00
        813    14.9918  39.049722     14.973     5.3406    -5.5140     1.9075  0.000e+00
        814    15.0016  39.052911     14.973     5.3446    -5.5140     1.9075  0.000e+00
        815    15.0123  39.050595     14.973     5.3507    -5.5763     1.8994  0.000e+00
        816    15.0194  39.052909     14.971     5.3455    -5.3739     1.8994  0.000e+00
        817    15.0252  39.052220     14.975     5.3390    -5.4362     1.8994  0.000e+00
        818    15.0272  39.050844     14.973     5.3439    -5.5452     1.8954  0.000e+00
        819    15.0271  39.051532     14.971     5.3401    -5.5452     1.8792  0.000e+00
        820    15.0295  39.054847     14.967     5.3431    -5.6385     1.8711  0.000e+00
        821    15.0352  39.055910     14.975     5.3442    -5.4673     1.8994  0.000e+00
        822    15.0400  39.056848     14.973     5.3457    -5.4829     1.8711  0.000e+00
        823    15.0435  39.058474     14.973     5.3465    -5.5140     1.8994  0.000e+00
        824    15.0444  39.061477     14.969     5.3491    -5.4362     1.8913  0.000e+00
        825    15.0492  39.064667     14.973     5.3499    -5.5296     1.8387  0.000e+00
        826    15.0565  39.066543     14.973     5.3419    -5.4829     1.8226  0.000e+00
        827    15.0655  39.069546     14.973     5.3402    -5.5140     1.8387  0.000e+00
        828    15.0756  39.072298     14.974     5.3362    -5.5140     1.8307  0.000e+00
        829    15.0825  39.070920     14.971     5.3321    -5.1094     1.8307  0.000e+00
        830    15.0846  39.072046     14.973     5.3318    -5.2183     1.8347  0.000e+00
        831    15.0849  39.076927     14.971     5.3335    -5.1716     1.8104  0.000e+00
        832    15.0906  39.081056     14.973     5.3306    -5.2339     1.8104  0.000e+00
        833    15.1032  39.084309     14.971     5.3314    -5.4362     1.8307  0.000e+00
        834    15.1108  39.083619     14.975     5.3373    -5.5607     1.8307  0.000e+00
        835    15.1157  39.081491     14.971     5.3423    -5.5452     1.8185  0.000e+00
        836    15.1191  39.085183     14.973     5.3420    -5.4985     1.8185  0.000e+00
        837    15.1281  39.085557     14.973     5.3444    -5.5140     1.8064  0.000e+00
        838    15.1308  39.084493     14.975     5.3422    -5.6074     1.8064  0.000e+00
        839    15.1248  39.079925     14.971     5.3454    -5.5296     1.8185  0.000e+00
        840    15.1207  39.078737     14.969     5.3497    -5.3739     1.8226  0.000e+00
        841    15.1278  39.081490     14.971     5.3515    -5.5763     1.8387  0.000e+00
        842    15.1360  39.087997     14.971     5.3547    -5.6230     1.7943  0.000e+00
        843    15.1461  39.086369     14.973     5.3560    -5.3895     1.8185  0.000e+00
        844    15.1530  39.086117     14.971     5.3595    -5.5140     1.8468  0.000e+00
        845    15.1502  39.086118     14.967     5.3583    -5.4673     1.8266  0.000e+00
        846    15.1498  39.085054     14.969     5.3571    -5.4518     1.8509  0.000e+00
        847    15.1438  39.087057     14.973     5.3553    -5.4518     1.8509  0.000e+00
        848    15.1406  39.088184     14.971     5.3487    -5.4673     1.8226  0.000e+00
        849    15.1525  39.083614     14.969     5.3473    -5.5452     1.8185  0.000e+00
        850    15.1549  39.078983     14.973     5.3466    -5.4673     1.8549  0.000e+00
        851    15.1439  39.085868     14.971     5.3428    -5.4829     1.8509  0.000e+00
        852    15.1382  39.097447     14.969     5.3388    -5.5140     1.8185  0.000e+00
        853    15.1414  39.094881     14.971     5.3331    -5.4518     1.8468  0.000e+00
        854    15.1493  39.091688     14.973     5.3329    -5.4206     1.8226  0.000e+00
        855    15.1595  39.090873     14.969     5.3328    -5.4673     1.8185  0.000e+00
        856    15.1599  39.093314     14.969     5.3389    -5.4673     1.8064  0.000e+00
        857    15.1590  39.092563     14.971     5.3431    -5.5296     1.8023  0.000e+00
        858    15.1587  39.089559     14.971     5.3504    -5.5140     1.8347  0.000e+00
        859    15.1567  39.088683     14.974     5.3530    -5.7631     1.7660  0.000e+00
        860    15.1532  39.084052     14.971     5.3644    -5.6541     1.7700  0.000e+00
        861    15.1405  39.088685     14.969     5.3682    -5.8097     1.7740  0.000e+00
        862    15.1293  39.085432     14.971     5.3721    -5.7475     1.7700  0.000e+00
        863    15.1271  39.085683     14.971     5.3666    -5.4829     1.7740  0.000e+00
        864    15.1267  39.082679     14.973     5.3638    -5.5607     1.7579  0.000e+00
        865    15.1300  39.089562     14.974     5.3589    -5.5296     1.7417  0.000e+00
        866    15.1379  39.091689     14.971     5.3575    -5.4518     1.7781  0.000e+00
        867    15.1421  39.092565     14.973     5.3551    -5.4518     1.8307  0.000e+00
        868    15.1345  39.090062     14.971     5.3447    -5.5140     1.8226  0.000e+00
        869    15.1263  39.089813     14.971     5.3502    -5.5763     1.8549  0.000e+00
        870    15.1293  39.089124     14.974     5.3495    -5.4206     1.8387  0.000e+00
        871    15.1310  39.090063     14.973     5.3524    -5.4829     1.8387  0.000e+00
        872    15.1195  39.091441     14.971     5.3561    -5.4829     1.9520  0.000e+00
        873    15.1114  39.089189     14.971     5.3620    -5.4518     1.9560  0.000e+00
        874    15.1074  39.086624     14.969     5.3639    -5.4829     1.9722  0.000e+00
        875    15.1060  39.084997     14.971     5.3626    -5.4518     1.9520  0.000e+00
        876    15.1159  39.086372     14.969     5.3631    -5.5140     1.8913  0.000e+00
        877    15.1275  39.086371     14.974     5.3638    -5.4829     1.9156  0.000e+00
        878    15.1348  39.086620     14.971     5.3648    -5.4051     1.8913  0.000e+00
        879    15.1376  39.086119     14.973     5.3626    -5.4829     1.8711  0.000e+00
        880    15.1388  39.087308     14.973     5.3595    -5.5296     2.0369  0.000e+00
        881    15.1388  39.087997     14.973     5.3602    -5.5607     2.0328  0.000e+00
        882    15.1369  39.090062     14.973     5.3626    -5.6230     2.0247  0.000e+00
        883    15.1364  39.093755     14.969     5.3608    -5.4051     2.0247  0.000e+00
        884    15.1382  39.095131     14.973     5.3583    -5.4829     1.9075  0.000e+00
        885    15.1399  39.092815     14.969     5.3615    -5.6385     1.8954  0.000e+00
        886    15.1413  39.091438     14.973     5.3592    -5.5452     1.8792  0.000e+00
        887    15.1442  39.091688     14.971     5.3582    -5.5140     1.9075  0.000e+00
        888    15.1468  39.090311     14.973     5.3600    -5.5296     1.9034  0.000e+00
        889    15.1499  39.086806     14.969     5.3574    -5.6852     1.9560  0.000e+00
        890    15.1493  39.083364     14.958     5.3668    -5.6385     1.9600  0.000e+00
        891    15.1509  39.093315     14.934     5.3621    -5.8097     1.9924  0.000e+00
        892    15.1633  39.072724     14.900     5.3591    -5.7786     1.9237  0.000e+00
        893    15.1847  39.082671     14.860     5.3584    -5.5763     1.9600  0.000e+00
        894    15.2044  39.093745     14.819     5.3599    -5.5296     1.9722  0.000e+00
        895    15.2173  39.109204     14.781     5.3610    -5.4985     1.9479  0.000e+00
        896    15.2291  39.148020     14.745     5.3642    -5.5452     1.9600  0.000e+00
        897    15.2520  39.149896     14.706     5.3650    -5.5452     1.7700  0.000e+00
        898    15.2692  39.145009     14.670     5.3691    -5.6074     1.7579  0.000e+00
